11 40 4 2048 0.0001 512 0.25 0.027686071395874024 -1.2125191351934954 0.7943697734987359 0.7792912220708739 2.94266461629464 1.7154196618596396
19 40 5 2048 0.0001 16 0.2 0.20598604679107665 0.26023752799490873 0.8181144076728907 0.8079627716097073 0.983888824374691 0.9919117019043031
5 1280 1 512 0.0001 512 0.0 0.262149973710378 0.6093052203782267 0.7949140223292059 0.7892177401746403 0.5196265584674725 0.7208512734728798
1 1280 2 2048 0.0001 512 0.0 0.29311755498250325 0.6531559542782274 0.8166928094569605 0.8078656765078815 0.4613048016096278 0.6791942296645547
21 5120 5 32 0.0001 512 0.0 1.1748185435930887 0.5131007594266568 0.7588890262499572 0.7581645591119447 0.6475791075183651 0.8047230004904576
32 2560 4 1024 0.0001 512 0.1 0.6479021350542704 0.01757608384067255 0.8299166635497609 0.8137089658989579 1.30663009883114 1.1430792180908285
2 10240 1 256 0.0001 512 0.1 2.1129105130831403 0.6120889684050932 0.8039326703402561 0.793249472358382 0.5159241557677445 0.7182786059515796
4 10240 2 32 0.0001 512 0.25 2.17680770556132 0.651521254039525 0.8090216615465198 0.7946818637323136 0.463478963393886 0.6807928931722819
36 40 2 1024 0.0001 4 0.2 0.4949167331059774 0.5659519783610919 0.7978661867137172 0.7898074251951053 0.5772866479357263 0.7597938193587299
9 10240 2 4096 0.0001 512 0.1 3.299840533733368 0.6351575393081104 0.8155837180824048 0.8064514572286332 0.4852428087615158 0.6965937185774186
37 1280 5 1024 0.0001 512 0.25 0.35366548697153727 -3.5152995372634175 0.8363175417138893 0.825363474544972 6.005377295466692 2.4505871328044413
3 20480 1 512 0.0001 512 0.2 4.103293347358703 0.6342451095788229 0.8118063776097348 0.7951476704507434 0.48645634614364336 0.6974642257088484
38 1280 5 256 0.0001 512 0.0 0.32054791450500486 0.6601371129108524 0.8198868710172361 0.8104879446394574 0.45201981592873836 0.6723241896055342
34 10240 4 1024 0.0001 512 0.2 2.5345133423805235 0.5259633878401 0.8220114369737812 0.8162683470739223 0.6304717293706613 0.7940224992849141
14 20480 5 1024 0.0001 512 0.0 5.053757139046987 0.6827877362459196 0.8304543527892263 0.8216938031395642 0.42189434186394975 0.6495339420414838
41 1280 4 2048 0.0001 512 0.2 0.3838157574335734 -2.9114752893291853 0.8269485200268039 0.8126781874888022 5.202287179501936 2.280852292346424
18 2560 3 256 0.0001 16 0.2 8.388743424415589 0.6214700319917383 0.8184465859360925 0.8039171423669723 0.5034472811317128 0.7095401899340958
35 10240 5 4096 0.0001 512 0.25 6.691405498981476 0.6160758406855691 0.7984471202030069 0.8064687848545503 0.5106215901072598 0.714577910452919
45 40 4 4096 0.0001 512 0.25 0.03739797671635946 -1.3461049632193354 0.7861556203330018 0.7665428268847398 3.120334622902597 1.766446892182892
31 2560 5 32 0.0001 16 0.25 9.632091510295869 0.11539714061114648 0.8102774057237703 0.8029425720995236 1.176527466990241 1.084678508586872
28 1280 5 1024 0.0001 8 0.2 10.708420026302338 0.6264486282403527 0.8032975653263996 0.8038806119015551 0.4968257162437175 0.7048586498325161
46 40 3 4096 0.0001 4 0.2 1.0522313674290975 0.1788791089026469 0.7516459925726864 0.7257556222595586 1.0920960426953277 1.0450339911674298
48 40 2 32 0.0001 16 0.1 0.13218176364898682 0.3848122529489142 0.7351358266445196 0.703546500050398 0.8182036425492558 0.9045460975258562
24 1280 1 256 0.0001 4 0.25 13.590758220354717 0.6398631391871457 0.8077036366198022 0.7901191321734795 0.4789843307930229 0.6920869387533787
42 2560 2 512 0.0001 16 0.0 7.576296297709147 0.6487841941265419 0.8136511430654748 0.810394167137922 0.46711927060321085 0.6834612429415517
53 1280 2 512 0.0001 512 0.0 0.2806062658627828 0.650026114843669 0.8159708656183028 0.8061307558672501 0.4654675080975665 0.682251792300736
54 40 4 4096 0.0001 16 0.25 0.349178683757782 0.4560050411473988 0.7773127518281109 0.7529996452557574 0.7235167784066242 0.8505978946638795
47 1280 5 32 0.0001 8 0.1 9.615595579147339 0.47854239959968337 0.8066502869419488 0.7924162601717126 0.6935419473611577 0.8327916590367351
27 5120 5 2048 0.0001 16 0.0 22.2043003877004 0.672548008467912 0.8235704983710174 0.8180109130860949 0.4355132453724147 0.6599342735245797
40 1280 5 1024 0.0001 4 0.25 20.44590361913045 0.6132768926249238 0.7991628081633386 0.7914319845326988 0.5143442089492375 0.7171779478966412
43 2560 4 2048 0.0001 8 0.2 20.531003646055858 0.6557972282706388 0.8121153489974472 0.8028755633247608 0.45779189028796874 0.676603200027881
7 5120 2 32 0.0001 8 0.1 29.951505633195243 0.6412743864961503 0.8012808535385499 0.7901690768605744 0.4771073628360042 0.6907295873466
25 2560 3 32 0.0001 4 0.2 32.201818648974104 0.525383156583009 0.7960749274532866 0.7896739104123909 0.6312434406577415 0.7945083011886921
29 5120 2 512 0.0001 8 0.2 31.416995561122896 0.6192132615434385 0.7959792863513001 0.7909091633892452 0.5064488002777745 0.7116521624205006
55 1280 2 32 0.0001 512 0.25 0.2942138950030009 0.04088801901337369 0.7849844105893329 0.7712391112688279 1.2756250757879999 1.1294357333589193
13 10240 3 1024 0.0001 16 0.1 35.73455299139023 0.6661461356416021 0.8166156955590866 0.8035971782500981 0.4440277772218094 0.6663540929729549
26 163840 4 512 0.0001 512 0.0 36.28199655214946 0.6696903289813477 0.8217935009526347 0.8154509640868752 0.43931397738691463 0.6628076473509601
49 5120 1 32 0.0001 8 0.25 28.04451487461726 0.6328269008459136 0.8044623030029514 0.7826163358425843 0.4883425728390282 0.6988151206428123
0 1280 4 4096 0.0001 4 0.0 41.80962452491124 0.6645857965011287 0.8189105524454616 0.8108927477408724 0.44610303826929815 0.6679094536457005
59 1280 4 256 0.0001 16 0.2 5.613287087281545 0.632830028819056 0.8234462815889865 0.808135028789218 0.48833841261472094 0.69881214400919
60 2560 1 2048 0.0001 512 0.2 0.555494737625122 0.6417980561688955 0.8153443801620368 0.8025937147489981 0.47641087881826066 0.6902252377436373
44 5120 5 2048 0.0001 8 0.25 47.686148484547935 0.5967534106048562 0.7732691856995799 0.7671563744049011 0.5363205458337459 0.7323390921108512
16 5120 2 1024 0.0001 4 0.25 61.85551126003266 0.6481728545120764 0.8078741540719733 0.802932404876399 0.4679323562047821 0.6840558136620009
10 10240 2 512 0.0001 8 0.1 63.28770947058995 0.6110693573666778 0.7876227825647019 0.7841305687519192 0.5172802449772809 0.719221971978944
64 1280 5 1024 0.0001 512 0.2 0.5835733215014139 -2.5065381132484674 0.8316143611162372 0.8186259075645678 4.663718142551759 2.159564340915028
61 2560 1 256 0.0001 8 0.1 13.6602525750796 0.639747896255758 0.8082016025848089 0.7911885421959031 0.47913760462965477 0.6921976629761579
65 40 4 4096 0.0001 4 0.25 1.329357655843099 -0.8690067116609779 0.778283393443246 0.7534139029453232 2.4857908935286877 1.5766391132813773
62 1280 2 512 0.0001 4 0.2 18.90979464848836 0.6560668069472708 0.818582703103226 0.804561641516676 0.457433348921969 0.6763381912342146
69 40 2 1024 0.0001 16 0.2 0.1377693772315979 0.6389529073343398 0.8130939856521908 0.7980983663558179 0.480194944985357 0.6929609981704288
70 40 3 2048 0.0001 16 0.25 0.1493944525718689 0.4478475086991981 0.7990539013623766 0.7846762402752013 0.7343663487944059 0.856951777403143
72 2560 1 1024 0.0001 512 0.2 0.5561491449673971 0.643370851295515 0.8120088708036117 0.8042505980583599 0.47431905122944346 0.6887082482658702
73 40 5 512 0.0001 4 0.25 0.6415037035942077 -2.927016065034356 0.8031002274648995 0.788868691761889 5.222956510695485 2.2853788549593883
66 1280 1 512 0.0001 4 0.25 13.621910794576008 0.6348122696036127 0.8084179534278981 0.7913095977442688 0.4857020196792171 0.6969232523594094
75 10240 2 4096 0.0001 512 0.2 3.2909454385439556 0.6297948154367269 0.812048546726599 0.7983656912147549 0.4923752658473157 0.7016945673491535
56 5120 2 32 0.0001 4 0.1 59.66809149980545 0.6248941726290416 0.7915603768865637 0.777396605672482 0.49889315215974894 0.7063236879503256
79 40 3 32 0.0001 8 0.25 0.2716580152511597 -1.0296863519949224 0.7403753549711329 0.7328920385192921 2.6994958439847645 1.6430142555634641
81 1280 4 32 0.0001 512 0.1 0.30339325269063316 -0.04494135358409923 0.7912882908960184 0.7700148430373044 1.3897786908975316 1.1788887525536629
57 5120 3 32 0.0001 4 0.0 59.36983524958293 0.6467791084028891 0.812206091183121 0.7992974208251362 0.46978604745398583 0.6854094013463675
74 1280 4 4096 0.0001 8 0.2 21.14329666296641 0.67208728484734 0.8282906196238786 0.818595201330771 0.43612601073773183 0.660398372755212
85 2560 3 1024 0.0001 512 0.2 0.6177898049354553 -1.0474337964645284 0.8259297884091323 0.8117917246912688 2.7231000587640395 1.650181825970714
86 1280 4 512 0.0001 16 0.2 4.853286921977997 0.5667272450702194 0.8193559817001483 0.8122453143753858 0.5762555382486496 0.7591149703757987
33 10240 1 4096 0.0001 4 0.1 106.74790791670482 -33.42813173502789 0.08962764957500194 0.6007450151389907 45.789635646670725 6.76680394622681
88 1280 1 256 0.0001 512 0.0 0.2646869421005249 0.5394043234288171 0.7683511193075026 0.7668602106458328 0.6125951989770139 0.7826846101572548
82 1280 4 512 0.0001 4 0.2 18.531021495660145 0.5802204306552226 0.8108702174589839 0.8038068874506623 0.5583095150253913 0.7472011208673279
68 2560 5 4096 0.0001 8 0.25 52.56232879161835 0.6111202391068805 0.7824185158985426 0.7699023721462912 0.5172125719370217 0.7191749244356492
89 1280 2 256 0.0001 8 0.1 7.643690315882365 0.6549853673644908 0.8146899637756595 0.7944269255635886 0.45887167049139094 0.677400672048228
90 10240 4 4096 0.0001 512 0.25 5.527449436982473 0.3296472837197072 0.8193127282621803 0.8142906886787264 0.891573404838599 0.9442316478696311
6 20480 2 32 0.0001 8 0.2 119.7981040875117 0.3766292263021085 0.6506259080593259 0.7024268288288633 0.8290871203844183 0.9105422123023283
58 10240 5 1024 0.0001 8 0.25 85.30903879006704 0.5563054823147531 0.7489841413982531 0.7425444580549418 0.5901165494426821 0.7681904382655919
97 40 4 256 0.0001 512 0.1 0.031068710486094157 0.40499623438638865 0.7824043783287188 0.7668841342301473 0.7913588180018697 0.8895835081665294
96 40 5 512 0.0001 16 0.0 0.17525182565053304 0.5995701486543579 0.79854419947141 0.7849163608117588 0.5325742661926822 0.7297768605489504
91 20480 4 2048 0.0001 512 0.2 9.353991496562958 0.5351456739473378 0.809325951368707 0.8093555335597241 0.618259230054989 0.7862946203904673
92 1280 1 2048 0.0001 4 0.1 13.432390375932057 0.5994248731688123 0.792238013652989 0.7726000277700812 0.5327674835186389 0.7299092296434119
101 2560 5 1024 0.0001 512 0.1 0.678333564599355 -0.0299117807150584 0.8355912028750085 0.8222881696626609 1.3697892627492048 1.1703799651178266
51 10240 3 2048 0.0001 4 0.0 124.77878280083338 0.6188401039597458 0.8053036729206083 0.802649432750538 0.5069451022533679 0.7120007740539106
102 1280 5 4096 0.0001 512 0.1 0.8408026377360026 -0.11050257547856424 0.8193278461933459 0.801084722688127 1.4769755357975924 1.2153088232204983
99 2560 2 2048 0.0001 16 0.2 8.283412023385365 0.6480718908215379 0.8151663861653977 0.8009981701827792 0.4680666385596564 0.6841539582284505
105 1280 3 2048 0.0001 512 0.0 0.330172069867452 0.6583365454593795 0.8193528360044211 0.8073454767823831 0.45441458216800873 0.6741027979232905
15 20480 4 256 0.0001 8 0.2 141.20697607199352 0.5375192322738438 0.7344735789134925 0.7439937984992334 0.6151023822831346 0.7842846309109561
100 2560 2 1024 0.0001 8 0.2 15.65259282986323 0.6715855063409304 0.8195139177645028 0.8075885094347508 0.4367933793640826 0.6609034569164263
106 20480 5 512 0.0001 512 0.0 4.871237091223398 0.6586404204504104 0.8193856646589841 0.8067970037299671 0.4540104264842636 0.6738029582038533
108 40 3 4096 0.0001 8 0.1 0.5332341472307841 0.5287859702876607 0.7615162480183795 0.7322960500582758 0.6267176766427581 0.7916550237589338
109 2560 2 1024 0.0001 512 0.2 0.5835780620574951 0.6506523529049257 0.8232601887134458 0.8123312770851266 0.46463460746636986 0.6816411133920619
111 1280 1 512 0.0001 512 0.1 0.28040447235107424 0.6566999014170696 0.8187635349019609 0.8062683256926158 0.45659132922351087 0.6757154202943062
110 5120 2 2048 0.0001 512 0.2 2.0123952865600585 0.6162227646206577 0.812396377612951 0.8001913297922097 0.510426180332856 0.7144411664600914
112 40 4 4096 0.0001 512 0.0 0.03458927869796753 0.6450837583276569 0.8124524159812936 0.800094050379257 0.4720408739091622 0.6870523079861985
107 1280 2 4096 0.0001 16 0.1 5.904916075865428 0.6099384162578889 0.7958751418045464 0.7810245576358112 0.5187844038932466 0.7202668976797745
98 2560 4 1024 0.0001 8 0.2 19.87197153568268 0.49393591817104765 0.80832756681299 0.8045594297831492 0.6730684690984413 0.8204075018540733
103 2560 1 1024 0.0001 8 0.2 13.831366586685181 0.624873813406625 0.8031776588767474 0.7868290311034924 0.4989202300559207 0.7063428558822696
117 40 2 32 0.0001 8 0.1 0.24572813908259075 0.32527744906583167 0.7688754569115976 0.7367948770803858 0.8973853129077662 0.947304234608801
114 2560 3 2048 0.0001 16 0.1 9.260762321949006 0.6443948391797532 0.8143117406999216 0.8037100503844149 0.47295714078693846 0.6877187948478204
83 5120 3 4096 0.0001 8 0.0 62.78110730648041 0.6039568832463154 0.798191871865161 0.7967997483851907 0.5267398810976579 0.7257684762358158
120 2560 3 512 0.0001 512 0.2 0.5857236504554748 -0.9472501005023162 0.8197476448792658 0.8078546178402478 2.5898551016704414 1.609302675592892
80 5120 3 1024 0.0001 4 0.25 68.14385271867117 0.6379134704653113 0.8187145919411649 0.8062992530997652 0.48157740267655114 0.6939577816240344
121 40 3 4096 0.0001 4 0.25 1.0320699373881022 0.241455379528286 0.7338839047887835 0.6979247526342541 1.0088692020950807 1.0044248115688306
113 1280 3 256 0.0001 4 0.0 15.62943529287974 0.6510736362774167 0.8151953146067272 0.806946074569672 0.4640742978835315 0.681229988978415
122 5120 2 256 0.0001 512 0.2 1.0970821301142375 0.5222352385680267 0.8102890101188922 0.793708996860796 0.6354301917733991 0.7971387531499138
84 5120 5 32 0.0001 4 0.0 67.02397763331732 0.6672695396995666 0.8219048209864033 0.8071251881231158 0.44253364263169886 0.6652320216523697
94 2560 5 4096 0.0001 8 0.1 52.16509385108948 0.6516598112326775 0.8082530293003443 0.7945409387056572 0.46329468143982855 0.6806575360927318
124 1280 5 512 0.0001 8 0.2 10.733004140853883 0.6592816400396967 0.8196491391656004 0.8131456154944068 0.45315760032486274 0.6731698153696901
126 1280 4 512 0.0001 8 0.0 8.741306066513062 0.6839381753807664 0.8293999416917508 0.8199595091567651 0.4203642504484836 0.6483550342586102
104 2560 4 2048 0.0001 4 0.25 40.90462605158488 0.6325644431554709 0.7971210662743725 0.789482185899688 0.4886916432478014 0.6990648347956013
129 2560 5 512 0.0001 512 0.0 0.6211704174677531 0.6553591676005288 0.8198324512100554 0.80716271386862 0.45837451378406363 0.677033613481682
131 40 3 256 0.0001 16 0.0 0.14385154247283935 0.6076973871099866 0.7961728125441162 0.7796066152717926 0.5217649870089901 0.7223330166958936
130 1280 2 32 0.0001 8 0.2 7.522789887587229 0.6351493914850985 0.7993803142775453 0.7879407209860446 0.48525364541829097 0.6966014968533236
127 1280 2 256 0.0001 4 0.0 14.171629377206166 0.6493789880247844 0.8138313091558415 0.8078996266175178 0.4663281909101562 0.6828822672394973
134 2560 1 1024 0.0001 512 0.0 0.5215292016665141 0.6412564188405012 0.8129446753375205 0.8004910565473139 0.4771312599330621 0.6907468855760858
78 5120 5 2048 0.0001 4 0.1 94.56814157565435 0.5959881489440015 0.7747510659115755 0.7669991987689877 0.5373383487425587 0.7330336613980006
93 20480 3 1024 0.0001 16 0.1 70.04371026754379 0.6098003849554545 0.7839263169526078 0.7793788435807597 0.5189679864092817 0.7203943270246383
137 40 2 2048 0.0001 4 0.0 0.46443729400634765 0.6087597699423579 0.7975719162982449 0.7823247620517544 0.5203520110396298 0.7213542895412973
138 1280 5 2048 0.0001 512 0.2 0.4265530506769816 -3.445585500845133 0.8198816322963756 0.802194459985189 5.912657180659992 2.431595603849454
136 20480 3 512 0.0001 512 0.25 4.687171602249146 0.6081729383388963 0.8318832222692638 0.8188771604932101 0.5211325008296442 0.7218950760530537
123 5120 2 512 0.0001 8 0.1 31.40229484240214 0.6454997924178543 0.8145017833452324 0.8060019003823702 0.4714875459053846 0.686649507321883
119 163840 5 512 0.0001 512 0.25 41.191718232631686 0.5387257122936397 0.7390758693937682 0.7217327134498285 0.6134977561318632 0.7832609757493751
118 10240 2 256 0.0001 8 0.2 60.26536186933517 0.512126333746109 0.7319002117106298 0.7406538592959482 0.648875099912621 0.8055278393157005
67 10240 5 32 0.0001 4 0.1 152.81479442119598 0.5600632028919454 0.7652122670245787 0.7657714785063904 0.5851187570147947 0.7649305569885377
116 20480 4 256 0.0001 16 0.25 73.07234330972035 0.5056202499881448 0.7272261420991526 0.7244219787257181 0.6575282329683657 0.8108811460185553
125 10240 2 2048 0.0001 8 0.1 62.89817018111547 0.5948534840456592 0.7745471174146401 0.7892235275440354 0.5388474603224735 0.7340623000280518
142 5120 1 1024 0.0001 512 0.25 1.0706324100494384 0.6278934168341599 0.8086989712947283 0.7971819714312222 0.49490413816315076 0.7034942346339099
143 2560 1 4096 0.0001 512 0.1 0.6060109575589497 0.6329092886738084 0.8097137372939595 0.7988274643129211 0.4882329965004092 0.6987367147219395
115 163840 5 4096 0.0001 512 0.2 105.6878110408783 0.5559683592638794 0.7598291356150945 0.7497224174364681 0.5905649252589013 0.768482221823577
148 10240 5 32 0.0001 512 0.1 2.448341691493988 0.55725858152087 0.8163507215147805 0.807072424054097 0.5888489213959698 0.7673649206185866
30 20480 3 4096 0.0001 8 0.1 261.94676454464593 0.35592250741823916 0.6729851731095966 0.7409900933113034 0.8566271890825331 0.9255415652916583
146 2560 5 1024 0.0001 8 0.25 21.24991617202759 0.6259927835761204 0.7921502237928182 0.7865355709267143 0.4974319925658637 0.7052885881437921
12 20480 3 2048 0.0001 4 0.2 266.450804634889 0.6113131825047047 0.7855953080725915 0.7848798250622062 0.5169559559825228 0.7189964923297768
139 10240 1 4096 0.0001 8 0.1 54.32937337954839 -1.2877437711553066 0.47388383599883604 0.7139536647117591 3.04271386377792 1.7443376576161853
151 20480 2 256 0.0001 512 0.0 4.219900143146515 0.636532088667358 0.8109607033989816 0.8113638279782878 0.48341464931264627 0.6952802667361172
135 10240 4 4096 0.0001 16 0.1 84.72598444620768 0.6422775057309001 0.8044774828168195 0.794586354688644 0.47577320783093807 0.6897631534308991
153 10240 1 4096 0.0001 512 0.0 2.289754029115041 0.6165819825272267 0.8030817571982423 0.7947954003691503 0.5099484182170914 0.7141067274694248
141 10240 2 1024 0.0001 8 0.25 63.175664615631106 0.6084725610370989 0.7824897440871812 0.7870902329086154 0.5207340007225876 0.7216190135539581
154 2560 5 4096 0.0001 16 0.2 26.204391078154245 0.6043371755360201 0.783663066933243 0.7837320880948444 0.5262340899173861 0.7254199403913474
150 10240 5 512 0.0001 16 0.2 41.748546890417735 0.6088396712340491 0.7810807852460444 0.7815281284707295 0.5202457418100823 0.7212806262544991
149 2560 5 2048 0.0001 4 0.25 47.352258276939395 0.616924224120396 0.7870707095409158 0.7840021125358662 0.5094932347068454 0.7137879479977547
87 10240 5 4096 0.0001 8 0.0 198.67979429960252 0.6547360708811703 0.815389019431403 0.8071385763350644 0.45920323641042193 0.6776453618305242
128 20480 3 1024 0.0001 8 0.0 131.89822808504104 0.5222385044693487 0.7520709972237872 0.7870698255891232 0.6354258481037296 0.7971360286072444
52 20480 4 1024 0.0001 4 0.1 301.84143408139545 0.561426334262517 0.7649573612767298 0.744854272448396 0.5833057835639723 0.7637445800553824
133 5120 3 4096 0.0001 4 0.1 130.9773562192917 0.6695485051997296 0.8200612685202964 0.8081368350382648 0.4395026039245468 0.6629499256539266
155 2560 1 2048 0.0001 16 0.25 7.4773389061292015 0.600840413246318 0.7985941867520665 0.7861008178398003 0.5308848061520276 0.728618422874434
158 40 4 512 0.0001 512 0.25 0.024111521244049073 -1.8251823992292007 0.7838166399859725 0.7821170065491387 3.757510680269486 1.9384299523762745
157 1280 2 2048 0.0001 4 0.2 15.331573979059856 0.6666944988368189 0.8185942648689093 0.8032137005187799 0.44329845066106904 0.6658066165645015
160 20480 4 256 0.0001 512 0.25 4.845773220062256 0.6148001431317729 0.819751542385359 0.8144790915129827 0.5123182760219429 0.7157641203790135
161 2560 1 512 0.0001 512 0.25 0.5281707286834717 0.635607677378969 0.8104936278732484 0.7992830076949867 0.48464412224509523 0.6961638616339513
144 20480 1 1024 0.0001 8 0.1 111.04432779947916 0.5525552106123696 0.7793839126022433 0.7687078928341047 0.5951044348193796 0.7714301230956564
147 10240 3 1024 0.0001 4 0.2 135.37348198095958 0.6042554027758957 0.7789994650998249 0.7751851944565084 0.5263428482119322 0.7254948988186838
152 20480 2 2048 0.0001 8 0.2 123.96186007261277 0.6019885855227812 0.7772535058003096 0.7786722138821094 0.529357729672726 0.7275697421366051
165 40 3 2048 0.0001 4 0.1 0.5901789387067159 0.28156761100402916 0.7633307761190051 0.7414240217721985 0.9555196773986686 0.977506868210484
166 1280 3 256 0.0001 512 0.0 0.3238989472389221 0.6305293471065999 0.8052606529102115 0.7990845783354091 0.4913983340232689 0.700998098444831
163 20480 1 256 0.0001 16 0.1 57.092549816767374 0.45316243920674526 0.7379169045381515 0.7505725994701454 0.7272974571885233 0.8528173644975361
168 40 5 4096 0.0001 8 0.25 0.8297730048497518 0.21808282233551912 0.7861641374552778 0.7638056223342223 1.0399548528130633 1.019781767248789
167 1280 4 1024 0.0001 8 0.1 9.93205258846283 0.6279023295830619 0.8238477465453586 0.8126205868076979 0.4948922841500438 0.7034858094873299
169 10240 2 256 0.0001 512 0.1 2.219072997570038 0.5810860431087662 0.8169935642306946 0.8031060259582512 0.5571582449197685 0.7464303349407555
132 20480 2 256 0.0001 4 0.1 239.88371671835583 0.571794668901438 0.759258148858938 0.759388450946785 0.5695158321070386 0.7546627273869027
164 20480 1 2048 0.0001 16 0.25 56.072044674555464 0.5258143543635281 0.7629027743376077 0.7603905951821979 0.630669944848745 0.7941473067691818
171 10240 1 32 0.0001 16 0.25 27.90500266154607 0.6299092195582614 0.8032883456384203 0.7832507411549662 0.4922231076331593 0.7015861370018363
172 5120 5 32 0.0001 8 0.1 37.990379667282106 0.43998491840445186 0.7843741790700591 0.7759328868025558 0.7448236442296148 0.8630316588802608
162 20480 2 512 0.0001 4 0.25 245.5328622341156 0.517860620451475 0.7287061706910989 0.7385555432357614 0.6412484618785534 0.8007799085132902
71 163840 2 512 0.0001 16 0.0 580.8282714247704 0.4838404849860497 0.7446364981034205 0.7796649681746742 0.6864954598743029 0.8285502156624563
76 163840 4 2048 0.0001 16 0.2 662.8253942290942 0.5223410490695322 0.7432646614079289 0.7189302861424388 0.6352894631289053 0.797050477152423
177 40 2 256 0.0001 8 0.0 0.23705252011617026 0.6060082926043229 0.793472582182112 0.777621363258155 0.5240114935165866 0.7238863816349819
176 1280 3 512 0.0001 512 0.0 0.31783500909805296 0.6550107231714317 0.8189513849246981 0.8114180891741447 0.4588379471058094 0.6773757798340663
178 40 2 256 0.0001 512 0.1 0.038995357354482015 0.5764001748010609 0.7661678857445826 0.7479339276482461 0.5633904797720537 0.7505934184177567
159 163840 1 2048 0.0001 16 0.0 437.71883881489435 -54.28429391127743 0.07542508108173943 0.5195991292594417 73.52846488051814 8.574874044586203
180 2560 3 1024 0.0001 4 0.25 36.12890653610229 0.5809629422532414 0.8234463571123392 0.8089525223629415 0.5573219698458161 0.7465399988251239
182 10240 2 512 0.0001 16 0.2 31.71933882633845 0.6027451139431834 0.7835453109338284 0.7798180569969528 0.5283515420296327 0.7268779416309403
185 1280 5 512 0.0001 8 0.0 9.167523860931396 0.6922384585701862 0.8344433760415736 0.8276785328896781 0.4093248206608652 0.6397849800213078
181 10240 4 32 0.0001 8 0.25 71.10894848108292 0.38271107975847196 0.719879585353878 0.7441665254346433 0.8209982163460969 0.906089518947271
187 5120 4 256 0.0001 512 0.25 1.2368713974952699 0.4017000213268741 0.8316769714569152 0.8176062766156554 0.7957428024762699 0.8920441706979929
173 10240 5 4096 0.0001 8 0.1 212.48349845409393 0.6286834484678792 0.7944795587638713 0.7763104254546869 0.49385339103182896 0.7027470320334543
183 5120 4 4096 0.0001 8 0.1 84.44776043097178 0.6661902560808364 0.8162417666238913 0.8120677858976363 0.44396909675513 0.666310060523725
191 40 5 1024 0.0001 8 0.1 0.3537214120229085 0.29364510969412605 0.7996061846702082 0.7721897880630889 0.9394565268101045 0.9692556560629938
190 2560 2 1024 0.0001 16 0.0 7.408745908737183 0.6335993960279802 0.8056150615032566 0.7991860969042883 0.48731514930068837 0.6980796153023582
193 10240 3 4096 0.0001 512 0.2 4.3987541953722635 0.46004441197497115 0.8180921562278931 0.8035730334924309 0.7181443893423596 0.8474340029420342
189 1280 1 32 0.0001 4 0.2 16.321947836875914 0.6231534189574961 0.7988146947057786 0.7865910092401122 0.5012083656887356 0.7079607091419238
196 40 2 32 0.0001 4 0.0 0.5508371988932291 0.5665825443419584 0.7769472341162609 0.7710580071552101 0.5764479911437376 0.7592417211558764
140 163840 4 2048 0.0001 16 0.25 669.4190240939458 0.5480254461504359 0.7492863688816036 0.7526304861037403 0.6011290505572747 0.7753251257100305
199 1280 5 256 0.0001 512 0.1 0.3573845664660136 -0.47046799548742824 0.8263321158302923 0.8157742089418141 1.9557318492235938 1.3984748296710934
200 10240 5 256 0.0001 512 0.2 2.4931105971336365 0.5360035715772689 0.8220811799639618 0.8175052925471841 0.6171182207141679 0.785568724373729
198 1280 5 512 0.0001 8 0.25 10.320987311999003 0.612845023977217 0.7999275458195054 0.8023685980067581 0.5149185970158893 0.7175782863325013
202 10240 2 32 0.0001 512 0.0 2.1315332849820456 0.5361194839026899 0.7648338198503702 0.7563569830249584 0.6169640565791856 0.785470595617166
175 10240 5 2048 0.0001 4 0.2 186.23438274463018 0.5781139444105123 0.7636434802076206 0.7484550283824329 0.5611111552184276 0.7490735312493878
203 1280 2 32 0.0001 4 0.25 14.81044345299403 0.6128455964298847 0.7991666845288162 0.7952620122610874 0.5149178356501759 0.7175777558217478
205 2560 1 32 0.0001 512 0.2 0.5197662154833476 0.5501066972385763 0.7765843400661081 0.7699406025152555 0.5983609732840539 0.7735379585282508
201 10240 1 2048 0.0001 8 0.2 54.68816092809041 0.2370956615525076 0.6767323448980662 0.7548418718346633 1.0146676549176026 1.0073071303815946
207 1280 1 2048 0.0001 16 0.25 3.4968304435412088 0.599683722900345 0.8011202529087285 0.7837331570993824 0.5324232117183175 0.7296733596057331
206 10240 3 512 0.0001 16 0.25 35.21226165692011 0.6286281098919351 0.799129740818922 0.7878964137035165 0.4939269916921606 0.7027993964796502
208 2560 5 32 0.0001 512 0.1 0.6276732762654622 0.4109648284900963 0.8151124409295099 0.8013810581184901 0.7834205496277662 0.8851104731205965
210 2560 5 4096 0.0001 512 0.0 1.5910968462626138 0.6516300255324909 0.8183638094770135 0.8073154340686444 0.46333429661179076 0.6806866361342719
209 2560 2 256 0.0001 4 0.0 28.27319900194804 0.6472544988515522 0.8129193732887745 0.8054139698934462 0.4691537751133974 0.684948009058642
211 163840 2 512 0.0001 512 0.25 35.117434779802956 0.5637770143507483 0.7673521302831952 0.7677543776484844 0.5801793639955096 0.7616950597158351
195 10240 3 512 0.0001 4 0.25 133.17795601685842 0.6112050548929233 0.786856065833704 0.7821578880915926 0.5170997663985196 0.719096493106815
213 1280 1 4096 0.0001 512 0.0 0.3071914116541545 0.6473632801503474 0.8143614942178791 0.8067734119056815 0.46900909528948653 0.6848423871880934
194 10240 5 32 0.0001 4 0.2 147.02008992433548 0.404115482765507 0.6775774529372927 0.7161673091333194 0.7925302232969863 0.890241665671174
216 1280 4 2048 0.0001 4 0.0 18.866262745857238 0.6718611440980999 0.824623390899757 0.8150634740387547 0.4364267793821726 0.6606260510925773
197 20480 3 2048 0.0001 8 0.25 173.50083181460698 0.5504593416180252 0.7426485394000422 0.7554181160658199 0.5978919540014485 0.773234734088846
218 40 5 32 0.0001 16 0.25 0.21535478830337523 -1.2100800007265118 0.7331938711482435 0.7213535352967577 2.9394205518360743 1.7144738411057996
212 10240 2 4096 0.0001 8 0.1 93.1141260266304 -1.0602337478181894 0.4619623808493999 0.7746620269370981 2.740124076020919 1.6553320138331522
220 1280 3 32 0.0001 4 0.25 16.273227087656657 0.4793394111768413 0.8013564713882054 0.7926621168169359 0.6924819168603707 0.8321549836781432
221 10240 5 256 0.0001 512 0.1 2.646181019147237 0.6182583637161883 0.8250272723075027 0.8231280017450047 0.5077188205021104 0.712543907771381
95 163840 2 2048 0.0001 8 0.1 1001.2295566121737 -1.5139709939109678 0.34998235377380826 0.6590724160163461 3.3435975185479707 1.8285506606457396
223 5120 5 1024 0.0001 512 0.25 1.3817246119181315 0.6183522721882202 0.8288133288891648 0.8215758071559105 0.5075939216330236 0.7124562594524829
188 20480 4 2048 0.0001 4 0.0 297.60656636158626 0.5606689042795989 0.772617181397852 0.774873588795429 0.5843131702909842 0.7644038005471874
226 40 5 4096 0.0001 512 0.1 0.04315319856007894 0.03085482699102504 0.7985259872946966 0.7893184477745596 1.2889692854190153 1.135327831694007
222 5120 3 4096 0.0001 16 0.1 33.08431241512299 0.6617383387647128 0.8197817677948691 0.804125893149675 0.44989017529065223 0.6707385297495979
224 2560 3 512 0.0001 4 0.25 33.990354474385576 0.6457522476826729 0.8131117516306312 0.7997805740140612 0.471151778786736 0.6864049670469583
232 2560 4 512 0.0001 512 0.25 0.6481661955515544 -1.0210670407604625 0.8322938307805345 0.8200477573244838 2.6880321048545452 1.6395219135023922
230 5120 5 1024 0.0001 16 0.1 21.208414645989738 0.6325302022861434 0.7969420592039935 0.7948808101455095 0.48873718382324693 0.6990974065344878
235 5120 1 4096 0.0001 512 0.1 1.200733192761739 0.6255250712059822 0.8117738563125922 0.8026992144382256 0.4980540530128521 0.7057294474604642
231 5120 4 512 0.0001 16 0.2 19.302472257614134 0.6190032917121258 0.8039811380772413 0.8024495465852775 0.5067280614978313 0.7118483416415545
156 163840 1 4096 0.0001 8 0.25 869.3735354383787 -9635.650721463295 -0.03126122256023571 0.4926981092710211 12816.807161832867 113.21133848618197
238 40 3 32 0.0001 16 0.0 0.13380832672119142 0.5713153386601599 0.7742384576420905 0.7505126246293443 0.5701533443970309 0.7550849915056125
217 20480 4 1024 0.0001 8 0.0 134.95541834433874 0.6644783927046802 0.8193472592894735 0.8111909003183296 0.44624588600626797 0.6680163815403541
236 1280 1 512 0.0001 4 0.0 13.181021908919016 0.605883945452695 0.796905383301347 0.7816307200710508 0.5241768760244312 0.7240006049889953
170 163840 5 2048 0.0001 16 0.1 779.2151921788851 0.5548124773035554 0.7534903890690698 0.7151061547769171 0.5921022556671021 0.7694818098351007
241 1280 3 2048 0.0001 4 0.25 17.1461155017217 0.5990471826778254 0.823597368269005 0.8075878459146928 0.5332698142899571 0.7302532535291829
240 20480 3 256 0.0001 16 0.0 60.88788995742798 0.6612027141212403 0.817767477800913 0.811157082706054 0.45060255949600914 0.671269364335964
244 40 4 2048 0.0001 4 0.2 0.6482985774676006 -0.1740636252093133 0.7843918347865348 0.7622174870753181 1.561512138913055 1.2496047930898213
145 163840 2 1024 0.0001 8 0.25 1008.2194212754567 -0.2401746427035989 0.42122396220159913 0.6252031148250944 1.6494402154811507 1.2843053435539193
237 10240 3 2048 0.0001 8 0.25 70.2036801815033 0.6354055621185657 0.8108363312516658 0.801051252170387 0.4849129368355507 0.6963569033445067
247 40 1 1024 0.0001 16 0.0 0.11912695169448853 0.5883041841103551 0.7894169432731167 0.7721762964885754 0.547558071170788 0.7399716691676702
186 163840 1 4096 0.0001 16 0.0 422.69811727603275 -12.005054878929622 0.19007404512507506 0.5750423123753793 17.296806258739686 4.1589429256410435
246 10240 1 32 0.0001 512 0.0 3.683635938167572 0.4473234923872579 0.7424140835058421 0.731743374712159 0.7350632938444982 0.8573583228991821
245 1280 2 32 0.0001 4 0.2 14.714090716838836 0.6259054570805441 0.7948709159597624 0.7886242931082575 0.49754813736412096 0.7053709218305791
251 10240 1 32 0.0001 512 0.2 2.1274773240089417 0.6516244513605407 0.817092879389542 0.7973987950412975 0.4633417102961755 0.6806920818521217
254 1280 5 256 0.0001 512 0.25 0.3312535325686137 -0.9290307503538853 0.8247894514981566 0.8138632343124507 2.565623249316775 1.6017563014755944
253 10240 1 1024 0.0001 512 0.0 2.104067560036977 0.628150139056897 0.8109190167608933 0.8014779283877502 0.4945626959631496 0.703251516858051
256 40 1 4096 0.0001 4 0.2 0.43749289512634276 0.39834244326398205 0.7096051518288625 0.6822406866757996 0.8002084027980749 0.8945436841194928
257 1280 4 2048 0.0001 16 0.2 6.057730237642924 0.6655042266948974 0.8263870005509857 0.8133669581712668 0.4448815202309906 0.6669943929531871
239 2560 5 4096 0.0001 4 0.2 103.87347285747528 0.6139110322727928 0.786292258501345 0.7738058219570775 0.5135007991572538 0.7165897007055388
261 5120 4 32 0.0001 16 0.0 20.198161812623344 0.6300364220696064 0.8049583293084611 0.7988868862203403 0.49205392747860854 0.7014655568726155
250 163840 1 2048 0.0001 512 0.2 61.07870761553446 0.5992174043164007 0.7896050112433362 0.7733866676611059 0.5330434184207438 0.7300982251866825
249 20480 3 256 0.0001 16 0.1 66.49316487709682 0.6055153650187992 0.784132489145801 0.7752197155458755 0.5246670903614876 0.724339071403364
259 5120 3 2048 0.0001 8 0.0 39.941508682568866 0.6178152849320075 0.7973797764928112 0.7821680607313819 0.5083081181220497 0.7129573045576079
262 2560 1 2048 0.0001 8 0.0 13.27023907105128 0.5636033976898638 0.7763239702751052 0.7744298317790117 0.5804102752661322 0.7618466218774828
264 10240 1 2048 0.0001 512 0.0 2.3621504227320353 0.6236834852110209 0.8076880460706423 0.8006435924362109 0.5005033741775988 0.7074626309407436
184 163840 2 2048 0.0001 16 0.2 537.9032924969991 -9.158899975055974 0.22821596802465663 0.7030144443039347 13.511402013008723 3.6757859041310774
234 5120 4 4096 0.0001 4 0.0 161.6866790095965 0.6637398259196425 0.819481735730268 0.8134535921107567 0.44722818455932023 0.6687512127535323
269 40 1 256 0.0001 4 0.0 0.4250421762466431 0.5926158951291156 0.7866111353352252 0.770375318739944 0.5418234679084825 0.7360865899528958
267 2560 2 256 0.0001 512 0.25 0.5864079435666402 0.4381104139299381 0.81691032647073 0.8024159650978959 0.7473167471829392 0.8644748389530716
268 1280 1 4096 0.0001 4 0.2 13.740065813064575 0.5358049835765818 0.7752462076423765 0.7675534047953511 0.6173823440266162 0.7857368160055987
265 2560 1 256 0.0001 4 0.0 26.670472514629363 0.5328469961369875 0.7663582041861667 0.7716718000711169 0.6213164862609056 0.7882363137162013
272 2560 4 256 0.0001 8 0.0 16.74088889757792 0.6877800575261762 0.8305475740380246 0.8258447846226248 0.4152545225959907 0.6444024539028314
258 163840 4 4096 0.0001 512 0.2 88.49101014931996 0.5672937382665277 0.792937402489531 0.7982787295067503 0.5755020986703735 0.7586185462209407
279 40 1 512 0.0001 16 0.1 0.14357962608337402 0.6444653336009045 0.812129957486862 0.7990617237556324 0.47286338275544015 0.687650625503562
274 5120 5 256 0.0001 8 0.0 33.25540436108907 0.6885882551895739 0.8311230005931222 0.8256667769359445 0.41417961452888175 0.6435678787267756
263 5120 4 512 0.0001 4 0.25 73.16776696840923 0.5941232048300824 0.7764433659406051 0.782268666512695 0.5398187363550784 0.7347235781946013
278 5120 2 256 0.0001 8 0.2 30.36955003341039 0.6188446045221818 0.7914879193247866 0.7818328725153986 0.5069391164765114 0.7119965705510887
281 5120 1 2048 0.0001 8 0.25 27.25824304819107 0.587446174373394 0.7888460257830645 0.7716927704692181 0.5486992296146771 0.7407423503585285
275 5120 2 1024 0.0001 4 0.2 61.90439116160075 0.6532157008431021 0.8112923860412327 0.8041300585811503 0.4612253382957944 0.6791357289200697
276 10240 4 1024 0.0001 8 0.0 70.69031157890956 0.6773794787524421 0.826048039236857 0.8174674166098398 0.42908735895868105 0.655047600528909
283 10240 1 256 0.0001 16 0.2 28.168343937397005 0.5677219637513586 0.7824975613318489 0.7728961788893169 0.5749325560336732 0.7582430718665837
248 20480 5 4096 0.0001 16 0.1 208.63032143513362 0.6062534862407276 0.7823047619050709 0.7719012185408176 0.5236853844102237 0.7236610977593197
286 10240 1 1024 0.0001 512 0.2 2.1164024074872336 0.6283888286737969 0.8098999253284721 0.7986339376293277 0.4942452372443725 0.7030257728165963
288 40 4 32 0.0001 4 0.25 0.5728270928064982 -0.3832389986590896 0.7680907022929007 0.7611143849788367 1.8397167249253892 1.3563615760280845
285 163840 4 32 0.0001 512 0.2 37.88851447105408 0.4538897424652073 0.7297148828550323 0.7353320110249051 0.7263301391979357 0.852250044997321
260 5120 5 4096 0.0001 4 0.1 207.15516715844473 0.6072568716949147 0.7812426652875135 0.7694269417174312 0.5223508753316014 0.7227384556889175
215 163840 2 256 0.0001 16 0.25 486.1676795204481 0.5083937224456536 0.7163825386584584 0.7277879375047099 0.6538394968416769 0.8086034237137986
282 20480 3 32 0.0001 8 0.2 129.35098352432252 0.43103507678744823 0.6705608335002662 0.7174357106297256 0.7567269908849623 0.8699005637916107
63 163840 2 4096 0.0001 8 0.25 1472.1467541734378 0.28502958940892076 0.5712601428901236 0.6392882273309578 0.9509152239535418 0.9751488214388313
289 5120 1 1024 0.0001 4 0.1 54.67781108220418 0.5811567080042843 0.7871174228397466 0.7741420852471775 0.5570642601562708 0.7463673761334098
277 5120 4 4096 0.0001 4 0.1 170.83750044107438 0.6491693473774001 0.8059837296101866 0.7996465060326756 0.4666070143134807 0.6830863886167552
174 163840 1 512 0.0001 8 0.1 893.0036531368892 -11.167388376564976 0.19601050887479313 0.5864837573583136 16.18270444711935 4.022773228398457
179 163840 1 512 0.0001 8 0.0 849.1390352924665 -55.36751148405185 0.0846157015021442 0.5270016907868978 74.96915118801671 8.658472797671465
280 20480 2 32 0.0001 4 0.2 235.98439585765203 -0.046080779207210876 0.5253640630026851 0.6671482841843215 1.3912941342718719 1.1795313197502946
192 163840 2 4096 0.0001 16 0.2 745.8585974256198 0.47063277699787853 0.6917197975214527 0.7097458728229472 0.7040617960658967 0.8390839028761645
233 163840 3 32 0.0001 16 0.0 481.16235158443453 0.6615451261079937 0.8189016749213726 0.8001831095159352 0.45014714936120553 0.6709300629433783
270 20480 4 4096 0.0001 8 0.2 337.67432630062103 0.6050140940675846 0.7811078597559694 0.7700247008526416 0.5253337839361794 0.7247991335095396
227 163840 3 512 0.0001 16 0.0 526.6016695102056 -12.404002294192189 0.20332153300073783 0.7613216426111727 17.827408875450026 4.222251635733004
23 163840 1 512 0.0001 4 0.25 1719.292015035947 -178.89104711482352 0.09478667357133116 0.5436521897979596 239.25624448291524 15.467910152406343
273 163840 1 32 0.0001 16 0.25 436.41579742034276 0.5197525719021552 0.758270181175543 0.7510223554828162 0.6387321543352169 0.7992072036307086
39 163840 2 2048 0.0001 4 0.2 1933.5438384811084 -0.01694660142180937 0.5111745763640416 0.5968672076804308 1.352545491274739 1.1629898930234686
50 163840 2 32 0.0001 4 0.25 1943.2915808995565 -4.7676582897207105 0.19676193216873886 0.5403656512077407 7.67102245493361 2.769661072213279
17 163840 2 2048 0.0001 4 0.1 1966.8773415168127 -12.928241582011088 0.1193083717151496 0.5999007981950097 18.5246504848887 4.304027240258674
266 163840 3 32 0.0001 16 0.2 645.4649354457855 -1.2728464221145224 0.31173882710558676 0.6208903954359999 3.022900294167788 1.7386489853238887
242 163840 1 1024 0.0001 8 0.0 862.2583179155986 -194.04750985740756 0.018910435846819253 0.4712058836223407 259.41443697551466 16.106347723041207
287 20480 4 4096 0.0001 4 0.0 646.6655175447464 0.6447462739702112 0.8087772978686814 0.8060696436548649 0.4724897302654356 0.6873788840700852
22 163840 3 2048 0.0001 4 0.1 2126.377655343215 0.4469734032197048 0.6972911078837035 0.6926240622956764 0.7355289146789216 0.8576298238044906
284 163840 1 32 0.0001 8 0.2 868.479070687294 0.27902895054252963 0.6923934828363782 0.7193691259417594 0.958896112067193 0.9792324096286811
20 163840 5 32 0.0001 4 0.1 2370.429134062926 0.07268180832906557 0.4564568043110908 0.6172221909131059 1.233339132426416 1.1105580274917723
8 163840 5 32 0.0001 4 0.25 2383.8434293150904 -0.057676126023484375 0.31750127993767385 0.5297312478942146 1.406716019781092 1.186050597479337
204 163840 1 1024 0.0001 4 0.0 1638.2507333993913 -47637.05113595248 -0.03694636599894466 0.44473187565349037 63358.913031386 251.71196441843205
252 163840 5 512 0.0001 8 0.1 1319.4853232383728 0.5254934578428492 0.7393588003079803 0.7205143185647299 0.6310967392759087 0.7944159737038957
77 163840 4 4096 0.0001 8 0.0 2583.241304608186 0.6157670251550106 0.7985507960904537 0.8025499861412414 0.5110323167402104 0.7148652437629139
291 5120 1 256 0.0001 512 0.1 1.0798914829889934 0.6239607827913021 0.808191532578767 0.7995145761952406 0.5001345666203225 0.7072019277549535
298 5120 4 1024 0.0001 512 0.1 1.2964346090952554 0.4116501633788745 0.8323659555008056 0.8186177978749698 0.7825090498375764 0.8845954159035511
304 1280 3 256 0.0001 512 0.25 0.3031189839045207 -0.8411533975246512 0.8142150855401062 0.8049572837823916 2.448745807386036 1.564846895829121
294 10240 4 512 0.0001 512 0.1 2.4433094183603923 0.6248769710530033 0.8276464611512955 0.8200310587363564 0.49891603036601945 0.7063398830350863
303 5120 5 2048 0.0001 512 0.25 1.67003253698349 0.42927642863317805 0.7952287632023847 0.8145698463120316 0.759066004190549 0.8712439406908659
314 40 1 2048 0.0001 512 0.2 0.02240821123123169 0.34781740288100316 0.6972158017078323 0.6752060470205234 0.8674070300130423 0.9313468902686272
310 40 1 32 0.0001 4 0.2 0.4293122132619222 0.5253425434741104 0.7563789027719353 0.7541711636426673 0.6312974563526176 0.7945422936210618
330 40 1 512 0.0001 512 0.25 0.02517932653427124 0.3432037791954259 0.6851177448447443 0.6716871052549657 0.8735431790553237 0.9346353187502191
324 1280 3 32 0.0001 512 0.25 0.2967900991439819 0.02027890197667903 0.7677522598130533 0.7496727925470005 1.3030353334044398 1.1415057307803758
327 40 3 32 0.0001 4 0.0 0.4983390927314758 0.5507651166525223 0.7651333706542873 0.7552619537558496 0.5974852712477273 0.7729717143904603
299 1280 5 1024 0.0001 16 0.2 5.479466787974039 0.6072269448019301 0.7999667258638811 0.801474540722222 0.5223906782908894 0.7227659913768005
335 40 2 4096 0.0001 8 0.0 0.36690100431442263 0.6149095604876936 0.8059395286300464 0.7969097070340756 0.5121727502379826 0.7156624555179506
322 2560 1 256 0.0001 16 0.1 7.074866839249929 0.642949218585611 0.8157642889612339 0.8002446694324308 0.47487982543327795 0.6891152482954342
296 1280 1 2048 0.0001 4 0.0 13.373693176110585 0.539921936311881 0.7702478857663121 0.7709252294191524 0.6119067705283274 0.7822446999042738
329 2560 2 256 0.0001 16 0.25 7.7575928886731464 0.6607990380778103 0.8205451591840396 0.804221218864679 0.4511394512184591 0.6716691530943334
293 5120 2 256 0.0001 16 0.25 15.66514208316803 0.6359609249360882 0.8042522512938937 0.7937872553654186 0.4841743007323262 0.6958263438044914
318 1280 5 4096 0.0001 16 0.1 13.095604983965556 0.655455127133922 0.8099376081977416 0.8046246390599638 0.4582468869902336 0.6769393525200271
306 2560 2 2048 0.0001 8 0.25 15.579705119132996 0.6716521765246106 0.8263704465855 0.8152315969832441 0.4367047075929069 0.6608363697564678
331 1280 2 1024 0.0001 4 0.0 14.4769158800443 0.6380471334284797 0.8090025116411859 0.7993857427173057 0.48139963007970954 0.6938296837695181
309 1280 5 2048 0.0001 4 0.25 23.5578706463178 0.638615658217675 0.8048238430431083 0.7994810712824879 0.4806434884698858 0.6932845652903905
312 10240 1 256 0.0001 16 0.25 27.928058775266013 0.6007838715691963 0.7900918063054345 0.7784738390838268 0.5309600069446289 0.7286700261055267
300 5120 3 32 0.0001 8 0.25 32.42926219701767 0.513830707368705 0.7753763710502057 0.7676722461794642 0.6466082720816744 0.8041195632999326
290 2560 5 256 0.0001 4 0.2 37.49447094599406 0.635999058458643 0.8035805371023226 0.8031663180467052 0.484123582903164 0.6957898985348695
311 2560 4 512 0.0001 4 0.0 33.22054438193639 0.6841256494444541 0.8296980700957242 0.8242588979594727 0.42011490874340573 0.6481627177980894
328 163840 2 1024 0.0001 512 0.1 35.4297105828921 0.651199674450534 0.8070860495886371 0.797159669784827 0.46390666630627864 0.6811069419014012
326 2560 4 1024 0.0001 4 0.25 37.51298632621765 0.6441544392018127 0.8062161714776008 0.800660622784367 0.4732768742968507 0.6879512150558721
333 163840 5 256 0.0001 512 0.2 40.46178222497304 0.49753882053181153 0.7111609252379743 0.7461602648086703 0.6682765858896856 0.8174818566119285
316 10240 2 4096 0.0001 16 0.0 44.894151326020555 0.6286014601893726 0.8045711301203096 0.7982761528691457 0.49396243596720346 0.7028246125223586
323 10240 1 512 0.0001 8 0.1 54.54948418140411 0.620658902915779 0.8004379583053207 0.7833656775739077 0.5045260879962982 0.7102999985895383
313 10240 3 4096 0.0001 16 0.1 65.8991058588028 0.6414649637389362 0.8035108814264822 0.7975258959946364 0.47685389388285615 0.6905460838226919
295 10240 4 512 0.0001 8 0.0 69.52267424662908 0.684835392148281 0.8319218109022988 0.818920751964536 0.4191709464029208 0.6474341251455015
301 10240 5 1024 0.0001 8 0.1 82.79161090453466 0.6269770033595801 0.7919660756337232 0.791136681571788 0.4961229739520244 0.7043599746947753
297 10240 5 512 0.0001 8 0.25 84.222960237662 0.5850271368357499 0.7688846141656871 0.7662482115329603 0.5519165650285428 0.7429108728700522
315 163840 5 4096 0.0001 512 0.1 107.63422745863596 0.5983841514518723 0.779549291573625 0.7742748772537604 0.5341516500657819 0.7308567917627788
317 10240 2 32 0.0001 4 0.0 110.12112322648366 0.6455818196982331 0.8119196097140986 0.7987248767395038 0.47137844909727017 0.6865700613173212
319 20480 2 256 0.0001 8 0.1 118.67708458503087 0.5376508826364506 0.7526123026603947 0.751607589683708 0.6149272864579267 0.784172995236336
305 10240 3 1024 0.0001 4 0.0 123.64963947931925 0.049263959768531485 0.6650419377593823 0.7930185634081619 1.2644850209535239 1.124493228504967
334 10240 2 2048 0.0001 4 0.1 122.83518536488215 0.44028256902759066 0.7058642462719888 0.7760559554813095 0.74442776699502 0.8628022757242936
225 163840 1 4096 0.0001 4 0.25 1716.3040748914084 -80369.46023156405 0.04341226446293842 0.5510663823122259 106893.22671012998 326.94529620431916
320 10240 5 512 0.0001 4 0.25 159.0744952281316 0.5814350482049017 0.7650311128209792 0.7515722432669478 0.5566940659072717 0.7461193375776235
321 10240 3 4096 0.0001 4 0.0 249.40516169468563 0.4427529954448758 0.740711257777305 0.7760387324507384 0.741142084042195 0.8608960936385964
332 20480 3 2048 0.0001 4 0.1 265.4480244914691 0.5715759301836074 0.7631868614688744 0.7742651434792148 0.5698067560023105 0.7548554537143588
325 20480 3 1024 0.0001 4 0.2 268.37333788871763 0.4605290571395584 0.698602172587381 0.7366056565376267 0.7174998081703353 0.8470536040713925
308 20480 5 512 0.0001 4 0.0 278.99209901094434 0.6879878908138779 0.8321780684643388 0.8229058296485993 0.4149781029926165 0.6441879407382728
228 163840 3 1024 0.0001 4 0.0 2005.7209204475084 0.4514164539494572 0.7368374922918792 0.773133836956117 0.7296196287600448 0.8541777500965738
302 163840 4 1024 0.0001 16 0.0 550.8663799643516 0.6637880562609955 0.8195788288905599 0.8123686760055102 0.4471640378965078 0.6687032509989075
255 163840 3 512 0.0001 4 0.1 2122.839260693391 0.14367434445109384 0.5705628954029824 0.6802330905077326 1.1389186048276605 1.0672012953644971
243 163840 4 2048 0.0001 4 0.0 2401.875309610367 0.49546724032900047 0.7517889110233337 0.7749945919209188 0.671031800823497 0.8191653073852048
219 163840 3 256 0.0001 4 0.2 2561.319798342387 0.16634603575718243 0.6101761594675463 0.6703367937337644 1.1087651102265181 1.052979159445484
307 163840 2 512 0.0001 8 0.0 942.2446944038073 0.48895309069763115 0.7456318171874692 0.7677524976749867 0.6796956615425154 0.8244365721767293
271 163840 2 4096 0.0001 4 0.1 2963.6325443426767 -7.573674379038501 0.2497283032358069 0.6188939133041137 11.4030418203014 3.3768390278930087
214 163840 5 4096 0.0001 8 0.25 3320.2218290805818 0.5544456392018994 0.7461258389634031 0.7383324200947806 0.5925901526911237 0.7697987741553787
292 163840 1 4096 0.0001 4 0.2 1752.87967594862 -242667.3356676427 0.04235490668342182 0.5603137375302972 322750.44021340495 568.1112921016488
229 163840 5 4096 0.0001 4 0.2 6668.490384670099 0.5679380066699169 0.7545744186142513 0.725653415116258 0.5746452175686947 0.758053571701034
