5 40960 1 64 1e-05 512 0.05 4.309086660544078 0.5700557106448234 0.7641745812581532 0.7532817983169164 0.5204605333989144 0.7214295068812436
3 40960 2 2048 1e-07 512 0.05 4.984856033325196 0.572550479873471 0.757955903800969 0.7516140989973984 0.517440539982101 0.7193333997404132
9 40960 4 512 0.0001 512 0.1 5.511020799477895 0.6521907971603 0.8092501334441579 0.7907743485848294 0.4210335332107648 0.6488709680751364
11 40960 2 4096 0.001 512 0.15 7.371633183956146 0.621361619969641 0.7998154438200981 0.7920872563029466 0.45835318229591643 0.6770178596580125
6 40960 1 64 0.001 128 0.0 14.60391450325648 0.25545794973511626 0.6483307578417098 0.6319526041128101 0.9012906141862146 0.9493632677675151
2 40960 1 128 0.0001 128 0.2 14.819638546307882 0.5664633213993765 0.7619025710322165 0.7680766496975474 0.5248092289605323 0.7244371808242122
10 40960 5 32 0.001 128 0.15 20.911725334326427 0.3583695622658556 0.7308375477916556 0.7241044470323428 0.7767130024425594 0.8813132260680986
13 40960 4 4096 1e-06 512 0.2 15.378854835033417 -0.25724887292609155 0.7671124088180334 0.7532377291748482 1.521937691042899 1.2336683877942642
1 40960 5 512 1e-07 128 0.05 22.24647127389908 0.4829316938824524 0.7597842119483035 0.7498986820207941 0.625926784163651 0.7911553476806252
18 40960 5 4096 1e-07 512 0.2 18.720437788963316 -1.8715485367575764 0.7649378571758425 0.7558907735164635 3.4760961364626763 1.8644291717473946
7 40960 1 4096 0.001 32 0.2 57.83863844076792 -0.27090054513968687 0.52975708229856 0.7233236775279632 1.5384634521193656 1.2403481173119768
8 40960 2 128 1e-06 32 0.0 59.78877497116725 0.5012847674989593 0.7273908504795676 0.7220773202011691 0.6037098348507931 0.7769876671162761
12 40960 1 1024 0.0001 32 0.1 57.95753634373347 0.5781476727753984 0.7698646180328098 0.7868744139872602 0.5106649691107149 0.7146082626941246
21 40960 5 256 1e-05 128 0.0 20.16953951517741 0.4680999925481575 0.7113630754056289 0.6886893493282256 0.6438810060914218 0.8024219626178124
24 40960 2 2048 0.001 512 0.05 4.866384482383728 0.6207990561542767 0.7954457344488535 0.790480294672219 0.45903418276659264 0.6775206142742762
22 40960 1 2048 0.0001 128 0.2 15.01293584505717 0.524865158156588 0.7515011601037312 0.791970815543347 0.5751650605549637 0.758396374302359
23 40960 4 512 0.001 128 0.2 21.068864218393962 0.5444092001824153 0.7469193539483003 0.7161719962637907 0.5515064080518952 0.7426347743352012
15 40960 3 1024 1e-05 32 0.1 73.06951495409012 0.6635989133641871 0.8181049950613515 0.8100232169111188 0.40722366437064894 0.6381407872645729
26 40960 5 32 0.0001 512 0.1 5.77124951283137 0.4151175809905573 0.6731603151761331 0.6759619013501849 0.7080178137261651 0.8414379440732187
17 40960 5 32 0.001 32 0.15 78.3452220082283 0.46126734674269965 0.6949717820806673 0.6974795309962559 0.6521521299753275 0.8075593662235164
25 40960 3 256 1e-06 128 0.05 19.132363835970562 0.6008638577092908 0.7846272247195052 0.7708385345714339 0.4831663419159827 0.6951016773940217
29 40960 4 256 0.0001 128 0.2 20.91333726644516 0.5834183897312836 0.7745734813041124 0.7691712262712326 0.504284607221576 0.7101299931854561
32 40960 2 256 0.001 128 0.05 16.89310392936071 0.597838701516791 0.773488882427719 0.7757264788369 0.4868283847539627 0.6977308827577884
28 40960 1 1024 0.001 32 0.2 57.747440020243324 -0.11168020997023187 0.5572023148221855 0.7413470957483466 1.3457224328246746 1.1600527715688949
34 40960 4 512 1e-06 512 0.2 5.396264243125915 -0.41093339739331247 0.7831715272092448 0.7628926427864838 1.7079774444707934 1.306896110817839
36 40960 3 32 1e-05 512 0.2 5.005068612098694 0.469428843923705 0.7434049086704536 0.7396136411694074 0.6422723914107556 0.8014189861806094
27 40960 4 256 0.0001 32 0.2 79.30741807222367 0.541201754432143 0.7491289558224729 0.7466666098729245 0.5553891178991139 0.7452443343623043
38 40960 1 256 1e-07 128 0.0 14.761963001887004 0.15673215456008494 0.4824593229067257 0.4945269405468524 1.020801167737448 1.0103470531146455
40 40960 1 64 1e-07 128 0.15 16.026132945219675 -2.58178252087611 0.014533888405562063 0.018293244353493974 4.335855801527099 2.0822717885826285
45 40960 4 2048 1e-05 512 0.05 7.373315743605295 0.6380007241064338 0.80058119862663 0.7928241171174424 0.43821104474757644 0.6619751088580117
31 40960 4 32 1e-05 32 0.2 73.18039242426555 0.39613671418000185 0.7050647232425015 0.6959733945940008 0.7309947256405238 0.8549822955129093
47 40960 1 1024 0.0001 128 0.0 14.774147240320842 0.5369674915668682 0.75034802773663 0.7348442941392936 0.5605148208424356 0.7486753774784073
49 40960 2 4096 1e-06 512 0.05 7.372970922787984 0.5766000688816162 0.76705604989665 0.7573499335562592 0.5125383903143228 0.7159178656202978
53 40960 2 1024 0.0001 512 0.05 4.82069597641627 0.6439201571163113 0.8028198142828883 0.7901346038210636 0.43104539250374596 0.6565404728603911
50 40960 3 128 1e-07 128 0.2 18.506960507233938 -0.010205388572648744 0.5392232450096184 0.563244548194995 1.2228841000947417 1.105840901800409
56 40960 1 128 1e-07 512 0.2 4.260158773263296 -7.815062631817197 -0.08627287642818784 -0.11345553481759751 10.670899260416418 3.2666342403789894
52 40960 2 64 1e-06 128 0.0 15.432294742266338 0.4526181529742932 0.6836090699748975 0.6636551660203066 0.6626222399724314 0.8140161177596126
55 40960 4 1024 0.001 512 0.05 5.865004511674245 0.6008941977574052 0.7781967787307813 0.7726839082741663 0.48312961437240126 0.695075258063759
4 40960 1 128 0.0001 8 0.05 217.11662600835163 0.510157610659379 0.7412339536840705 0.7668730906817481 0.5929689905173029 0.7700447977340688
33 40960 5 32 1e-05 32 0.2 77.80304539998373 0.2960149138081446 0.7201908276549749 0.7181428166015636 0.8521951855990673 0.9231441846207272
60 40960 1 128 1e-07 512 0.0 4.081650149822235 -7.68014850585355 -0.08740745968654896 -0.11555777637518481 10.50758164066759 3.241540010653515
54 40960 5 256 0.0001 128 0.0 20.83980857928594 0.6209100120725436 0.7879921665021741 0.7867164209886263 0.458899867280064 0.6774214842179601
46 40960 2 32 0.0001 32 0.0 58.83081506093343 -0.30718937546585035 0.5153696270805929 0.5275199699177622 1.5823921760391648 1.2579317056339605
43 40960 4 256 1e-07 32 0.05 79.16006219784418 0.4922133935238395 0.7435471558795415 0.7302208877098901 0.6146910067250207 0.7840223253996156
59 40960 3 4096 1e-06 128 0.1 29.966181182861327 0.49499354967615816 0.7690316255916686 0.7577650033827168 0.6113255438271691 0.7818730995674228
65 40960 2 4096 1e-07 128 0.0 19.370053164164226 0.5995710000299095 0.7764666440374938 0.7632633565090177 0.48473138514153385 0.6962265329198061
66 40960 2 256 0.0001 128 0.15 17.022071238358816 0.5852407268065984 0.7715900452193506 0.7688878498680111 0.5020786132132047 0.7085750582776709
51 40960 3 128 1e-07 32 0.05 70.02410231431325 0.46828146419454963 0.6953704145286773 0.7051998636527653 0.6436613291885848 0.8022850672850547
67 40960 1 4096 1e-06 512 0.0 4.171588989098867 0.6105118764632746 0.7825197417448947 0.769955470953486 0.47148712413994914 0.6866492002033856
71 40960 3 128 0.0001 512 0.1 5.06916301647822 0.591115821228086 0.7725240929870555 0.7712932461284777 0.494966634168286 0.7035386515098414
68 40960 4 1024 1e-06 512 0.1 5.883933039506276 0.3435344052199212 0.7742327667952903 0.7608516470877338 0.7946714076135263 0.8914434405017103
0 40960 2 2048 1e-06 8 0.15 265.2879054307938 0.6227503804643357 0.790927328342476 0.7861102096848951 0.45667204581910403 0.6757751444223915
35 40960 3 4096 1e-05 32 0.1 113.38947236935297 0.6557050836908077 0.8115777219684288 0.801588752070196 0.41677938334188813 0.6455845284251227
72 40960 2 256 1e-05 128 0.2 16.875510239601134 0.6288501448102115 0.7973947984138784 0.79182180035133 0.4492880970525707 0.6702895620943017
69 40960 5 2048 0.0001 128 0.0 24.659314024448395 0.6157934232302282 0.7859601199921794 0.7791973644662021 0.46509365243778367 0.6819777506911671
19 40960 3 2048 0.001 8 0.0 262.1576722462972 0.5507045213832362 0.7493856154194959 0.7378860651456786 0.54388573181263 0.7374860892333021
76 40960 4 256 0.001 512 0.15 5.529887064297994 0.49464658467968325 0.7260344571909354 0.7039388712713496 0.6117455554231062 0.7821416466491898
16 40960 3 32 0.001 8 0.1 273.5082632859548 0.4470147483687942 0.6805862908908867 0.6637368879420311 0.669405330298394 0.8181719442136806
57 40960 5 32 0.001 32 0.1 79.1713827252388 0.49252316695658105 0.7079074104540498 0.6876874906783031 0.6143160166390278 0.7837831438854932
20 40960 3 32 1e-06 8 0.05 269.00226603746415 0.533480122575809 0.7426092819946656 0.730093476646124 0.5647363862177256 0.7514894451805199
77 40960 4 512 0.0001 128 0.05 20.666619062423706 0.6047736826373764 0.7879491911020785 0.7792290532539405 0.4784333808837064 0.6916887890400613
58 40960 5 2048 1e-07 32 0.15 85.65809296369552 -0.4067946798058226 0.7780440757334157 0.7622366069906515 1.7029674019687682 1.3049779316022045
14 40960 4 2048 1e-06 8 0.0 299.47228569189707 0.5933195988664418 0.7735394500786946 0.7622291049878623 0.4922988948505445 0.7016401462648388
81 40960 2 32 0.001 128 0.1 16.371685405572254 0.37981492298153574 0.6332623412453038 0.6312163438733915 0.7507527463038983 0.8664598930728983
82 40960 5 4096 1e-07 512 0.05 19.016030641396842 0.4818120540997496 0.769113274500449 0.7604396518525832 0.6272821418994036 0.7920114531365083
86 40960 3 1024 0.001 512 0.05 5.381614704926808 0.6038089111967714 0.7785235428406361 0.7711139107744436 0.47960126581907425 0.6925325016337315
84 40960 3 64 0.001 128 0.1 17.777921946843467 0.4833626406741426 0.696017638614051 0.7066814067172766 0.6254051100709308 0.7908255876430218
88 40960 4 64 1e-05 512 0.2 5.5620213071505225 0.37015931928760615 0.7730438872344092 0.7568472035491471 0.7624411458785688 0.8731787594064395
87 40960 2 512 1e-06 128 0.0 16.370305256048837 0.5510251158620023 0.7555415292422567 0.7347720617408524 0.5434976425239607 0.7372229259348632
90 40960 4 32 0.001 128 0.2 19.193515781561533 0.39231434895892603 0.6713252385799805 0.6698272115577234 0.7356218140588634 0.8576839826293035
75 40960 2 64 1e-06 32 0.2 62.31269216140111 0.5176066054415416 0.7344496403368102 0.7301888299711946 0.5839517576022558 0.7641673622985058
74 40960 2 256 0.001 32 0.05 66.70999711354574 0.5175790170377017 0.7213857871018368 0.7146344711458644 0.5839851541974279 0.7641892136097106
73 40960 5 1024 0.001 32 0.0 77.89188187122345 0.5930202135165006 0.77681772175978 0.769541203803953 0.49266130984890616 0.7018983614804256
96 40960 2 32 0.001 512 0.1 4.8339418292045595 0.3776392258589537 0.6454189177421896 0.665093260559166 0.7533864933101251 0.8679783944950041
78 40960 1 512 1e-07 32 0.1 56.81207996209462 0.4541408024489425 0.6779229965243767 0.6706559216866368 0.6607790268460422 0.8128831569457213
94 40960 3 64 1e-07 128 0.0 16.267462480068207 0.024245203402267768 0.4113461927931179 0.4329047517335674 1.1811806191575607 1.086821337275617
99 40960 5 2048 1e-06 512 0.05 8.387097517649332 0.4942547135664429 0.7616537337487781 0.7499891159997735 0.6122199272281755 0.782444839735157
83 40960 3 256 0.0001 32 0.1 70.34551157951356 0.596067576988289 0.7746727297186569 0.7845959368559503 0.4889723844293684 0.6992656036366786
89 40960 5 4096 1e-06 128 0.2 51.72210170030594 0.49146165504921946 0.7842783782182896 0.7776940123006859 0.6156010088280003 0.784602452728769
100 40960 2 128 0.001 128 0.1 16.3789231022199 0.5676017947751266 0.7570239885645876 0.7572606219517456 0.523431072592199 0.723485364463027
102 40960 3 1024 0.001 512 0.15 5.380344390869141 0.5575939062938275 0.7507006511122567 0.7346416448036991 0.5355459235301792 0.731810032406074
85 40960 3 64 0.0001 32 0.1 68.37278490463892 0.5223916135024118 0.723363932340166 0.7113333863485611 0.5781593609840482 0.7603679115954646
101 40960 3 128 0.0001 128 0.0 16.68589696486791 0.5469612833382358 0.7474193695237953 0.7474833240844925 0.5484170343971159 0.7405518445032163
41 40960 1 32 1e-06 8 0.0 221.7743298490842 0.3985530380925688 0.667457782496712 0.6674528192137267 0.7280696926454694 0.85326999985085
92 40960 2 64 1e-05 32 0.15 60.57126075029373 0.5377237555240233 0.7349983385268476 0.7313951356218951 0.5595993405063167 0.748063727570263
104 40960 2 64 0.0001 128 0.15 16.35956497589747 0.5261409890508837 0.7303695039941129 0.7132948701059959 0.5736206287664457 0.7573774678233078
107 40960 2 512 1e-06 512 0.1 4.826215811570486 0.6114075137924622 0.7831763601075766 0.774770444918597 0.4704029281321826 0.6858592626276783
109 40960 1 32 1e-05 512 0.05 4.369479473431905 0.4631220378792994 0.7100424828706293 0.7148309594304088 0.6499069703996703 0.806168078256433
44 40960 2 128 0.0001 8 0.0 227.6017630338669 0.5701312926617208 0.7605885078789869 0.7608568124011298 0.5203690390872007 0.7213660922771465
106 40960 5 128 1e-06 128 0.2 21.57538661559423 0.08456246270364776 0.7675129336414214 0.76304268284227 1.108164757041473 1.0526940472147988
93 40960 4 128 0.0001 32 0.2 75.40922474066416 0.495519355150996 0.7427750590935859 0.7394474492606213 0.6106890404366749 0.781465956031787
110 40960 5 128 0.001 128 0.15 21.628374183177947 0.5376692896327329 0.7433235250894809 0.7190745242753853 0.5596652731109235 0.7481077951143963
37 40960 2 2048 0.0001 8 0.2 252.96980322996777 0.5666228949842517 0.7601220861822068 0.7749300367047105 0.5246160603218115 0.7243038453037589
98 40960 4 64 1e-07 32 0.0 67.90192710161209 0.34772692629176727 0.618097121395068 0.6049724914693565 0.7895962343704723 0.8885922767897954
95 40960 4 2048 1e-07 32 0.1 81.43012996912003 0.27846962228173633 0.7728007325873086 0.7603153153801244 0.8734342903216102 0.9345770649452138
97 40960 3 512 0.001 32 0.15 72.8353816986084 0.5017283145508638 0.7170509491975858 0.7179449721871205 0.603172907762942 0.7766420718470909
39 40960 2 1024 0.001 8 0.05 261.12496345043184 0.4295238692920128 0.6759422590990426 0.6784567198628463 0.6905785671090761 0.831010569793836
117 40960 2 512 0.001 512 0.15 4.841249008973439 0.5899216242668766 0.77105803591216 0.7827243306409457 0.49641224561796166 0.7045652883998484
120 40960 2 512 0.001 512 0.2 4.726796539624532 0.5921169648165294 0.7743465474672074 0.7774191848323825 0.4937547196506362 0.7026768244724143
118 40960 3 64 1e-05 128 0.15 17.789912017186484 0.5405245156118583 0.7623328870756729 0.7388532332473371 0.5562089359229152 0.7457941645808951
123 40960 1 256 0.0001 512 0.1 4.213352680206299 0.6074265923585533 0.7866790569926306 0.8022515519669039 0.4752219536296924 0.6893634408856423
105 40960 2 128 1e-06 32 0.05 62.30623175303141 0.5881808452375918 0.7681670245921581 0.7681385104746463 0.4985195111510611 0.706059141397561
108 40960 2 32 1e-06 32 0.05 60.577963781356814 0.49527761098222545 0.7090469602392723 0.7018140417162929 0.6109816790462331 0.781653170559829
112 40960 1 4096 1e-05 32 0.2 58.266167998313904 0.6177059227151039 0.7934254379513462 0.7937965488560498 0.4627785141124987 0.6802782622666248
125 40960 4 1024 1e-06 512 0.05 6.373120466868083 0.5252151512522583 0.7628530440678349 0.755120977842269 0.574741383353595 0.7581169984597331
30 40960 5 1024 0.0001 8 0.05 347.6596172451973 0.47148226621235145 0.7168815692058199 0.6965883967733222 0.6397866617799586 0.7998666524990016
128 40960 5 2048 0.001 512 0.2 9.373779598871867 0.5486925098142578 0.7637971958949138 0.7420041554504646 0.546321332517935 0.7391355305476358
113 40960 2 64 0.001 32 0.15 61.11436237891515 0.4774553466361473 0.6926949655291017 0.6835573170211479 0.6325560677230729 0.7953339347236938
127 40960 2 256 0.001 128 0.15 17.0564377228419 0.5646717063636385 0.7546809794504611 0.7517439646454547 0.5269780330131323 0.7259325264879184
42 40960 5 128 0.001 8 0.2 308.4899952252706 0.5673903015360577 0.7572612543070271 0.7558307027137899 0.5236870915387029 0.7236622772666148
115 40960 2 4096 1e-05 32 0.1 71.59817270835241 0.6383669324504506 0.7994449774372151 0.7878784525245045 0.4377677384988809 0.6616401880923505
135 40960 1 1024 1e-06 512 0.05 4.24560329914093 0.5978436974229202 0.773703061030311 0.7642238588333536 0.4868223370588702 0.6977265489135913
134 40960 3 128 1e-07 512 0.2 5.166150740782419 -0.4435584994336643 0.2594572383316304 0.2880605092891015 1.7474711147683615 1.3219194811970816
137 40960 4 128 0.0001 512 0.1 5.773159257570902 0.5457386862562239 0.7417532350208057 0.7503629453081652 0.5498970250498355 0.7415504197624295
124 40960 1 4096 0.0001 32 0.0 56.47758488257726 0.27361198846693424 0.6444685664462471 0.721742517705102 0.8793146026060232 0.9377177627655473
139 40960 5 2048 0.001 512 0.15 8.454127514362336 0.5155889873482411 0.7336670470088872 0.7264813609242095 0.5863941451743978 0.7657637659059077
122 40960 5 64 0.0001 32 0.15 82.34634780486425 0.4943947641219145 0.7281504277139922 0.7302319075964072 0.6120503918055447 0.7823364952535096
114 40960 3 4096 0.001 32 0.15 111.37238538662592 0.5389890306689175 0.7409996706423494 0.7358797269412507 0.558067686770909 0.7470392806077262
63 40960 4 128 0.0001 8 0.15 286.47221038341524 0.5411879638674708 0.7460877487808718 0.7356967511814841 0.5554058117937017 0.7452555345609329
140 40960 2 4096 0.0001 128 0.0 18.94243942499161 0.6124317741868718 0.7843933855380667 0.7679534200779593 0.4691630300234919 0.6849547649469211
131 40960 2 64 1e-07 32 0.05 61.98317111333211 0.2931353230467204 0.5621296546909171 0.556218246172721 0.8556810170911174 0.9250302790131345
143 40960 1 512 1e-05 512 0.0 4.083811604976654 0.5512617807131163 0.7546476586729023 0.7327505794482648 0.5432111525816653 0.737028596854739
145 40960 2 128 1e-06 512 0.2 4.68806893825531 0.43341536958190985 0.6873951191338906 0.6975278974560019 0.6858677886041691 0.8281713521996333
48 40960 5 512 0.001 8 0.15 355.7987701614698 0.5476557141718966 0.7405097964374276 0.7269519667234308 0.5475764049224512 0.7399840572082963
133 40960 3 2048 0.001 32 0.1 73.26752360661824 0.582089511000344 0.7660975153070348 0.7589629878777437 0.5058932550167695 0.7112617345371319
62 40960 4 1024 1e-05 8 0.05 311.81669739087425 0.6360787655171144 0.7976329032611371 0.7975603815450918 0.44053763360416537 0.6637300909286585
147 40960 5 64 1e-06 512 0.05 5.792218188444774 0.35798094506729883 0.6978421714563839 0.6950685523667334 0.7771834352857359 0.8815800787709168
80 40960 2 2048 1e-06 8 0.05 255.59939824740093 0.6102493162188565 0.7825098320611876 0.7777112710065565 0.47180496123708593 0.6868806018785841
64 40960 5 256 0.001 8 0.2 321.4450094103813 0.5915192551692104 0.770619982470811 0.771489614284829 0.49447826521122007 0.70319148545131
61 40960 5 2048 1e-05 8 0.05 336.3216202656428 0.6106594004380647 0.785855592793951 0.7709238442315681 0.4713085419177651 0.6865191489811229
153 40960 3 1024 0.001 512 0.2 5.279356559117635 0.592686959008285 0.7748231149972956 0.7550213826453661 0.4930647244851688 0.7021856766448379
149 40960 1 2048 1e-07 128 0.15 15.840589809417725 0.4696172254133387 0.6891908629724374 0.6928102855489487 0.6420443499342092 0.801276699982103
138 40960 5 1024 1e-06 32 0.0 79.7880600253741 0.565127902784845 0.7593776867027248 0.7484858868179094 0.5264257934821178 0.7255520611797046
91 40960 2 64 1e-06 8 0.1 247.16051245133082 0.5991088276570466 0.775775037004153 0.7684147475078971 0.4852908587423187 0.6966282069671875
158 40960 1 4096 0.001 512 0.0 4.369391051928202 0.5079379284282999 0.7350121582514985 0.7305820087075456 0.5956559828243673 0.7717875244031658
70 40960 4 512 1e-07 8 0.2 314.6902581055959 -0.38381910398012287 0.7808976780342464 0.7631529991783683 1.6751547742738517 1.2942777036918514
141 40960 3 256 0.0001 32 0.05 71.07059336105982 0.6290169209386152 0.7949065501654924 0.7902523239754358 0.44908620951761286 0.670138947918723
79 40960 4 128 1e-05 8 0.05 287.8610404928525 0.639120257360264 0.8002550422904251 0.7908444082720802 0.4368558159682381 0.6609506910263716
156 40960 2 256 1e-07 128 0.05 16.905790650844573 0.3869508955442974 0.6332919512386046 0.6279274721572159 0.7421144362291089 0.8614606411375443
142 40960 3 32 1e-07 32 0.05 69.03066050608953 0.1470550226691033 0.49851175687413873 0.5200395302621551 1.0325156278441416 1.016127761575355
146 40960 2 32 0.001 32 0.05 62.46326361099879 0.40770323028604494 0.6628307194926641 0.6560756835300604 0.7169931089400279 0.8467544561087517
157 40960 5 128 1e-05 128 0.15 21.429528160889944 0.47203682049445106 0.7677970983379105 0.761532402597675 0.6391153570909416 0.7994469069869128
148 40960 5 4096 0.001 128 0.2 53.37393483320872 0.5695020516152899 0.7826467968654246 0.7967282161423176 0.521130754357691 0.7218938664081382
159 40960 5 64 1e-05 128 0.15 20.758573671181995 0.4129569032101069 0.7553061428497516 0.7465212229726769 0.7106333793656181 0.8429907350413871
166 40960 3 128 1e-06 512 0.15 5.078979432582855 0.2775020197081405 0.7368237676573393 0.745308481177507 0.8746056024288767 0.9352035085631772
160 40960 4 1024 1e-06 128 0.05 20.86462057431539 0.5664324263040319 0.7703672401144336 0.760640110299395 0.5248466284055314 0.724462993123549
171 40960 1 256 1e-07 512 0.05 4.227889875570933 -1.700291349956324 -0.0033600427781344568 -0.021975128935564244 3.268784145123852 1.807977916105131
168 40960 2 1024 1e-05 128 0.2 17.023816712697347 0.6436411556578252 0.8031548012028591 0.7921361875611178 0.4313831321865326 0.6567976341206876
111 40960 1 64 1e-06 8 0.05 218.661878379186 0.5724556384736237 0.7637222265494109 0.7592663878097965 0.5175553483579184 0.7194131972364132
170 40960 1 512 0.001 128 0.1 15.122454241911571 0.5881303920140639 0.7756020426002462 0.7866386953203829 0.49858058630028207 0.7061023908048195
151 40960 5 32 1e-06 32 0.2 78.10364075104395 0.33165468580353175 0.7258750781631347 0.7148863430684872 0.8090521663703328 0.8994732716264185
150 40960 5 512 0.0001 32 0.15 84.38623191912968 0.5122685802944611 0.7450054180310082 0.7407346128608465 0.5904135980874803 0.7683837570429767
116 40960 1 256 0.0001 8 0.05 218.2859462936719 0.5837449078536537 0.7694794427977226 0.7838629132937885 0.5038893471836113 0.7098516374451856
119 40960 1 64 0.001 8 0.2 221.3010473926862 0.3143352836763018 0.6427446307094338 0.7155527116590046 0.8300178251602368 0.9110531406895191
154 40960 5 32 1e-05 32 0.1 78.162595252196 0.4611831766099769 0.72558437777301 0.7287047796138738 0.6522540204603455 0.8076224492052865
162 40960 2 512 1e-07 32 0.2 64.83110157251357 0.5389754217468965 0.7361612661664501 0.7321324226173359 0.5580841607815876 0.747050306727457
177 40960 3 512 1e-06 128 0.0 17.32786661783854 0.3888214560823081 0.6795206330339324 0.665843414145391 0.7398500662642743 0.8601453750757917
121 40960 1 1024 0.0001 8 0.1 233.5015754699707 -2.201682536766364 0.39735060447684994 0.7828942940484018 3.8757333033974577 1.9686882189410941
172 40960 1 32 0.001 32 0.1 55.888014086087544 0.41374788275414387 0.6710346915426421 0.6616381325214497 0.7096758747642323 0.8424226224195503
184 40960 1 256 1e-06 128 0.05 14.707833854357402 0.5686498790082248 0.7559785697110875 0.7576406669102579 0.5221623350080264 0.7226080092332401
129 40960 1 4096 1e-05 8 0.2 221.21172679662703 0.5205407098376854 0.7497285950512271 0.7864021977570413 0.5803999357107372 0.7618398359962133
103 40960 5 32 1e-07 8 0.15 318.0390979488691 0.06608424047408179 0.5880965387156575 0.5937231767949638 1.13053320252609 1.0632653490667745
179 40960 4 4096 1e-07 128 0.15 41.37339372634888 -0.2586934190612453 0.7718568966760372 0.7612208030173387 1.5236863577205029 1.2343769107207503
187 40960 2 128 0.0001 512 0.0 4.4178658604621885 0.32101347210019915 0.675629666386701 0.6696864483065037 0.8219336765965872 0.9066055793985537
173 40960 5 1024 0.0001 32 0.2 87.19389381806056 0.5088022540799992 0.7433599273918124 0.7331987454394182 0.5946096905468526 0.7711093894817082
180 40960 1 32 1e-05 32 0.0 53.71207273006439 0.2546287580323081 0.6337471500541714 0.6353910630524601 0.9022943757586285 0.9498917705500077
190 40960 5 1024 1e-06 512 0.05 6.579199890295665 0.5229614483212301 0.7773015630653201 0.7669365912408773 0.5774695587443294 0.7599141785388198
191 40960 2 2048 1e-06 512 0.2 4.964227302869161 0.6062545737522069 0.7856655735174477 0.7742595298324597 0.4766407175116999 0.690391713096051
182 40960 3 128 0.0001 32 0.0 64.11687954664231 0.5823592136508243 0.7637223755125521 0.7621685150418372 0.5055667718216128 0.7110321876129186
192 40960 1 32 0.0001 128 0.15 15.169120788574219 0.4718738486028803 0.7030791247860919 0.6976556974857964 0.6393126394824419 0.799570284266769
152 40960 5 4096 1e-06 32 0.0 181.2113418142001 0.5930531042405718 0.7727986383309664 0.7632766387434644 0.49262149463512644 0.7018699983865434
163 40960 4 4096 0.0001 32 0.15 152.62145255804063 0.4888562598285138 0.724708115858606 0.709002386798374 0.6187549183457128 0.7866097624271599
136 40960 2 4096 0.001 8 0.0 255.22409264643986 0.40886285250339294 0.6901846361682278 0.7134970669923332 0.7155893512608938 0.845925145187737
132 40960 5 64 0.001 8 0.0 282.3887417912483 0.5053988397770511 0.7286810091727757 0.7236346243938878 0.5987296262393269 0.7737762119885354
126 40960 4 64 1e-05 8 0.15 300.7761202931404 0.5084343789001673 0.7379587039221803 0.7223615855797192 0.5950550145505896 0.7713980908393471
183 40960 5 2048 1e-05 32 0.2 89.2620667219162 0.6019175152580062 0.7776273512698544 0.7796342433936647 0.4818908576651124 0.6941835907489549
197 40960 5 256 1e-05 128 0.1 22.24283771912257 0.6167358509686969 0.8010284494109589 0.7880578036840848 0.4639528152279466 0.6811408189412426
199 40960 1 512 0.0001 32 0.1 55.82756679455439 0.5876239118436087 0.7761355597858536 0.7848277610405051 0.49919369582678935 0.7065364079980517
196 40960 3 1024 1e-05 32 0.15 72.16449517409006 0.6528319472166744 0.8127458804663702 0.8023325981937588 0.4202574017244511 0.648272629164961
175 40960 5 4096 0.001 32 0.15 190.44812887907028 0.46426624447053766 0.6857302180876413 0.6362335839212548 0.6485218738010211 0.8053085581322361
144 40960 3 2048 0.001 8 0.05 285.30287295182546 0.5568910638888711 0.7492314976583592 0.7325571250656392 0.5363967354656687 0.7323911082650231
167 40960 1 4096 1e-07 8 0.15 227.10824197530746 0.6303824961652149 0.7941332967590211 0.7842956107770733 0.4474331395073136 0.6689044322676548
181 40960 1 256 1e-05 8 0.1 217.01033523877462 0.567727809146286 0.7669303712026765 0.780811360924223 0.5232785283941405 0.7233799336407808
165 40960 5 64 1e-07 8 0.0 289.5668258865674 0.4131295133911024 0.6682109382792089 0.655281127147206 0.7104244295339883 0.842866792283329
169 40960 3 1024 1e-05 8 0.2 284.54647167921064 0.6451379953317141 0.8095940255177098 0.8063897468934975 0.42957116260262845 0.655416785414158
174 40960 3 1024 1e-06 8 0.05 282.36797226667403 0.6455799904437913 0.8046809280906142 0.7961349600205726 0.4290361141847592 0.6550084840555572
161 40960 5 128 1e-06 8 0.1 311.1371546427409 0.5197323685297657 0.7857666637758048 0.7722869130443794 0.581378457251096 0.7624817750288173
164 40960 4 1024 0.0001 8 0.2 315.87386649449667 0.5570285636942329 0.7525109144540953 0.7084945759570772 0.5362302878030003 0.7322774664039583
176 40960 3 512 1e-07 8 0.05 277.2124072670937 0.569428966312232 0.7718182684509681 0.7567753129382389 0.5212192263219776 0.7219551414887061
186 40960 2 64 1e-05 8 0.0 226.6202974597613 -0.01264829141611723 0.5894711821333475 0.5912741623324872 1.2258413076875212 1.107177179898286
189 40960 2 64 1e-06 8 0.0 222.32109034061432 0.39990990991761155 0.6843386709189487 0.6587030652828992 0.7264271583653308 0.852306962523087
198 40960 5 4096 1e-07 32 0.2 187.70067125558853 -0.9723185758362194 0.7640699130524713 0.7524670726150875 2.3875511395949807 1.5451702623319479
193 40960 1 32 0.001 8 0.1 223.3966372847557 0.4084305639719986 0.6822166141503722 0.6826909191837932 0.7161126495700053 0.8462343939890444
185 40960 2 512 0.001 8 0.2 250.9923850138982 0.38286923892339353 0.6369959111515096 0.6473112894578463 0.7470554047095902 0.8643236689513889
178 40960 5 64 1e-06 8 0.2 308.716196501255 0.29222512794305533 0.757956041555895 0.7491387296103286 0.8567828357240875 0.9256256455630902
155 40960 3 4096 1e-07 8 0.05 422.3742001255353 0.5435831418395503 0.7581268757795874 0.7477407288687222 0.5525063765975665 0.7433077267172503
188 40960 4 512 0.001 8 0.05 312.7248164892197 0.5850932169157432 0.767246298444164 0.752129452553547 0.5022571783863605 0.7087010500813163
194 40960 3 4096 1e-06 8 0.05 417.37374959786735 0.6581206040764247 0.8123120582950772 0.8048616340193213 0.41385532304044836 0.6433158812282255
195 40960 3 4096 1e-07 8 0.2 416.24062007665634 -0.0885292436541969 0.7707785395761898 0.7591860794848552 1.3176974896497924 1.1479100529439545
130 40960 5 4096 0.001 8 0.1 725.0366602977117 0.14981644487770063 0.3942186031393959 0.41680147492969033 1.0291728429503553 1.0144815636325557
