4 1280 2 128 0.0001 32 0.0 1.8535896261533102 0.45017912960648987 0.7042586158349127 0.7053603573189956 0.665574751342877 0.815827648062308
1 20480 1 2048 1e-06 512 0.0 2.0633270064989726 0.5558049511691578 0.747504377574411 0.7440601971068271 0.537711507680183 0.7332881477837911
8 1280 1 2048 0.001 128 0.15 0.4927356998125712 0.5805994513593542 0.7744450716390864 0.759119504334419 0.5076970171663003 0.7125286079634279
7 20480 4 512 0.0001 512 0.1 2.713644504547119 0.6497816308522535 0.8091556336197663 0.803083577369154 0.4239499017096073 0.6511143537886469
9 20480 2 4096 0.001 512 0.15 3.480879211425781 0.6429275695768688 0.8089529098387543 0.8036430300033927 0.4322469496659498 0.6574549031423751
10 1280 4 64 1e-05 512 0.15 0.18358530203501383 -0.2711433653497586 0.44512519236493414 0.439230579866984 1.5387573933093825 1.2404666030608735
11 5120 2 256 0.001 512 0.05 0.5922527472178142 0.5927483877142008 0.772078783230154 0.7708229976366954 0.49299036318339445 0.7021327247631992
6 5120 5 64 1e-05 32 0.0 11.280725967884063 0.3180029008820132 0.6733856454329805 0.6632080794497045 0.825578063883141 0.90861326420163
12 1280 1 1024 1e-05 32 0.1 1.8151249925295512 0.6154632360849619 0.7848089388834993 0.7757762052269734 0.465493353938656 0.6822707336084818
15 1280 1 4096 0.001 128 0.1 0.4828686436017354 0.5615190801785408 0.7786833832114491 0.7636868712129322 0.530794382122837 0.7285563685280892
16 20480 5 32 1e-07 128 0.0 9.311052298545837 -1.8473216982664784 0.012408034055467818 0.012948989743504549 3.4467688175615296 1.8565475532723448
17 5120 1 64 0.001 512 0.1 0.5434334476788839 0.5402914025714174 0.7454665765411553 0.7477391300812427 0.5564911262912352 0.7459833284271407
3 5120 1 128 0.0001 8 0.05 28.11773349046707 0.6300984851458838 0.7984623989248876 0.7999288007207718 0.4477769434146382 0.6691613732237077
18 20480 1 32 0.0001 128 0.2 7.328485083580017 0.5397950757087202 0.7371760321637 0.7420165863672912 0.5570919449323828 0.7463859222495979
2 20480 4 128 0.001 32 0.0 33.35407334168752 0.6170403282480204 0.7883228578397402 0.7716860378457074 0.46358423629544765 0.6808702051752945
20 5120 3 256 1e-06 128 0.05 2.3553107500076296 0.4631987443437753 0.6921268035466684 0.6837699622423257 0.6498141149102388 0.8061104855478799
19 1280 5 2048 0.001 32 0.2 2.690925594170888 0.5494040977661994 0.7761432341148644 0.7701909961825213 0.5454599338339725 0.7385525938171043
25 1280 3 64 0.001 512 0.15 0.17333356539408365 0.5021132915404458 0.7616516453128978 0.7496354970049071 0.602706881502552 0.7763419874659312
0 5120 2 512 0.0001 8 0.2 39.982463053862254 0.6207438883097933 0.7898464458132577 0.7830149000167413 0.45910096510671705 0.6775698968421761
28 1280 2 256 0.001 512 0.1 0.15944169362386068 0.5942043762742413 0.7736845220041381 0.7597256907565255 0.49122784510525486 0.7008764834871083
13 5120 3 128 1e-07 8 0.2 33.22081320285797 -0.12692660379444032 0.4119130312220682 0.44266293061857065 1.3641786525224833 1.1679805873911104
27 1280 1 128 1e-06 8 0.15 6.9451367656389875 0.19976867348394056 0.5046170346461459 0.5184099148802941 0.9687041631968463 0.9842276988567464
23 5120 5 32 0.001 32 0.2 9.883984283606212 0.4290586268900588 0.7466608168436777 0.7518025141015736 0.6911417570726964 0.8313493592183111
31 5120 1 256 1e-07 128 0.0 1.822969663143158 -9.800861930076064 -0.12809456785353068 -0.14654395850812862 13.07476922120848 3.6159050348714192
33 1280 2 32 1e-05 32 0.15 1.9364593585332235 0.3101848080371927 0.6008968909281289 0.6100247828888243 0.8350421011384798 0.9138063805525106
5 5120 5 2048 1e-07 8 0.2 54.99425824483236 -1.564183065821899 0.7637633808866068 0.7582760004579557 3.1040209608823375 1.7618231922875625
14 20480 5 32 0.001 32 0.15 49.27112170060476 0.46509454664269567 0.7109871547181997 0.7156596632507015 0.6475191890322959 0.804685770367723
34 1280 1 1024 1e-06 8 0.0 6.780426307519277 0.4611341209072892 0.6829920366263503 0.6743689688781052 0.652313403868427 0.8076592127057222
39 5120 1 32 0.0001 128 0.0 1.8083044211069743 0.3419850424549412 0.6589504377178027 0.6651118663870565 0.7965469579837829 0.8924947943734927
40 1280 5 512 0.001 512 0.15 0.2562371492385864 0.5878327306633007 0.7692495685000081 0.7504257079653808 0.49894091434562676 0.7063574975503741
41 5120 2 256 1e-06 128 0.1 2.6226972222328184 0.4015640991330961 0.6413384413760067 0.6398820980774558 0.7244247124141936 0.8511314307521451
42 20480 1 2048 0.001 512 0.1 3.375817815462748 0.5963461131675891 0.7775160238375378 0.7865970448568095 0.48863520798107357 0.6990244687999653
36 5120 4 256 1e-07 32 0.05 9.940019655227662 0.18860311998653512 0.5136372789770806 0.5163455522876103 0.9822204025628101 0.9910703317942728
35 1280 3 2048 0.001 8 0.2 11.524456755320232 0.5702013400067399 0.7674988995188714 0.7537933290527428 0.520284244662773 0.7213073163796226
46 20480 1 256 0.001 512 0.05 3.3706624865531922 0.5975000486218642 0.7820595506231591 0.7953164628200737 0.4872383343002051 0.6980245943376244
50 1280 3 4096 1e-06 128 0.1 1.373824175198873 0.5552790963629056 0.7766600401248058 0.7663103584834485 0.5383480707878427 0.7337220664446741
51 1280 3 32 0.0001 512 0.0 0.1590774615605672 0.401464782317831 0.6618844711580497 0.6750942034756222 0.7245449384153946 0.8512020549877652
52 1280 3 32 1e-06 512 0.15 0.17152686516443888 -30.316515639755025 -0.08394017061182646 -0.05009829263789361 37.9095869804605 6.157076171403152
44 20480 2 128 1e-07 128 0.05 10.147901463508607 -0.03727071358593026 0.33866384771899316 0.3858578064924854 1.2556474925662502 1.120556777930619
55 1280 5 512 1e-06 512 0.0 0.18280690908432007 0.2595655443930608 0.5412991964512626 0.5450704750005639 0.8963182469293623 0.9467408552129576
57 1280 2 256 1e-07 512 0.05 0.19836803674697875 -38.72249378226562 -0.044391480637845496 -0.034187938536498395 48.08527712476316 6.934354845604828
59 1280 1 512 0.001 512 0.1 0.34656149546305337 0.6192997733934694 0.7890405508849871 0.7818984544213097 0.4608491097809178 0.6788586817452641
56 20480 1 64 0.0001 512 0.1 2.1198637167612713 0.6208555677550749 0.7907975427599617 0.7850682760698212 0.4589657737689088 0.6774701275841679
48 1280 5 64 1e-05 8 0.0 9.317978012561799 0.41786620713686395 0.7047204332163192 0.6909787720045887 0.7046905188518304 0.8394584676157781
47 1280 3 32 0.0001 8 0.2 10.8117045879364 0.49774370469184437 0.7265769409096579 0.7291705108104084 0.6079963982103255 0.7797412379823998
64 5120 5 2048 0.0001 512 0.2 1.1117241700490317 0.6266724672282145 0.7925774853066343 0.7892930924821735 0.45192424146466864 0.6722531081852048
53 5120 3 512 1e-06 32 0.15 9.104950245221456 0.29414236911744274 0.7700005014456739 0.7591891540761625 0.854461957440595 0.9243711145641641
45 5120 4 4096 1e-06 32 0.2 18.744672524929047 -0.7441428563687207 0.7690372125948773 0.7576692401121385 2.1113375472692293 1.45304423445029
26 5120 5 64 0.0001 8 0.05 49.84608916441599 0.5699069322005341 0.7578431844467519 0.7516452548559769 0.5206406341942738 0.7215543182562723
58 20480 5 2048 0.0001 128 0.0 12.413646884759267 0.6300214510946203 0.7950456056347733 0.7875855874538662 0.44787019545775913 0.6692310478883651
70 1280 1 256 1e-06 512 0.1 0.16178828477859497 -15.546105845410253 -0.13465580581993042 -0.14247336359574025 20.029560310924573 4.4754396779450145
43 20480 1 64 1e-06 32 0.05 28.37004899183909 0.4545394597063733 0.688589076041024 0.6927366593357815 0.6602964402086967 0.8125862663180425
37 5120 3 256 1e-07 8 0.15 34.271531558036806 0.16356048253688993 0.543500162075229 0.544993364250582 1.0125352707153927 1.006248115881661
69 5120 1 4096 0.001 128 0.1 1.9185333093007406 0.6243404736653344 0.7919465794355545 0.7829499646483357 0.4547471900272364 0.6743494569043831
74 5120 2 128 1e-07 512 0.05 0.6031210978825887 -26.643413853306395 -0.07553119025938887 -0.05874359245338135 33.4631864529161 5.784737371127241
67 5120 3 256 1e-05 32 0.1 9.118708010514577 0.6016894014779589 0.7989110900333659 0.7911651086426856 0.4821669962779013 0.694382456775732
72 20480 3 128 1e-06 512 0.1 2.5785253961881 0.4053674956368347 0.6886570519231763 0.6994377925814174 0.7198205862004644 0.848422410241776
68 1280 2 64 1e-06 8 0.05 9.758764930566151 0.1903489875601162 0.4905204247097862 0.48577513688848695 0.9801069771933216 0.9900035238287396
38 20480 3 256 1e-06 32 0.0 42.10763303041458 0.39717526829671745 0.677321976260775 0.6622531523842722 0.7297375245497497 0.8542467585831097
78 1280 3 1024 1e-06 32 0.1 2.9577396472295123 0.5066549100321889 0.7543276970249119 0.7459093793025654 0.5972091153006749 0.7727930611105892
79 5120 4 256 1e-05 512 0.05 0.8768602172533672 0.5237535928354546 0.7656725556775285 0.7462134768801122 0.5765106439113853 0.7592829801275578
80 1280 3 64 1e-07 128 0.0 0.6716008186340332 -29.935309708814877 -0.12013024369305642 -0.1592378801567967 37.448125700326976 6.119487372348028
62 5120 1 64 0.0001 8 0.05 27.98553658723831 0.5617050149314882 0.7622453912573551 0.7490319905815326 0.5305693024948659 0.7284018825448393
71 5120 3 4096 1e-05 32 0.2 14.372477142016093 0.6414936302426185 0.8075394610752208 0.8016189650541071 0.4339827764910599 0.6587736914078004
82 20480 2 32 0.001 512 0.1 3.043633317947388 0.43501973939203764 0.6738713228000368 0.68764992761444 0.6839256505462348 0.8269979749347847
63 20480 2 64 1e-06 32 0.05 30.531455099582672 0.5273691646980598 0.7290387529128838 0.7211445711876985 0.5721338850922932 0.7563953232882216
85 5120 5 2048 1e-06 512 0.05 1.1424473841985068 0.4806345409625765 0.77301990748436 0.7579377954141753 0.6287075570767432 0.7929108128136122
22 20480 4 4096 1e-05 32 0.15 76.71649595101674 0.6319567273692466 0.7958656155509043 0.7912455399512791 0.4455274851413203 0.6674784529416065
86 5120 3 2048 0.001 128 0.1 2.448903175195058 0.5913495264925417 0.7737731234537096 0.7606736611829382 0.49468372689492945 0.7033375625508206
49 5120 4 128 1e-05 8 0.1 46.03053216934204 0.5763737157755493 0.7935025532053628 0.7783252463933076 0.5128123975781401 0.7161092078573911
87 20480 3 256 1e-07 512 0.1 3.3195825775464374 -0.24677819231819909 0.27715953221430667 0.30304258278305907 1.5092626162735456 1.2285204989228082
89 1280 1 256 1e-06 32 0.15 1.7609338998794555 0.02551926341381472 0.39060578246684563 0.4234109467064235 1.1796383310760363 1.086111564746475
91 5120 2 2048 0.001 128 0.05 2.746280225118001 0.6550311149924151 0.8103217790426638 0.8056862394078838 0.4175952427844817 0.6462160960425558
54 20480 4 512 0.0001 32 0.2 50.56183363596598 0.5750420366610776 0.7723827399953498 0.7406965532223164 0.514424435322085 0.7172338777010502
94 1280 1 1024 1e-05 512 0.05 0.18202449083328248 0.4184352910603537 0.6575607078453816 0.6466699757925024 0.704001625593561 0.8390480472497156
60 20480 4 256 1e-05 32 0.15 49.03510282834371 0.5913813998985749 0.7963123323361224 0.7864722164497415 0.4946451431753267 0.703310132996338
95 1280 3 1024 0.001 128 0.15 0.7495420416196187 0.49966822909889186 0.7758475976715445 0.7602046300930692 0.6056667033539677 0.7782459144473344
73 20480 5 256 1e-06 32 0.2 41.829252473513286 0.19100387578533717 0.7977845892112432 0.7891422735299228 0.9793142152391477 0.989603059432997
77 20480 5 64 1e-06 32 0.05 40.43799098332723 0.49458229429644485 0.7585200795420589 0.7439574237680688 0.6118233808716146 0.7821913965722294
90 20480 4 4096 1e-06 128 0.05 21.519848640759786 0.5157706793325167 0.7591713880167986 0.7508597172742899 0.5861742015459053 0.7656201418104838
96 1280 2 4096 1e-06 8 0.05 9.798187724749248 0.6000409527392798 0.7788235237675435 0.7638820052745556 0.48416249320867916 0.6958178592194074
76 20480 5 256 1e-07 32 0.2 42.874197415510814 -1.228444656368573 0.6492901064508173 0.6495483261851015 2.697599487233621 1.6424370573125842
99 20480 5 1024 0.0001 512 0.05 3.376261830329895 0.6318739578828005 0.7961706360745667 0.7814283289131797 0.4456276801017639 0.6675535035499132
101 1280 2 64 0.001 32 0.2 2.4673810998598733 0.5426562187509858 0.7377203413508027 0.7283067701457461 0.5536284449609294 0.7440621243961618
84 20480 4 64 1e-07 32 0.0 32.71440497636795 0.16497321159224443 0.5023451951927834 0.4983003659607726 1.010825119572786 1.0053979906349455
100 20480 2 1024 1e-05 512 0.0 2.8557482997576398 0.5662559535719673 0.7627143482847889 0.7462180682697975 0.5250602539717611 0.7246104153072609
102 5120 3 64 1e-05 128 0.15 2.2626882791519165 0.378891086614342 0.745565123740854 0.7429568287730883 0.7518710780979176 0.8671049983121523
105 5120 4 512 1e-05 512 0.2 0.8639203866322835 -0.3474229819452084 0.7851878952389376 0.7646163816568924 1.63109617050369 1.277143754830947
98 5120 2 64 0.001 32 0.15 7.798104278246561 0.5299141794943061 0.728546194479202 0.7141076515767772 0.5690530679000261 0.7543560617507001
104 1280 5 4096 0.001 128 0.0 2.3727307756741842 0.6411028840461468 0.8026002213651813 0.7962471575438546 0.434455786550443 0.6591326016443452
108 5120 2 4096 1e-06 512 0.05 0.9304142832756043 0.6085199235931744 0.7821506094950635 0.7729062997118311 0.4738984431851042 0.6884028204366279
110 1280 3 256 0.001 128 0.2 0.6053256789843241 0.6140149077086277 0.8013973394150072 0.7898545906811019 0.4672465991333166 0.6835543863755953
112 1280 5 512 1e-05 128 0.05 0.7376349687576294 0.4731081473645191 0.7688425324534516 0.7578849124436934 0.637818483593502 0.7986353883929149
103 1280 2 512 0.001 8 0.05 7.950910000006358 0.6655011403405622 0.8160825547384702 0.8048057208930726 0.4049209612268187 0.6363340013128472
83 20480 5 2048 0.001 32 0.15 42.886339855194095 0.5661885345778918 0.758303020822205 0.7335542379350601 0.5251418666980759 0.7246667280192157
111 1280 1 4096 1e-05 8 0.2 8.979295500119527 0.6222385169511555 0.7907503486912699 0.7788985961802543 0.45729167204439203 0.676233444931846
81 20480 4 2048 1e-07 32 0.1 51.37472498814265 0.3198615468026268 0.7806390841480727 0.7657463554540754 0.8233281169221218 0.9073742981383822
65 5120 4 4096 0.0001 8 0.15 73.19380284150442 0.5397126888441923 0.7441285288001894 0.7190702991879939 0.557191676717451 0.7464527290575411
116 20480 1 1024 1e-06 512 0.05 2.6247084935506186 0.5352439903436683 0.7331591625867219 0.7279394179763745 0.5626011710700095 0.750067444347513
93 20480 2 32 1e-06 32 0.05 38.69617648124695 0.4387045965337385 0.6716445642371752 0.6734185922078072 0.6794650198065062 0.8242966819091936
29 20480 2 128 1e-05 8 0.1 121.44525690078736 0.6048666346653242 0.7813773249605432 0.772306918385151 0.4783208596495745 0.6916074462074382
119 5120 1 512 0.001 512 0.15 0.6929485400517782 0.6378995381401875 0.8010345260171807 0.8072973252528006 0.4383335334124312 0.6620676199697665
114 20480 5 32 1e-07 128 0.2 10.717135135332743 -3.2282994666877967 -0.01944889348983336 -0.030500478695524594 5.118484069420236 2.262406698500567
122 5120 1 64 1e-06 512 0.0 0.6805207173029582 -18.56049489309414 -0.11476295735230128 -0.12769728771935784 23.678569195267166 4.866063007737073
123 1280 3 4096 1e-07 512 0.1 0.6902709682782491 -0.48779628361771077 0.17245795524617388 0.20741992351390678 1.8010222871478014 1.342021716347318
97 20480 1 4096 1e-05 32 0.2 35.21337293386459 0.622714597120142 0.7935233975207359 0.7881624627721784 0.45671536263681034 0.6758071933893648
32 20480 2 1024 0.001 8 0.05 124.14863231182099 0.5629913528282959 0.7561476269966618 0.7397055513887801 0.5290121516628178 0.7273322154715943
127 1280 2 64 1e-06 128 0.2 0.5279152035713196 -2.8564158822722647 -0.08465775461982086 -0.12951543704016974 4.668307771003779 2.1606267079261468
120 20480 2 4096 0.0001 128 0.0 10.370102945963541 0.6115842999908472 0.7840296555929077 0.7681820876821054 0.4701889231055149 0.6857032325324964
121 20480 4 256 1e-06 128 0.0 11.586499949296316 0.39497044953219185 0.6730525676585392 0.6438646776893598 0.7324065241821299 0.8558075275329903
130 1280 1 64 1e-06 512 0.2 0.17899861335754394 -44.93576426593126 0.010415287970577532 -0.01448649036980496 55.60662849549608 7.456985214917358
129 20480 4 512 0.001 512 0.15 2.7251278082529704 0.5511585741916758 0.7598390360983339 0.7417078553620404 0.5433360871895415 0.7371133475860694
126 5120 2 32 0.001 32 0.05 9.426657974720001 0.45255031154 0.6876724217044524 0.6883382451098464 0.6627043640753745 0.8140665599785896
131 1280 2 64 1e-07 128 0.2 0.654482920964559 -28.794026265429913 -0.0870133041938339 -0.1456856146042897 36.06656766034382 6.0055447430140605
113 5120 1 1024 1e-06 8 0.05 27.806281332174937 0.6082030753652246 0.7801131098351142 0.769468209723138 0.47428199752413885 0.6886813468681571
107 20480 1 4096 0.0001 32 0.0 35.63755271434784 0.5426614246917449 0.7485216763485998 0.7327894832769372 0.5536221430125808 0.7440578895573791
106 5120 4 64 0.0001 8 0.15 36.0120071609815 0.5808507891432799 0.7754052824300864 0.7707922429643153 0.5073927651961637 0.712315074385039
134 5120 4 1024 1e-07 128 0.05 3.2562076250712075 0.3923852068198179 0.6501465347981955 0.6428592863319403 0.7355360384805192 0.857633976985823
136 1280 5 64 1e-05 128 0.15 0.6664976000785827 -0.34619882013117964 0.6340852987531906 0.6390455632746219 1.6296142856956568 1.2765634671631712
139 20480 1 1024 0.001 512 0.15 2.173105458418528 0.5358693969126422 0.7478863510103584 0.7813060011737082 0.5618440975501646 0.749562604156694
115 5120 3 128 1e-05 8 0.2 33.9501627723376 0.4994588472598186 0.7928334148710406 0.7785719925943394 0.6059201663870772 0.7784087399220779
135 1280 3 128 0.0001 8 0.2 8.360047936439514 0.6162876075878574 0.8066539847932974 0.798405976143644 0.4644954273636587 0.6815390138236098
132 20480 5 512 1e-07 128 0.05 11.436533296108246 0.4592277625171892 0.7257610764979155 0.7200487458512996 0.6546211082132133 0.8090865888229846
142 20480 3 2048 1e-06 512 0.15 3.372695291042328 0.23051164534820856 0.7858860901373727 0.7745308727639484 0.9314888682600488 0.9651367096220352
141 1280 2 4096 1e-07 8 0.0 7.9692914923032125 0.48571361394200674 0.6992438147318895 0.6924499434477575 0.6225591860028747 0.7890241986167945
21 20480 3 1024 1e-05 8 0.0 162.94257309039435 0.6204568761415176 0.7888574113008111 0.7781053106284733 0.45944840199538195 0.6778262328911311
144 5120 2 1024 1e-05 128 0.2 2.135918335119883 0.6126674476575438 0.7997412591962018 0.7859784780803732 0.46887774017713096 0.6847464787621262
88 5120 5 4096 0.0001 8 0.0 86.372995865345 0.5850866898261758 0.7683066999910699 0.7608151365374576 0.5022650796251998 0.7087066245105939
148 1280 4 64 0.001 128 0.05 0.6214590907096863 0.5437356587324972 0.7420861439914463 0.725199193089721 0.5523217502973207 0.7431835239678828
30 20480 5 64 0.0001 8 0.2 157.61125389734903 0.5004112406097279 0.7407729934227052 0.7165929305696279 0.6047672655039356 0.7776678375141507
149 1280 2 4096 0.001 512 0.2 0.2287999153137207 0.5446450808205512 0.7618936196671291 0.7467422245958307 0.5512208674230692 0.7424425010888515
66 20480 2 2048 1e-07 8 0.0 120.37038056453069 0.6005000967204386 0.7789757182436323 0.7623312224138086 0.48360668556741654 0.6954183529124153
24 20480 5 512 0.0001 8 0.05 169.5733178893725 0.5643650157759439 0.7617965099822132 0.7693415649838639 0.5273492912221885 0.7261881927036465
151 5120 3 512 1e-06 128 0.0 2.1603397369384765 0.49375981067844465 0.7159534554314873 0.7033786807351972 0.6128190221049897 0.7828275813389496
124 20480 5 32 1e-06 32 0.1 39.856503546237946 0.32387193255602065 0.6989396976198258 0.6860726261585847 0.8184734239769563 0.9046952105416256
145 20480 3 512 0.001 128 0.0 9.371963004271189 0.5846851935819946 0.7683815556185031 0.7658261718444075 0.502751102941657 0.7090494361761083
147 1280 2 32 1e-07 8 0.1 7.800860933462778 -8.512348295837668 -0.1479479620850165 -0.16706902819416616 11.514984593359895 3.393373630085537
125 20480 2 4096 0.001 32 0.15 41.26918065547943 0.5150304419050131 0.7226527304098819 0.7466745880530796 0.5870702812843713 0.7662051169787183
156 5120 3 2048 1e-06 512 0.05 0.7463932991027832 0.6098347684659622 0.7868378162755595 0.7788921190412339 0.4723067837985957 0.6872457957664024
146 1280 5 128 1e-05 8 0.15 12.549312806129455 0.3182483833761234 0.775519793190549 0.766101097004611 0.8252808999179764 0.9084497233848312
160 1280 5 4096 1e-06 512 0.05 0.6913933157920837 0.5533667826440151 0.7834698237677794 0.7710828210994202 0.5406629842377981 0.7352978880955651
158 5120 3 512 1e-07 128 0.05 2.3734262704849245 0.051838718187762756 0.4076297320387609 0.43786693713046204 1.147777837031652 1.0713439396532058
159 20480 4 256 1e-07 512 0.2 2.7363640626271564 -0.6610891853700553 0.30966007555020925 0.34411391633787775 2.0107985728510944 1.4180262948376854
157 1280 5 512 0.001 32 0.05 3.488335434595744 0.5956710869731402 0.7754463839252809 0.7568761346153092 0.4894523475545472 0.6996087103192378
152 1280 2 2048 1e-06 8 0.2 7.977434317270915 0.6093568706215132 0.781694565097049 0.7731471836921041 0.47288529355716263 0.6876665569570493
163 1280 1 32 0.0001 128 0.15 0.47894068956375124 0.45779381631406135 0.69960099574651 0.6992769709587809 0.6563569433533067 0.8101585914827459
161 5120 2 32 1e-07 128 0.2 2.5729241092999775 -24.018190113810096 -0.14564658109388295 -0.17990811154707984 30.2852739149942 5.50320578526682
155 1280 3 1024 0.001 8 0.15 8.845016558965048 0.6139855119452838 0.7939499072074601 0.7849356028906028 0.4672821835916949 0.68358041486843
168 5120 4 512 0.0001 512 0.1 0.8807433247566223 0.6186110108330343 0.8006908360007513 0.792414827522642 0.46168287763983484 0.6794724995464017
166 20480 1 32 0.001 512 0.2 2.3695356011390687 0.4744640153397891 0.7007600021108594 0.7153738105112668 0.6361771645037988 0.7976071492306215
167 5120 4 64 0.0001 128 0.1 2.3823331713676454 0.5478336264173845 0.7634229369077065 0.7572452744681657 0.5473610367817934 0.7398385207474624
171 20480 3 512 1e-05 512 0.15 2.550626611709595 0.5407653918005353 0.7961695119992908 0.7867318759342634 0.5559173480294468 0.7455986507695992
138 20480 2 512 1e-05 32 0.2 40.71306290229162 0.6244321448852272 0.7935913230871824 0.7856554000258238 0.45463621924989617 0.6742671720096539
137 5120 2 2048 1e-06 8 0.1 41.72512751817703 0.604076440852604 0.7811649557251817 0.7705701432476001 0.4792774130994963 0.6922986444443585
162 5120 2 256 1e-06 32 0.05 10.071772813796997 0.5351887315496497 0.7328040000483782 0.7278218046102405 0.5626680635072903 0.7501120339704531
170 1280 5 4096 0.0001 32 0.1 6.261574407418569 0.5852155081968928 0.7748885728141995 0.7624298962974908 0.502109141101082 0.708596599696246
140 5120 4 256 0.0001 8 0.2 37.41900829871496 0.5776202427883776 0.7656324520523392 0.7510716539991898 0.5113034390222169 0.7150548503591992
178 1280 1 512 1e-05 128 0.2 0.614052700996399 0.47836478758874124 0.6952091816628108 0.6897988668445786 0.6314551620127268 0.7946415305109134
175 20480 3 256 1e-05 512 0.1 3.293578839302063 0.5915868375233362 0.798606856521191 0.7870987361690256 0.4943964547326361 0.7031333122051864
176 1280 5 256 0.0001 32 0.2 3.477868898709615 0.6016817815527382 0.8003052133713502 0.7885000528976973 0.48217622042726893 0.6943890987243888
75 20480 3 256 0.001 8 0.05 133.15286897023518 0.5765594343788292 0.760630092710926 0.7444835203286284 0.5125875796058625 0.7159522188008517
182 1280 1 256 1e-07 128 0.15 0.4892895539601644 -28.097973125285396 -0.0706087626070156 -0.06961694610274266 35.22397433473661 5.934978882417073
179 5120 1 128 1e-07 128 0.0 2.3200584689776105 -21.720630623867205 -0.07496478094317013 -0.07725373897495307 27.50400883657011 5.244426454491483
183 1280 1 512 1e-07 512 0.15 0.1481882890065511 -33.341158397408854 -0.03564053700806264 -0.008085314252089172 41.57100829006935 6.447558320020793
185 1280 3 512 1e-07 512 0.0 0.16203885078430175 -19.523137732630936 -0.16171300734560448 -0.18506887454786192 24.8438773948234 4.984363288808652
184 1280 1 128 1e-06 32 0.0 2.1718505223592124 -0.09982125875472825 0.32419304350856915 0.3509667704158809 1.3313668146016029 1.1538486965809698
186 1280 1 32 0.0001 128 0.0 0.4747193654378255 0.37875717253924246 0.6552887959758308 0.64181076870712 0.7520331851259245 0.8671984692825078
181 5120 5 4096 1e-06 128 0.2 6.693606603145599 -1.6124013714509249 0.7666131018063164 0.7565216386581283 3.1623906745606214 1.7783111860865695
177 1280 4 32 1e-06 8 0.1 9.420933922131857 -0.15286121277413223 0.3921268701544536 0.4242266562774706 1.3955732791223778 1.1813438445780202
174 20480 4 2048 0.0001 128 0.1 13.37463595867157 0.5441966517447667 0.7611886842241355 0.7332707661207032 0.5517637043481144 0.7428079861903172
154 20480 3 128 0.0001 32 0.0 30.8545120716095 0.5625190621533049 0.7526099867964251 0.7515891743105355 0.5295838737735913 0.7277251361424801
191 5120 5 32 0.0001 512 0.0 0.8408483902613322 0.20913668597718182 0.6105361672291799 0.622643069591338 0.957363901447045 0.9784497439557358
150 5120 4 128 0.001 8 0.2 36.33747478723526 0.5582378630462598 0.7570858770799592 0.7253721781293158 0.5347663944536112 0.7312772350166599
190 5120 4 2048 0.001 128 0.1 3.374677773316701 0.5545532031904334 0.7467002402725721 0.7395066835593038 0.5392267863728365 0.7343206291347374
192 5120 5 2048 1e-06 512 0.1 1.3738669594128927 0.04800568126892102 0.7815067247401322 0.7671427118421048 1.1524178438620956 1.0735072630690934
164 5120 1 32 0.001 8 0.1 27.920762511094413 0.5701162420054658 0.7602713206232864 0.7411220980848322 0.5203872583606657 0.7213787204795173
109 20480 5 4096 0.0001 32 0.15 96.17446413437526 0.5584296815750893 0.7674533710396928 0.7582506982608349 0.5345341923374252 0.731118453013891
198 5120 1 64 0.0001 512 0.0 0.5344045559565226 0.4310659667485949 0.7020599529706283 0.7074944516425243 0.6887118116138244 0.8298866257591
180 20480 5 2048 1e-07 128 0.1 14.94442900021871 0.11003709856491894 0.7829412041868563 0.7679477218354034 1.0773269417785112 1.037943612041864
189 1280 1 32 1e-05 8 0.05 7.190576140085856 0.3482631473426935 0.6297054063906679 0.6338900065817864 0.7889471226108922 0.8882269544496453
200 1280 5 256 0.0001 128 0.1 0.9132694284121196 0.5718267428034727 0.7909087128163279 0.7815881666665978 0.5183166455400021 0.7199421126312879
201 1280 5 32 0.001 512 0.0 0.17907298008600872 0.2805349098970238 0.6422762181712337 0.634863955118772 0.870934197354945 0.9332385532943573
195 20480 4 4096 1e-05 512 0.15 7.7427676240603125 0.6045672123425196 0.8031320020235485 0.7986761712277113 0.47868331940470255 0.6918694381201576
194 20480 2 256 0.001 128 0.1 10.525516013304392 0.5984461900133229 0.7769325704823583 0.7746429518657296 0.4860930016013853 0.6972037016549649
199 20480 1 4096 1e-05 128 0.0 7.255148816108703 0.5791738887043899 0.7703489223487217 0.7510585818400327 0.5094227037684157 0.7137385402011129
197 5120 4 1024 0.0001 32 0.2 9.999073266983032 0.5819286460265682 0.7694304114370221 0.7543281842250972 0.5060879869207148 0.7113986132406463
172 5120 3 256 0.001 8 0.2 33.83382382790248 0.6105048647002358 0.7835729176458743 0.7568809932208501 0.4714956120906478 0.6866553808794101
169 20480 3 512 1e-07 32 0.2 36.24093334674835 0.032983656825893104 0.7027603927771462 0.7023370501949048 1.1706024576549097 1.0819438329483235
211 1280 5 1024 0.0001 512 0.15 0.22015630801518757 0.46999349431081805 0.7960552922635159 0.7864313038880819 0.6415888650820271 0.8009924251090188
210 1280 2 64 1e-07 512 0.05 0.19655880530675252 -32.95582677997876 -0.0634051868738469 -0.1138525260471694 41.10455274197051 6.411283236760837
209 20480 1 32 1e-05 512 0.15 2.6250951647758485 0.37911036249202745 0.6649706493277625 0.6676832495835556 0.7516056380325713 0.8669519237146724
214 1280 4 128 1e-07 512 0.0 0.17114054361979167 -35.45145568090564 -0.12185548317782624 -0.16329293813444656 44.12558681801367 6.642709298020927
212 5120 1 4096 0.0001 512 0.0 0.6053604523340861 0.5844287302388431 0.7706541175956232 0.7520037112078332 0.5030615595558712 0.7092683269087032
203 20480 3 32 1e-05 128 0.1 9.06884561777115 0.48705710098137 0.7326218065095703 0.720209403495733 0.6209328544096113 0.7879929278931451
207 5120 4 4096 1e-06 128 0.05 5.38604150613149 0.526961265052929 0.7671777195921469 0.7600297883340724 0.5726276599187862 0.7567216528676751
61 20480 3 2048 0.001 8 0.2 179.1565446058909 0.5514564352413395 0.7445656132693282 0.7239903277876989 0.5429755174026529 0.7368687246739767
204 5120 2 4096 1e-05 32 0.0 9.746733999252319 0.5892548884150761 0.7717289909041465 0.7594805433429733 0.49721934948154517 0.705137823039968
187 5120 5 4096 1e-05 32 0.1 25.036288952827455 0.6360632272934312 0.7979577210923274 0.7963093098449602 0.44055644309271175 0.6637442603086763
215 1280 3 2048 1e-06 8 0.2 8.890959477424621 -0.06543385822872794 0.7896844598581958 0.7798629109978109 1.2897398288197792 1.1356671294088683
213 5120 4 1024 1e-06 32 0.0 8.948284125328064 0.5179258204119903 0.7362074747536221 0.7209892428348641 0.5835653382500234 0.7639144835974924
225 5120 5 64 0.001 128 0.15 2.6682963172594705 0.5283631843764387 0.7693022320173892 0.7578681797025225 0.5709305942827001 0.7555994933049519
221 20480 1 1024 0.001 128 0.1 9.26964285771052 0.6054788084320846 0.7820426142422738 0.7802843349796366 0.4775798048360339 0.6910714903944699
220 1280 4 128 0.001 8 0.15 9.291019296646118 0.5884400320616692 0.7704379916518506 0.7501235963017336 0.49820575768102077 0.705836920032539
226 1280 2 256 1e-06 128 0.0 0.5168061494827271 0.024922495568238556 0.39410320439355073 0.41165906777476236 1.1803607365571969 1.0864440788909464
188 5120 2 2048 1e-07 8 0.1 32.487160642941795 0.5663245411942323 0.7548696894109762 0.748729594271644 0.5249772265857663 0.7245531219902143
217 1280 3 4096 0.001 8 0.05 13.943454035123189 0.6010450056052041 0.7762192543137719 0.7799868095438731 0.4829470569228677 0.6949439235815129
224 5120 1 256 1e-07 32 0.1 7.043107120196025 -0.9134137217583507 0.06328465420005863 0.05805566289705694 2.3162450366132834 1.521921494891666
223 1280 1 4096 0.0001 8 0.0 8.96740002632141 0.5817291713565622 0.7704758271197564 0.7593896994184862 0.5063294570267758 0.7115683080539603
228 20480 5 256 1e-05 512 0.2 3.027185094356537 0.41041703400811724 0.7983247516766798 0.7950325755560521 0.7137079676607984 0.8448123860720783
234 5120 4 1024 1e-05 512 0.1 0.7782272418340047 0.32257514014822175 0.7741309317795135 0.7617827153246232 0.820043230309965 0.9055623834446553
233 5120 2 512 0.0001 128 0.1 2.3715073029200235 0.6340623343168473 0.7963266261085848 0.7856885236228389 0.4429785844064826 0.6655663636381293
232 1280 5 64 0.0001 32 0.15 3.153315023581187 0.48230872072235775 0.7736421437467008 0.7645569612483335 0.6266809119686334 0.7916318032827089
235 1280 4 512 0.001 512 0.15 0.18304619391759236 0.6233742300083137 0.7914860841335593 0.7874155991915419 0.45591685712499114 0.6752161558530654
237 1280 5 4096 1e-06 128 0.05 1.6910157084465027 0.4894995669508988 0.7776313652395269 0.7659217711367828 0.6179761756659159 0.7861146072080812
229 5120 4 2048 1e-05 32 0.0 11.539416082700093 0.6063883868063018 0.7805860084957095 0.7726936199824816 0.47647873277266684 0.6902743894804926
205 20480 2 2048 1e-07 32 0.0 31.921409193674723 0.609189873871635 0.7816440282096253 0.7689552859040132 0.4730874481610716 0.6878135271722065
240 20480 1 1024 0.001 512 0.1 2.6438886086146036 0.5492649942133281 0.763118304230178 0.7859085574855672 0.5456283228813852 0.7386665843811978
238 1280 3 2048 0.0001 8 0.2 8.78229790131251 0.6266383615556754 0.79204925692297 0.7842621567085276 0.4519655274102227 0.6722838146275892
219 20480 1 2048 1e-07 32 0.15 29.015443285306294 0.48273249948318797 0.6976644102993514 0.6995019900479095 0.6261679149935238 0.7913077245885597
208 5120 1 64 1e-05 8 0.15 35.68584517637888 0.5982872377912645 0.7781730122987124 0.7749056449470076 0.4862854180616702 0.6973416795672479
244 1280 1 64 0.001 128 0.0 0.4704004724820455 0.45268690242257315 0.7084526349791278 0.677551621821005 0.6625390166911632 0.8139649972149682
92 20480 5 1024 1e-06 8 0.05 173.05683739185332 0.6279214742242503 0.795672441948278 0.7891925328491561 0.45041228081425344 0.6711276188730825
216 20480 4 32 0.001 32 0.1 35.66850891113281 0.5240755709905359 0.7328356293053238 0.7212107347597173 0.5761208796407917 0.7590262707184724
245 20480 1 4096 0.001 512 0.1 2.726573661963145 0.5815237842495466 0.7694855488826814 0.7603709039909566 0.5065780843162111 0.7117429903527053
241 1280 1 64 0.001 8 0.0 6.622276643911998 0.5343767058701798 0.7501443529927394 0.725522502247144 0.5636510450905655 0.7507669712304648
242 1280 1 4096 1e-07 8 0.1 7.060207446416219 0.1420249778814776 0.45144671921221396 0.46547975967036465 1.0386046488126826 1.0191195458888436
231 5120 5 4096 1e-05 32 0.15 24.96413301229477 0.6321341268161744 0.7953258670559802 0.7890138785969386 0.4453127377587904 0.6673175688971409
222 20480 1 1024 0.0001 32 0.2 36.90887647072474 0.5480664978817181 0.760445102090526 0.7926489064074888 0.5470791388486398 0.7396479830626457
230 5120 1 512 0.001 8 0.2 29.17868158419927 0.28106066347049274 0.6335589355401091 0.7266902730201287 0.8702977567926239 0.9328975060490964
249 5120 2 1024 1e-06 32 0.05 8.230376319090526 0.6113815734973069 0.7837291520358944 0.7680795603106515 0.47043432964206944 0.6858821543399926
255 1280 3 128 0.0001 512 0.2 0.18672276337941487 0.1296811385065374 0.7752926701308446 0.7733773680946285 1.0535472387815066 1.0264244924891
143 20480 1 4096 1e-07 8 0.15 111.7976541320483 0.6023958412989212 0.7764283841050551 0.7725487452400915 0.48131182956180485 0.6937664084991467
254 20480 1 256 0.0001 512 0.1 2.125993557771047 0.6174521143671017 0.7930757150588843 0.7992158234939324 0.4630857567749852 0.6805040461121339
117 20480 2 4096 0.001 8 0.0 149.4530380487442 0.5039670476207314 0.7300203327885648 0.7195753760255438 0.600462853840773 0.7748953825135191
258 5120 3 64 1e-06 128 0.0 2.0844626585642496 0.11055930873542152 0.46406325963529294 0.4806947642017477 1.076694790612383 1.0376390463992684
260 5120 2 2048 1e-06 512 0.2 0.6888487696647644 0.560897118750499 0.75038124707697 0.7465285200027123 0.5315472851956461 0.7290728942949711
253 1280 5 128 1e-05 8 0.05 12.770343693097432 0.5408055810127415 0.7867089863894524 0.7829959195397388 0.5558686977755892 0.7455660250947526
261 1280 3 512 1e-07 32 0.2 2.2485033233960467 -0.6267617434350177 0.1291939728478571 0.13821648944469278 1.9692441687525424 1.4032976051973232
256 1280 3 2048 1e-07 8 0.0 8.33830664952596 0.512759676855943 0.7184977049950656 0.7147151498245081 0.5898191108837483 0.7679968169750109
128 20480 5 128 0.001 8 0.0 140.7334394613902 0.5761017433569795 0.7637030118003659 0.7560072888006537 0.5131416283960467 0.7163390457011587
236 5120 4 256 1e-05 8 0.15 36.566427648067474 0.5832312009978998 0.803956571327843 0.788089041531765 0.5045112048306971 0.7102895218364812
227 20480 5 2048 0.0001 32 0.05 44.37426693836848 0.5380128100223539 0.7557139609957741 0.7452199739424135 0.5592494313155046 0.7478298144066634
153 20480 1 2048 0.0001 8 0.0 109.40600315332412 0.26783340601149896 0.6422227128457345 0.6959152128236052 0.8863097510043333 0.9414402535500239
265 5120 1 32 0.0001 512 0.1 0.687073004245758 0.533552660004984 0.7486905878123645 0.7548504138072447 0.5646485774713031 0.751431019769149
266 1280 4 4096 1e-05 128 0.0 1.2550772190093995 0.5866440108789794 0.7689166749835004 0.7566874206214068 0.5003798955074363 0.7073753568703368
259 1280 3 256 1e-05 8 0.15 10.744913534323375 0.4604684698829288 0.7978408925517981 0.7781604482992472 0.6531191945156659 0.8081579019694517
248 20480 1 32 0.001 32 0.2 27.962597652276358 0.47830581175520015 0.6996694805467599 0.6972212590430574 0.6315265540384901 0.7946864501414945
239 20480 2 4096 0.001 32 0.05 41.16622138420741 0.5299662245362109 0.7360795554067373 0.73178989584326 0.5689900658066358 0.754314301738099
272 1280 4 256 1e-05 128 0.05 0.6763108452161153 0.5187573851312837 0.7614863965495853 0.7441472695326441 0.5825587040695619 0.7632553334694504
247 5120 2 1024 1e-07 8 0.05 32.047061669826505 0.5067161518108843 0.7148595203636777 0.7067862297835732 0.5971349802799403 0.7727450939863288
275 1280 2 4096 0.0001 512 0.05 0.23027703364690144 0.5825103636625519 0.768043520232597 0.7574313897286218 0.5053838001723208 0.7109035097482083
273 20480 3 4096 0.0001 512 0.15 5.810405119260152 0.5968578938755994 0.7800378134866804 0.7761511413882357 0.4880156819939421 0.6985811921272588
270 20480 5 1024 0.0001 128 0.05 11.398709058761597 0.588783323430428 0.7718515742674207 0.7603550965276533 0.4977901931222648 0.7055424814440764
246 20480 5 1024 0.0001 32 0.2 44.16766054232915 0.5134806391287245 0.7534152671010472 0.7400310066907076 0.588946364301592 0.7674284098869366
277 1280 5 2048 0.001 8 0.1 10.82636536359787 0.6218028132429567 0.7910385944439995 0.7709491791838151 0.45781910452805896 0.676623310659675
280 1280 3 2048 0.0001 128 0.15 0.6898386319478352 0.6071576043295823 0.7972953514523993 0.7862681455760521 0.47554757175395257 0.6895995734873627
257 20480 2 2048 0.0001 32 0.05 32.70396889448166 0.6514273039553076 0.8080708448229943 0.8011424443960583 0.4219577647694926 0.6495827620630743
281 1280 2 1024 0.0001 32 0.1 2.076389678319295 0.6136814740281671 0.7845613635679715 0.7721046102771442 0.4676502306629874 0.6838495672755722
279 1280 3 2048 1e-06 8 0.15 8.985381007194519 0.29900251109470344 0.7937159148639897 0.7817385346787901 0.8485786089498562 0.9211832656696799
283 20480 2 32 0.0001 512 0.2 2.3082671562830606 0.4960948719385868 0.7072460817116928 0.7020304009138097 0.6099923600023359 0.7810200765680329
262 20480 1 32 0.001 32 0.15 28.026784320672352 0.4908490241765928 0.7107079844728049 0.71992157861753 0.6163426169819824 0.7850749117007768
278 1280 5 1024 0.001 8 0.15 14.045610622564952 0.5775028946766751 0.7599569434879497 0.7598674988345342 0.5114454924517476 0.7151541739036049
269 20480 1 4096 0.001 32 0.0 27.989677409331005 0.4259958181617489 0.7060900259462062 0.7443915970551811 0.6948493794412265 0.8335762589236971
287 1280 3 2048 0.001 32 0.05 2.2428993542989093 0.6225583865336821 0.7912164759339729 0.7807400255101427 0.45690446026448994 0.6759470839233571
193 20480 1 64 1e-07 8 0.0 105.66216699282329 0.027302502219685443 0.4347879468507514 0.4667924871748412 1.1774796667023961 1.0851173515811072
252 20480 5 32 1e-05 32 0.05 49.5426281452179 0.4814242730975158 0.7514781103081412 0.7439387712474724 0.6277515625017036 0.792307744819968
290 1280 3 4096 1e-07 512 0.0 0.34768906434377034 -0.3573060098867429 0.19553474210114644 0.23510575734871517 1.6430598739913251 1.2818189708345422
250 5120 5 512 1e-05 8 0.2 54.66373913685481 0.6047537113998749 0.8051042226116326 0.788999571498723 0.4784575566692211 0.6917062647318015
292 1280 2 256 1e-05 512 0.2 0.19973570505777996 0.3406811771791328 0.597376966923982 0.5992727321151656 0.7981253262369009 0.8933786018463286
284 20480 3 256 0.0001 128 0.15 9.445873073736827 0.6067284737253816 0.7869908113134806 0.7937956879704838 0.47606704729692356 0.6899761208164552
264 5120 1 64 1e-06 8 0.05 36.0076456507047 0.3348412206802638 0.6116614475342366 0.6264073532204383 0.8051947697664018 0.8973264566290252
293 5120 2 2048 1e-06 128 0.2 2.1331588784853617 0.6113148909240744 0.7829913574413748 0.7754198805917567 0.47051505090873647 0.6859409966671598
294 1280 3 2048 1e-07 32 0.1 2.885633893807729 0.29791266819324547 0.5889782692659413 0.5929935557805153 0.8498978966619097 0.9218990707566147
267 20480 4 128 1e-05 32 0.2 36.994186437129976 0.4111837152015537 0.7984013626284072 0.7941705005496861 0.7127798769458796 0.8442629193242349
289 1280 1 64 1e-06 8 0.15 6.859666196505229 -0.19242843123284237 0.3269855166956375 0.3662815556838168 1.4434705907834233 1.2014452092307095
291 5120 1 128 0.001 32 0.2 6.954751364390055 0.5843821680639061 0.7677093426898511 0.7661950770141576 0.5031179244733823 0.709308060347112
301 1280 2 512 1e-07 512 0.2 0.1601744055747986 -24.97515522699094 -0.11953358125576875 -0.12815191728730005 31.443709055503312 5.60746904186758
300 1280 2 2048 0.0001 512 0.15 0.17715101639429728 0.5961376676797396 0.7752129361150086 0.7640346689815904 0.48888753753277775 0.6992049324288107
304 1280 4 32 1e-06 512 0.2 0.1814848820368449 -17.344482079086003 -0.19143289693671361 -0.20411469686423078 22.206548997609037 4.712382518175815
305 1280 3 256 1e-07 128 0.1 0.6029475212097168 -8.222869869224787 -0.16551670721002612 -0.20692458635705868 11.164562224572581 3.341341381028371
276 20480 3 512 1e-05 32 0.0 33.5532857020696 0.5423301304339745 0.7462668031670088 0.7273831629170953 0.5540231847065403 0.7443273370678658
302 20480 1 1024 0.0001 512 0.1 2.152222279707591 0.6372304468531056 0.8023145699070489 0.8014540849709454 0.4391434886014848 0.6626790238127994
268 20480 5 2048 0.001 32 0.2 42.8689940015475 0.5697355063634882 0.7552747080357933 0.7344902209810241 0.5208481503418217 0.7216981019386304
274 5120 4 32 1e-06 8 0.2 36.69163105090459 0.06788763284545873 0.6128705309600283 0.6153037741740018 1.1283501416533845 1.0622382697179502
310 5120 4 32 0.0001 512 0.2 0.6865613500277201 0.41076873090214994 0.7326722548265588 0.7275484951522567 0.7132822279601093 0.844560375556484
271 20480 3 128 1e-06 32 0.15 43.44598592122396 0.37388795854793133 0.7716679682082769 0.7736119799086352 0.757927515563368 0.8705903259072938
298 5120 5 512 1e-06 32 0.15 10.699517273902893 -0.2718680581100943 0.776660223262857 0.7604491625883598 1.5396346557592695 1.240820154478186
297 20480 4 2048 0.001 128 0.15 13.361588195959728 0.5082870286921901 0.7210625675523897 0.7214880747466338 0.5952333864228043 0.7715136981433346
303 1280 3 1024 1e-07 8 0.05 8.692689474423727 0.3808740694578914 0.6335788456722296 0.6258149409673875 0.749470617540522 0.865719710726585
306 5120 1 32 1e-07 32 0.2 6.873692162831625 -16.90122817639975 -0.11020746999793485 -0.1105678376674248 21.66997677573064 4.655102230427452
285 5120 5 4096 1e-06 32 0.1 23.55054781039556 0.19360705419726598 0.7663091195008955 0.7531177381247699 0.9761629892353392 0.9880096098901767
206 20480 1 32 1e-06 8 0.2 112.35796981652578 0.429246905188578 0.6763162959764188 0.6836175445025954 0.6909138405121075 0.8312122716322874
313 5120 4 2048 0.001 512 0.2 0.8883952577908834 0.5981846615565953 0.7763333594074135 0.7633055614891959 0.4864095896883943 0.6974307060119982
318 1280 1 32 1e-06 128 0.1 0.4720929702123006 -21.48625828747119 -0.1007456345010373 -0.09409647313886199 27.220294052504563 5.217307164860486
317 1280 5 1024 0.0001 128 0.1 0.7259441256523133 0.6231478275372249 0.7914533708630297 0.784358168461535 0.45619092414665674 0.6754190729811061
319 5120 5 32 1e-06 512 0.1 0.7598749955495199 -4.284349425980438 -0.0712175293489878 -0.0853998071512704 6.396864405471867 2.52920232592647
314 5120 4 128 1e-06 128 0.1 2.4837756594022116 0.21934316272812293 0.6411712999435484 0.6506716998596119 0.9450086534173865 0.9721155555886278
322 1280 3 32 1e-07 512 0.1 0.18843361934026082 -41.300535489976035 0.020864208541953512 0.08214197020227441 51.20607438975759 7.155841976298637
321 5120 2 1024 0.001 128 0.05 2.1245745460192365 0.6464086397978118 0.8042519481464021 0.8006414499912052 0.4280330091419151 0.6542423168382759
286 20480 1 32 1e-05 32 0.05 28.369953048229217 0.5236041519899086 0.735073401708108 0.7308396184645295 0.5766915465634501 0.7594020980768028
325 5120 4 512 1e-06 512 0.0 0.6330111384391784 0.4864329946023517 0.706549015022624 0.6974168842125403 0.6216883540102891 0.7884721643852046
316 1280 1 64 1e-07 8 0.15 6.906386307875315 -22.916397349807596 -0.08346638806976221 -0.0945367956085885 28.951520533811163 5.380661718953457
282 20480 5 512 1e-05 32 0.1 42.813594766457875 0.6454840328582387 0.8056385420930564 0.7922181766626404 0.4291522737370474 0.6550971483200392
324 20480 3 4096 0.001 128 0.1 15.417646272977192 0.5707008462072405 0.7654379485455515 0.7581760523900237 0.5196795773372959 0.720888047714273
330 5120 2 64 1e-06 512 0.0 0.5929269591967264 -1.6393836448119612 -0.014683113156453282 -0.04608726280776131 3.1950535305014736 1.7874712670422073
296 5120 3 512 1e-05 8 0.2 35.81709474722545 0.5724665881809157 0.7987150184707178 0.7860989610650605 0.5175420934068959 0.7194039848422414
173 20480 5 128 0.0001 8 0.15 162.4512954155604 0.5420544039999 0.7456001718783992 0.7353981377739552 0.5543569598734714 0.7445515159298727
202 20480 1 4096 1e-06 8 0.0 140.83238290548326 0.6015660275812168 0.7810257033110547 0.7637204867445564 0.48231634410201635 0.6944899884822072
329 1280 1 128 1e-07 8 0.15 6.999224619070689 -7.014403844464189 -0.08520829704867063 -0.11864122250524245 9.701677642980236 3.1147516181840627
333 1280 4 1024 1e-06 512 0.05 0.20163839260737101 0.4040404760570282 0.6606976653392853 0.6564984532910554 0.7214269834371221 0.849368579261749
334 5120 3 256 1e-05 512 0.0 0.6219036936759949 0.4857182408691312 0.7140612678960832 0.7025196809185461 0.6225535849679993 0.7890206492659108
332 20480 1 1024 1e-07 512 0.0 2.0884265025456745 -1.5428213898326315 -0.01407875748745766 -0.040594853891320754 3.0781620076297123 1.7544691526583511
337 1280 5 128 0.0001 128 0.05 0.682060980796814 0.5689649127426064 0.7735417096228595 0.7694734570256353 0.5217809771681983 0.7223440850233345
288 5120 4 64 0.001 8 0.1 46.5765149195989 0.5602012791354154 0.7508629518989779 0.7430484426161248 0.5323896200427252 0.7296503409460762
331 5120 1 256 1e-05 32 0.15 7.138082830111186 0.6101656295740537 0.7823183966508507 0.7797084435305426 0.4719062664453903 0.6869543408738242
340 5120 2 32 1e-07 128 0.05 2.074622901280721 -23.58596370883217 -0.14757029349390177 -0.18188490977933772 29.762050811784032 5.455460641575928
133 20480 3 4096 1e-07 8 0.05 217.4067371726036 0.5485201615645157 0.7616435164298822 0.7534783261932658 0.5465299652738803 0.7392766500261457
299 5120 3 32 0.0001 8 0.1 42.84197302261988 0.5010663153743233 0.716752764443736 0.7057831751155471 0.6039742777382209 0.777157820354541
341 5120 1 64 0.001 512 0.2 0.546586271127065 0.6050172873923563 0.7790297274013432 0.7867101488223598 0.47813848997840924 0.6914755888521368
336 20480 2 256 0.0001 128 0.2 8.556409621238709 0.5782560480548011 0.7692846028181611 0.7693578933870393 0.5105337775653875 0.7145164641667731
309 5120 5 64 1e-05 8 0.1 39.2741464694341 0.5018424295368704 0.7739360439276343 0.7593303803035347 0.6030347681296073 0.776553132843856
320 20480 2 256 0.0001 32 0.1 32.08657001654307 0.6189747319236512 0.7897025194154025 0.7852626312349804 0.46124258228641873 0.6791484243421454
343 20480 5 64 0.001 512 0.1 3.717141604423523 0.5139269372752264 0.7231557100880822 0.7159013271507848 0.588406106930732 0.7670763370947719
347 5120 5 1024 1e-06 512 0.2 0.8312536199887594 -1.5220402639315176 0.7374365599215593 0.7353574229311721 3.053005827773608 1.7472852737242446
326 5120 2 256 1e-07 8 0.1 30.48252508242925 0.22813271601111107 0.5189996507436972 0.5260745430524715 0.9343686339933279 0.96662745356902
328 5120 1 1024 1e-07 8 0.2 28.203460657596587 0.27135209649804715 0.5500645295746877 0.5535776231799864 0.8820502700138052 0.9391753137800233
349 1280 5 128 1e-05 128 0.2 0.852479628721873 -1.326577706999697 0.6927767181818462 0.7024390036426479 2.816392505631744 1.67821110282102
311 20480 5 2048 1e-07 32 0.1 42.43159310420354 0.0690374276723481 0.780030910817524 0.7647230904725241 1.1269582803268865 1.0615829126012186
251 20480 1 512 1e-05 8 0.05 110.63568867444992 0.6311309956241875 0.7979057559676427 0.7948094832108094 0.4465270583304942 0.668226801565527
354 5120 4 512 0.001 512 0.1 0.6991127808888753 0.6088251075120763 0.7858823375669735 0.7648715269211511 0.47352900884407695 0.6881344409663543
345 1280 3 1024 1e-05 8 0.05 11.206441048781077 0.5794892499335489 0.7822258483903566 0.771787681405209 0.5090409494862794 0.7134710572169549
218 20480 3 1024 1e-05 8 0.15 153.21105694770813 0.652587122370724 0.8109808712392641 0.8041295533318271 0.4205537695866774 0.6485011716155009
346 20480 5 1024 0.0001 128 0.1 11.210151167710622 0.5535628537760711 0.7516706582665814 0.7517218432765514 0.5404256342171082 0.7351364731919565
356 5120 3 2048 1e-07 512 0.1 0.7396352012952169 0.2209830351726524 0.5413809355510165 0.5541227687160093 0.9430235383494181 0.9710939904815692
359 5120 5 64 0.0001 512 0.0 0.8807393391927083 0.3063001096833543 0.671947494138373 0.652791815041331 0.8397446456945779 0.916375821207968
196 20480 5 1024 1e-07 8 0.15 170.36556383768718 -0.3638188002920193 0.7897834335045917 0.7735581130689348 1.6509438032634858 1.2848905802687969
361 1280 3 256 1e-07 512 0.2 0.22962554693222045 -29.613550948793897 -0.14085335668341697 -0.169691941540972 37.058627014072876 6.087579733693258
358 1280 5 4096 1e-05 32 0.15 6.023563746611277 0.5875217426168302 0.7946839511672517 0.7849580417228242 0.4993173747581827 0.706623927388666
357 20480 4 64 0.001 128 0.2 9.698236993948619 0.41951755617334685 0.7489032012101052 0.7380704630340774 0.7026915110230612 0.8382669688250045
365 1280 1 64 1e-06 32 0.05 1.829302986462911 -2.8036413054718654 -0.00264219952748412 -0.0054681401423899035 4.604422553612864 2.1457918243885783
360 20480 1 2048 1e-07 128 0.15 7.7330595334370935 0.32017687816944984 0.5881261019952213 0.5864948536265384 0.822946398789244 0.9071639315962932
165 20480 3 4096 1e-06 8 0.05 210.7373335560163 0.6142530908447683 0.7870536125503195 0.7776282160467141 0.4669582712611907 0.6833434504414239
368 5120 3 2048 0.0001 128 0.15 2.4978336771329244 0.6244740334510999 0.795933369005798 0.787695001909848 0.45458551187715696 0.6742295691210501
367 5120 5 32 0.0001 128 0.15 2.634218454360962 0.3747690044080624 0.7229903968862426 0.7170476000336536 0.7568609829691093 0.8699775761300456
366 20480 2 4096 0.001 512 0.2 3.4961562474568684 0.6672566063912266 0.8228029012521715 0.8193819448935044 0.40279591661124137 0.6346620491342155
355 5120 3 4096 0.0001 32 0.2 14.463544563452404 0.634518632696885 0.7969961940959691 0.793194174927164 0.442426221451227 0.6651512771176397
363 20480 5 64 1e-07 128 0.15 13.356555636723836 -0.8487807332372528 0.20834441085030855 0.22398795319316459 2.2380048540740347 1.4959962747527265
364 20480 3 32 1e-07 128 0.05 8.834085408846537 -2.0388630249064197 -0.015644570059646517 0.00010961942873556344 3.678635372134152 1.9179768956205265
373 5120 5 2048 1e-05 512 0.05 1.0748843431472779 0.4440392884867348 0.7546306143326447 0.7434190013383706 0.6730072142532809 0.8203701690415619
374 5120 3 2048 1e-06 128 0.15 2.4357118288675945 0.292577553235149 0.7918896656064668 0.7795117926705409 0.8563562142755704 0.9253951665507932
376 20480 1 512 1e-07 512 0.0 2.6220232089360556 -4.364404134948045 -0.1025870817826027 -0.13207927723932864 6.493773045874707 2.5482882580027533
352 20480 2 128 0.0001 32 0.05 30.83312031428019 0.5752032504006557 0.7643683934892999 0.7565667481713383 0.5142292812266139 0.7170978184506029
379 1280 5 64 0.0001 128 0.0 0.5969918727874756 0.33731817562778543 0.6776921371406427 0.6691846340106353 0.8021963410743366 0.8956541414376068
378 5120 3 32 0.001 128 0.1 2.8613319635391234 0.5131945011699593 0.7176831169555871 0.7106736313902869 0.58929274293327 0.7676540515969873
370 5120 3 1024 1e-05 32 0.0 8.517338112990062 0.5728462103477423 0.7648980231094201 0.7570487875863671 0.5170825493210031 0.7190845216808682
335 5120 4 256 1e-05 8 0.2 46.98755271832148 0.5494568712177517 0.8003655234955701 0.788156165766223 0.5453960499787283 0.7385093431898667
383 1280 2 64 0.001 128 0.0 0.616235347588857 0.46438619127949476 0.7102569174240037 0.6961043206862669 0.6483766745700628 0.8052184017830584
375 20480 2 32 0.001 128 0.15 8.158305009206137 0.3884834562498325 0.632203648854927 0.6519697529237628 0.7402592252587171 0.8603831851324834
382 1280 5 128 1e-06 128 0.1 0.8875648299853007 -0.3357630273546992 0.3145907458615525 0.3387383828856575 1.6169814436987704 1.2716058523374176
386 5120 2 64 1e-06 512 0.1 0.7554856141408285 -1.762016707152763 -0.018700995738460225 -0.05142786890273299 3.3435045522232896 1.8285252397009153
344 20480 5 1024 1e-06 32 0.1 42.85104659001033 0.5498135534749363 0.7932623018072643 0.7801244152371168 0.5449642753455388 0.7382169568260667
348 20480 4 512 0.001 32 0.15 39.78444423278173 0.5797575680953366 0.7686699207606543 0.7500797299436016 0.508716142256454 0.713243396223515
381 5120 4 64 0.001 32 0.0 8.262477946281432 0.5795838172157546 0.7675829465558172 0.7609909055766698 0.5089264729381371 0.713390827624057
380 20480 4 128 1e-05 128 0.2 9.650447845458984 0.3945607704022127 0.7929181474765836 0.7848204346916225 0.7329024531287177 0.8560972217737409
327 5120 4 4096 0.0001 8 0.05 72.4783916592598 0.5954249322252136 0.7756708559334595 0.7705822360265359 0.4897503253032381 0.6998216382073635
389 20480 3 1024 0.0001 512 0.05 3.342633839448293 0.661777526620599 0.8147331607509486 0.8054321551822656 0.4094285079737941 0.6398660078280406
387 1280 1 1024 1e-06 8 0.05 7.057461428642273 0.4726877341357222 0.6903526111699163 0.6843504860756556 0.6383274064905493 0.7989539451623913
384 5120 4 1024 1e-06 32 0.2 10.15425580739975 -0.7319638615072648 0.7804851497371541 0.764690130853712 2.0965945065572282 1.4479621909971365
118 20480 4 4096 1e-05 8 0.05 292.795860683918 0.6601512222335943 0.8203173219722073 0.8113453321677195 0.41139719849878964 0.6414025245497477
391 20480 1 1024 1e-07 512 0.1 2.154037574927012 -1.6156746357718617 -0.020933521940092417 -0.04750292762919931 3.1663530597733316 1.779424923893484
388 20480 3 256 1e-05 128 0.2 9.426229957739512 0.5405415007667903 0.8027552455583777 0.7901694739883474 0.5561883748804393 0.7457803797904845
395 5120 2 256 0.001 128 0.1 2.150597115357717 0.6136538213775631 0.7863023526536803 0.779013995840647 0.4676837050308057 0.6838740417875252
398 1280 4 32 1e-05 32 0.1 2.3013940612475077 0.2398113914414427 0.6571369192056479 0.6629554436219818 0.920231245047008 0.9592868419023624
372 20480 1 128 1e-07 32 0.05 28.428237001101177 0.1017048357038095 0.44888493147186687 0.470279237695288 1.0874133973507365 1.0427911571118813
393 20480 5 4096 1e-05 512 0.15 10.375612179438273 0.625346434807682 0.8001958935385606 0.7917861718187095 0.453529443715243 0.673445947136994
396 20480 2 32 0.0001 128 0.0 7.686206920941671 -0.021740276552651316 0.5849468411980776 0.6081559643032716 1.236847429994466 1.112136425981303
397 5120 2 32 0.0001 32 0.05 7.933880503972372 0.5218375618806219 0.7313688842877495 0.7268608513458462 0.5788300571875953 0.7608088177640919
402 1280 2 32 1e-05 32 0.2 2.432534889380137 0.2720971784877222 0.5926372205978652 0.6043921316142297 0.8811483257866732 0.9386950121241048
377 20480 2 128 1e-05 32 0.1 31.302085268497468 0.631154686086854 0.7958188151065441 0.7852540633738712 0.44649838031071093 0.6682053429229005
399 1280 2 512 0.0001 8 0.15 8.024605981508891 0.6225683899606745 0.789713958688807 0.777814003350764 0.4568923508143189 0.6759381264689238
401 20480 3 2048 1e-05 128 0.0 9.154539048671722 0.5907815608847007 0.7728246778805897 0.764054838300565 0.4953712663983671 0.7038261620587623
405 20480 2 64 0.001 512 0.15 2.9756694277127584 0.4748707898363522 0.6957234652449501 0.69743463485302 0.635684751703592 0.7972984081908053
406 5120 5 1024 0.0001 128 0.05 2.807116468747457 0.6247145755287509 0.7920105329635115 0.7775941085804807 0.45429432843516515 0.6740135966248494
407 1280 3 4096 0.0001 128 0.0 0.9311426957448323 0.5877324282158092 0.7709819979199317 0.7570496484719331 0.49906233348437357 0.7064434396923603
263 20480 5 1024 1e-06 8 0.0 154.95583018461863 0.5753815206214246 0.7641521062868324 0.7540142069608169 0.5140134797460787 0.7169473340114173
411 1280 1 256 1e-06 512 0.15 0.14554475545883178 -15.587328757856437 -0.13432364671702868 -0.14179851130110865 20.079461890108647 4.481011257529783
371 20480 5 256 1e-05 32 0.1 42.5455424229304 0.6278195603259726 0.805455995240073 0.7924088833127816 0.4505356506627934 0.6712195249415748
409 1280 2 256 1e-06 32 0.05 2.011584480603536 0.3013418998684141 0.5730957619345602 0.5721877144163139 0.8457467082614695 0.9196448816045624
308 20480 2 256 0.001 8 0.0 114.84600330988566 0.5707619085274562 0.7616578789842705 0.7556998773831728 0.519605659556465 0.7208367773334439
416 1280 1 1024 1e-07 512 0.05 0.14567503531773884 -32.760302754709265 -0.20078830934772093 -0.2355542377340432 40.86786501055143 6.392797901588273
417 1280 1 2048 1e-06 128 0.15 0.4860059817632039 0.1596174208673432 0.47999555027776786 0.4928735893201008 1.0173084658259381 1.0086171056580084
408 1280 3 512 1e-07 8 0.05 8.936173872152965 0.13709162814526799 0.46415782684862 0.49009579856051905 1.0445766175042586 1.022045310886097
410 5120 2 64 0.0001 32 0.2 9.66355737845103 0.5607328505215154 0.7498398294157476 0.7365448300939715 0.5317461368426943 0.7292092544960564
413 1280 2 32 1e-06 8 0.0 7.400427508354187 -0.06789788421444376 0.3748542954899098 0.4040604938833478 1.2927226066135202 1.1369795981518402
419 1280 2 4096 1e-05 512 0.0 0.21496283610661823 0.6033242216683032 0.7785965150036144 0.7661363366154671 0.480187997116047 0.6929559849774349
418 20480 1 128 0.001 512 0.2 2.1088847557703656 0.5997319054172306 0.7760827083111201 0.7744035436892839 0.48453660431577256 0.6960866356393955
422 1280 4 256 1e-06 128 0.0 0.5907402078310648 0.26292902501602633 0.5604915414255479 0.5593205907906795 0.8922466521612796 0.9445880859725468
423 1280 5 32 1e-07 512 0.2 0.19359034697214764 -41.07076977784367 0.03344958950017898 0.04316504824584764 50.92793606334199 7.136381160177894
403 20480 4 4096 1e-06 128 0.0 19.679829756418865 0.5641406871063668 0.7586010849512208 0.745785452775614 0.5276208478445589 0.7263751426395034
426 1280 1 512 1e-07 128 0.2 0.49552988608678183 -24.39450159464356 -0.09814070712276747 -0.10239459010395276 30.74081031561127 5.54443958535137
424 1280 5 32 1e-05 32 0.05 2.459223206837972 0.3456462244405284 0.6679299258793022 0.6674882795001351 0.792114986734794 0.8900084194741047
394 20480 2 256 0.0001 32 0.2 32.18121365308762 0.5909725733981113 0.7753056243139672 0.7802822442575477 0.4951400399881627 0.7036618790215672
400 20480 1 32 0.0001 32 0.15 28.466811589399974 0.5061518972993078 0.7262235328818044 0.7379018189830524 0.5978180273893884 0.773186929137701
243 20480 4 2048 1e-05 8 0.2 199.3548370162646 0.6218287178549473 0.7929656338125791 0.78890409519 0.45778774621371937 0.676600137609888
431 1280 3 512 1e-05 512 0.05 0.21492934226989746 0.5463325728325195 0.7543070756948502 0.7444851466200182 0.5491781074320651 0.7410655216862171
412 20480 4 4096 1e-05 128 0.05 21.009152003129323 0.653684370280579 0.8090497269691106 0.80280817597714 0.4192255178885554 0.6474762682049091
425 5120 4 64 0.001 32 0.2 9.372956868012746 0.5169768608166684 0.7289361009584315 0.7237315340423464 0.5847140824696432 0.7646659940586107
430 5120 4 128 0.001 128 0.15 2.511246124903361 0.5800143329488703 0.7716554608437093 0.7614292759149998 0.508405320654826 0.7130254698500089
390 20480 5 512 1e-06 32 0.15 42.84529418945313 0.4018214983994256 0.796152018002343 0.7834975288628535 0.7241131228367363 0.8509483667278153
436 1280 2 1024 1e-07 128 0.05 0.5497545997301737 -1.438242835827146 -0.03378719665644766 -0.07399249947824392 2.951566512940356 1.7180123727553176
432 20480 4 1024 1e-07 512 0.2 3.528589753309886 -0.17456534174932847 0.6520124364853176 0.6546244354385616 1.42184678204605 1.1924121695311778
434 1280 1 256 1e-05 32 0.1 1.8130783001581827 0.5256311925544543 0.7278515635443495 0.7328719643130689 0.5742377528055961 0.7577847668075652
428 5120 2 4096 1e-07 32 0.1 8.780038678646088 0.5526024287509416 0.7468409675799376 0.7433737023597793 0.5415882576854144 0.7359268018528843
437 5120 1 2048 0.0001 128 0.2 1.891189726193746 0.6404881015423289 0.8024732592418423 0.7970346674261296 0.4351999993188953 0.6596968995826002
429 5120 4 64 1e-05 32 0.2 9.390763839085897 0.37625281624460405 0.7626506709715482 0.7500955788481004 0.7550647839753553 0.8689446380382096
427 1280 4 512 0.001 8 0.2 10.109940469264984 0.5988931108234393 0.7836039528498869 0.7681337202926204 0.4855519904774344 0.6968156072286515
404 5120 4 512 0.0001 8 0.0 37.66274909973144 0.606133477500655 0.7796178611442882 0.7766269651389214 0.4767873081775972 0.6904978697849814
441 1280 1 512 1e-05 512 0.1 0.14931799173355104 0.29011115146440536 0.5746664649014329 0.5691248065561877 0.8593418680287637 0.9270069406583554
442 1280 5 256 1e-05 512 0.1 0.2048526644706726 0.050329598813479204 0.7192643781863697 0.7106106524186403 1.1496046715633546 1.0721961907987523
392 5120 3 4096 1e-05 8 0.05 54.37243662277857 0.6424745728547423 0.8044089299985019 0.7868697816030241 0.43279531586469505 0.6578718080786674
438 20480 1 128 0.0001 128 0.2 7.464097785949707 0.602011308655515 0.7821701164375037 0.7821662308268821 0.48177731792774325 0.6941018066016996
415 20480 4 32 0.0001 32 0.0 32.822464275360105 0.06760227931010687 0.5975342103677214 0.6072114088591818 1.1286955707168551 1.062400852181913
443 1280 2 2048 1e-05 32 0.1 2.056290380160014 0.6024466299499527 0.7789533455518287 0.768947783901224 0.4812503483674712 0.6937220973613795
440 5120 2 256 0.0001 128 0.05 2.223950199286143 0.6312323978218745 0.7959601596446306 0.7867179787815551 0.4464043079109571 0.6681349473803605
449 5120 4 256 0.0001 512 0.2 0.7208165963490804 0.5102533203141393 0.7825887900411583 0.7706530295280637 0.5928531310927189 0.7699695650431378
444 20480 3 2048 1e-07 512 0.0 3.372093665599823 0.55077691761273 0.7438239507660561 0.7396555785948362 0.5437980939926816 0.7374266702477486
448 20480 1 128 0.001 512 0.1 2.1454028685887656 0.5468647238777985 0.7559248212685037 0.7721156378112991 0.5485339225371102 0.7406307599182673
455 5120 1 128 1e-07 512 0.1 0.547110911210378 -38.57035800696734 0.009951387070742987 0.007827171565945625 47.901112178929004 6.92106293707325
323 20480 4 1024 1e-05 8 0.0 140.50107286373773 0.6365351333140602 0.7981849706229471 0.7864679940110132 0.43998518661764824 0.6633137919700209
421 5120 2 256 1e-06 8 0.2 30.547846448421478 0.552176571896593 0.7467614521382278 0.7425588536742982 0.5421037702554227 0.7362769657237843
315 20480 1 4096 1e-06 8 0.2 145.1707212249438 0.6307935196097438 0.7954491406819095 0.7844713544161869 0.4469355832274063 0.668532410005234
454 20480 4 128 0.001 512 0.2 2.7621816635131835 0.521068136372123 0.7406896398286635 0.7359815649665121 0.5797614699786913 0.7614206918508921
456 1280 4 4096 0.0001 128 0.1 1.3255183299382527 0.6337697828197897 0.7971336915089706 0.7858830017716502 0.44333272681975566 0.6658323563929254
451 5120 1 1024 1e-05 32 0.2 7.184383324782053 0.6369575700602601 0.7983981135201009 0.7851648592314148 0.4394738141917364 0.6629282119443526
350 20480 1 64 0.0001 8 0.15 110.36999913056691 0.42179761325057397 0.6894855381266841 0.7183133235339241 0.6999314331432657 0.8366190489961758
460 1280 4 4096 0.001 128 0.0 1.2396931608517965 0.5767835066397176 0.7642899538755469 0.7561609596590174 0.5123163333739454 0.7157627633328975
453 1280 3 64 0.001 8 0.05 8.402784736951192 0.568443687880561 0.7569550349649394 0.7454144407927061 0.5224119355887131 0.7227806967460553
307 20480 5 128 1e-05 8 0.1 157.8791689515114 0.5693286522999046 0.7739372218207459 0.7651129076557127 0.5213406594603073 0.722039236787245
464 20480 5 32 1e-05 512 0.15 2.875995890299479 0.32111390073360435 0.7259120498819275 0.7156113316986998 0.8218121047059849 0.9065385290796993
465 1280 1 1024 1e-05 512 0.15 0.15560210943222047 0.4101705221191645 0.6509875246853685 0.6413734798341498 0.7140063777394761 0.8449889808390852
435 20480 1 256 1e-07 32 0.15 28.515041255950926 0.19848871706301485 0.5016317398333616 0.511809628229531 0.9702535890598145 0.9850145121061996
462 1280 2 2048 0.001 8 0.15 7.988919619719187 0.6257283906475671 0.7914739478563502 0.8029186014678724 0.45306707464770746 0.6731025736451373
469 1280 4 512 1e-07 128 0.2 0.6645338892936706 -2.281823891292913 -0.10616966515477104 -0.14252591860981617 3.9727468308634366 1.9931750627738238
446 5120 4 4096 0.0001 32 0.05 19.244486276308695 0.5665760322750335 0.7665253444537171 0.7622600968682379 0.5246727890451369 0.7243430051054106
468 1280 3 1024 0.0001 32 0.0 2.1329480250676474 0.6012863763747389 0.7772270191566772 0.7615255975022486 0.4826548703243496 0.6947336686273018
450 5120 4 4096 1e-05 32 0.2 19.35852998495102 0.6422340445270145 0.8038309196777016 0.7972103290761414 0.43308648266199007 0.6580930653501753
433 5120 3 64 1e-07 8 0.15 32.980383491516115 -0.32162102202630627 0.2562675590603288 0.27310204865638227 1.5998621195938159 1.2648565608770885
351 20480 2 32 0.0001 8 0.2 124.47353814840316 0.47852473574887966 0.6945325528834557 0.6974855627344273 0.6312615399393492 0.7945196913477659
476 5120 1 2048 0.001 512 0.05 0.6871237198511759 0.6074490147517588 0.7827142644003711 0.7772620527193147 0.47519481064624836 0.6893437536137166
420 20480 5 64 1e-05 32 0.1 49.890285615126295 0.5123551515787059 0.7681574659859521 0.7535072273515525 0.5903088009361036 0.768315560779621
471 1280 4 4096 0.0001 32 0.05 4.813919540246328 0.6155212137222364 0.7850443407496073 0.7692557759610931 0.46542317025958824 0.6822192977771797
477 5120 3 512 1e-07 512 0.1 0.6344385584195454 -1.6987823866496825 -0.07384534765770771 -0.10274046112872538 3.2669574995167387 1.8074726829240708
478 5120 4 128 1e-06 512 0.15 0.7242263634999593 -0.25328319456817283 0.415094260355262 0.4339227284180706 1.5171371177487487 1.2317212013068333
312 20480 2 2048 1e-06 8 0.05 167.60979931751888 0.5932734629452556 0.7748824606443341 0.7674877219813114 0.4923547437750306 0.7016799439737683
295 20480 4 256 0.001 8 0.1 181.89041752020518 0.6057985652901973 0.7810122784158394 0.7741853223107914 0.47719272951243585 0.6907913791532403
482 1280 5 128 0.001 128 0.1 0.8589558323224386 0.6108151033334779 0.7828251158188123 0.7683331666062417 0.47112005886541414 0.6863818608219583
342 20480 3 256 1e-05 8 0.15 136.15102559725443 0.638804183616412 0.8079498937154026 0.8074081335235083 0.43723843277090657 0.6612400719639627
472 20480 2 256 0.001 128 0.05 8.345489279429119 0.6156383300214604 0.7854555623148514 0.7810188753401764 0.4652813974460564 0.6821153842613846
479 5120 1 1024 1e-05 128 0.05 2.3697068214416506 0.6250059762693895 0.7912983195851919 0.7793963930101481 0.45394157904725485 0.6737518675649478
484 1280 1 64 1e-07 32 0.05 1.783520189921061 -43.343565686746295 0.008110691716622914 -0.014813872852184247 53.679224079815995 7.326610681605513
473 5120 3 2048 1e-05 32 0.0 9.371585675080617 0.60094858248295 0.7790239864762114 0.771784401841148 0.483063780021378 0.6950278987359989
474 5120 5 256 1e-06 32 0.0 9.87978466351827 0.4695507458685716 0.7071778884434912 0.6879544810112795 0.6421248254287937 0.8013269154526096
488 5120 4 64 0.001 128 0.0 2.197029451529185 0.5108195009539225 0.7235231437541474 0.7096035392900889 0.5921677523469664 0.769524367610907
490 1280 4 32 0.001 32 0.15 2.2995834986368817 0.47842002581097853 0.7184044503571915 0.7091810780480013 0.631388294478208 0.7945994553724587
459 20480 1 512 1e-05 32 0.0 27.546268427371977 0.508486622132422 0.7383771688777635 0.7166852249504413 0.5949917725418018 0.7713570979396001
480 5120 3 256 1e-05 32 0.05 9.036458770434061 0.61503399060328 0.7894471277792376 0.780434129068118 0.4660129685442837 0.6826514253587139
491 1280 5 512 1e-07 32 0.15 2.849110460281372 -0.566895356872074 0.20021069391011742 0.24820339333327998 1.8967741016888637 1.3772342217970275
495 1280 2 4096 1e-07 512 0.1 0.35579821666081746 -1.404431121932645 -0.020255659323795455 -0.06287149774773394 2.9106364131940468 1.7060587367362376
439 20480 3 512 1e-06 32 0.15 45.987520205974576 0.36997398196108777 0.7899127893453747 0.7738281851693499 0.7626655023038238 0.8733072210303907
483 1280 4 32 0.001 8 0.0 10.760889649391174 0.46040627043372606 0.7007570092597495 0.689993508971593 0.653194488825442 0.8082044845368292
499 1280 2 256 1e-05 512 0.15 0.20209779342015585 0.3765484463522035 0.6231924300029918 0.6232801659047184 0.7547069148111415 0.8687386919040394
485 5120 5 32 0.001 32 0.05 12.33026063044866 0.5083291890216541 0.7183437916414175 0.717064427725209 0.5951823500720389 0.7714806219679395
458 5120 3 128 0.001 8 0.15 33.03558434247971 0.5708894624443407 0.7607107346376842 0.7470705146794377 0.5194512516918591 0.720729666166073
445 20480 4 512 0.0001 32 0.1 41.37323326269786 0.6098747059973728 0.7861790501187231 0.7764273626712649 0.4722584382119343 0.6872106214341672
503 5120 1 2048 0.001 512 0.2 0.5441689332326253 0.615446744040557 0.7886528327706082 0.781899766246934 0.4655133180559622 0.6822853640933259
452 20480 5 256 0.001 32 0.2 42.22125394741694 0.580030222179573 0.7694221452334321 0.7586576671402196 0.5083860862616928 0.7130119818500197
493 1280 3 128 0.001 8 0.0 7.77523166735967 0.5867105946313291 0.7713706191632562 0.7520272010854195 0.5002992938664291 0.7073183822483543
463 20480 4 256 0.001 32 0.0 35.85025595823924 0.6107170106481637 0.7828341276634804 0.7762294773878654 0.47123880302037835 0.6864683554399127
494 20480 3 32 1e-07 128 0.1 9.092173866430919 -2.2126248309307797 -0.02692046581676629 -0.01108554144410149 3.8889792806052514 1.9720495127164661
498 1280 2 32 0.001 8 0.15 9.574524474143981 0.5048297451979702 0.7118246875784854 0.7025694654359611 0.599418532396511 0.7742212425376296
508 5120 3 32 0.0001 128 0.15 2.278090993563334 0.5223734015440613 0.7424248846228951 0.7335029879702953 0.5781814071090741 0.7603824084689716
466 20480 2 512 1e-05 32 0.05 32.39831671714783 0.6351809861034515 0.7987865106985432 0.7915344285504935 0.44162442266981455 0.6645482846790101
502 20480 2 64 1e-06 128 0.2 10.35841945807139 0.3691292352071571 0.6441206905514615 0.6471902376362133 0.763688093734907 0.873892495524997
509 5120 4 512 1e-06 128 0.2 3.2783785661061606 -0.6980694787999269 0.7246913471739501 0.7196813116928268 2.0555643337189164 1.4337239391594592
475 20480 2 128 0.001 32 0.2 31.26994255781174 0.4841988219416318 0.69731312578365 0.7047222361418461 0.6243928874196001 0.7901853500411155
510 20480 3 1024 0.001 512 0.2 2.685599438349406 0.5908491104303366 0.7734847124599707 0.7571324491418225 0.4952894956354498 0.7037680694912564
501 1280 5 32 1e-07 8 0.2 12.31628006696701 -6.0282621586683645 -0.13076358171573407 -0.14723795525796568 8.507923381082815 2.9168344795484735
511 5120 2 512 1e-07 128 0.1 2.118278662363688 -0.22542739385211696 0.23659855665250223 0.2894793716854988 1.4834168305909035 1.21795600519514
500 1280 3 4096 1e-05 8 0.1 14.372398165861766 0.5118208101516608 0.7852167584157456 0.7638178488026143 0.5909556373542687 0.7687363900286422
338 20480 5 2048 1e-05 8 0.05 169.26243159770965 0.6204037468284881 0.7884574706709867 0.7815857069935521 0.4595127166316803 0.677873673062821
487 5120 1 32 1e-07 8 0.0 26.94060500860214 -4.380173888865097 -0.045649121548808964 -0.04970937733482169 6.51286280875433 2.552031114378179
369 20480 3 128 0.001 8 0.0 133.75650247335435 0.39666301806380744 0.6745806196380094 0.7119309990047553 0.7303576189109376 0.8546096295449389
515 20480 2 1024 1e-07 512 0.1 2.403280266125997 0.3402805713826166 0.6016389104132744 0.5987178708706121 0.7986102716395955 0.8936499715434425
519 1280 5 256 0.001 32 0.05 3.36436714331309 0.5803926058380049 0.7683705740960083 0.7575812931351421 0.507947409910286 0.7127042934557684
461 20480 5 2048 0.001 32 0.0 50.77517056465149 0.5880477300157072 0.7728572522454803 0.7712087777422307 0.4986806511431505 0.7061732444260053
470 5120 4 2048 1e-05 8 0.15 40.54366159439087 0.6593519931056375 0.8129270161787546 0.8108785682127521 0.4123646894703948 0.642156281188929
520 1280 5 128 1e-06 32 0.0 2.241079886754354 0.34207448210343494 0.6060009953547525 0.6167853582330639 0.7964386885909465 0.892434136836409
525 1280 1 256 0.001 512 0.1 0.16405935684839884 0.6225066046435609 0.7922538722191813 0.7827627015404582 0.45696714380470704 0.6759934495279574
521 1280 3 1024 0.0001 128 0.15 0.6128287037213643 0.6158791606849143 0.798167113578245 0.7868470296273516 0.46498986466224396 0.6819016532185884
517 20480 5 2048 0.001 512 0.2 5.375249628225962 0.5613252290728038 0.7620682384179285 0.7459837330040004 0.5310290447346913 0.7287173970303518
524 1280 4 128 0.001 32 0.15 2.945485480626424 0.6210446381204463 0.7963806734558261 0.7841681329857054 0.4587368983874991 0.6773011873513135
523 1280 4 2048 1e-05 32 0.1 3.2718695918718974 0.4551657387828726 0.7771971746202244 0.7644319061784669 0.6595383104921694 0.8121196405038912
529 5120 3 2048 0.001 128 0.05 2.455867330233256 0.6122122609064906 0.7868175569833847 0.769713411561334 0.46942875747196355 0.6851487119392137
486 20480 1 4096 1e-06 32 0.1 36.45572372277578 0.6283112408851138 0.7937244528569142 0.7815444664754864 0.44994045651227604 0.6707760106863364
533 1280 1 128 1e-06 32 0.1 1.8082319219907126 -0.14631237588388224 0.3011865277571614 0.31828517664710443 1.387645714492658 1.1779837496725742
522 5120 1 128 0.0001 32 0.15 6.989212354024251 0.607611848744826 0.7842497201760584 0.7999262590586247 0.47499769518504686 0.6892007655139734
536 1280 3 2048 0.0001 512 0.05 0.22968417406082153 0.5716734319674059 0.7708972230964974 0.7597895192720608 0.5185022329323473 0.7200709915920425
362 20480 5 64 1e-07 8 0.05 156.24174877405167 0.33300964400065247 0.6479794470635044 0.6445302242209686 0.8074119485945268 0.898561043332353
537 20480 3 128 1e-06 512 0.2 2.5827755967775983 0.02892388544441271 0.663334742286806 0.679665095885501 1.1755169333928055 1.0842125868079588
528 5120 5 128 0.001 32 0.2 9.884198121229808 0.5743814059324168 0.7651338492651271 0.7391117585910574 0.5152241487499204 0.7177911595651764
414 20480 1 64 0.0001 8 0.0 103.86255303223928 0.1553098152344068 0.6326987500760336 0.6231611177293078 1.0225229524022168 1.0111987699766138
531 20480 2 128 0.0001 128 0.1 10.258270903428395 0.5670022729166289 0.7596344652131573 0.7480820494983604 0.524156811889088 0.7239867484209142
497 20480 2 512 1e-06 32 0.15 32.318089203039804 0.6276237205087573 0.7924540506081802 0.7842851161720786 0.4507727206698901 0.6713960981938234
353 20480 3 1024 0.0001 8 0.15 172.61679785251619 0.5489930724522103 0.7506034857053708 0.7412918840426337 0.5459574923769178 0.738889364097845
496 20480 2 2048 1e-06 32 0.2 33.39690765539805 0.5913786231195446 0.7844424019274145 0.7753178041603612 0.49464850455011644 0.703312522674036
535 5120 1 128 1e-05 32 0.1 8.839122184117635 0.5927462479671617 0.7750241068897027 0.7751408716792756 0.49299295341173993 0.7021345693040187
545 20480 4 128 0.001 512 0.15 3.418797469139099 0.5727320798332198 0.7670580589661764 0.770736376150937 0.5172207077520746 0.719180580766802
539 5120 1 32 1e-06 32 0.1 9.010799360275268 -0.2143818934602031 0.34729500953727105 0.3513888503105187 1.4700459191310598 1.2124545018808168
339 20480 4 32 1e-05 8 0.2 187.46147735118865 0.3986969266214828 0.6939233587549515 0.7040518936342787 0.7278955112401974 0.8531679267531084
534 1280 5 256 1e-06 8 0.05 12.667907122770945 0.477987577104265 0.739715674721247 0.731301217106101 0.6319117866843759 0.7949287934679281
551 1280 2 1024 1e-05 128 0.2 0.6824595173199971 0.6069025347235188 0.7877489315277464 0.774817670641074 0.47585634120737336 0.6898234130611786
550 5120 3 256 1e-07 512 0.05 0.80681205590566 -7.204631823309269 -0.1666294200025049 -0.2078280652612857 9.931954350424345 3.1515003332419855
506 20480 2 512 0.0001 32 0.1 32.69879267613093 0.6288460845667581 0.7946441126900072 0.7906613676029314 0.4492930120997661 0.6702932284454066
548 1280 5 1024 0.001 32 0.2 3.5343279679616293 0.5952296733773326 0.7753666290970125 0.7613982756004151 0.48998669202942824 0.699990494242192
507 5120 2 2048 1e-07 8 0.2 32.37422475020091 0.5434761724246189 0.739169667845396 0.7356147047317498 0.5526358663015373 0.7433948253125907
549 1280 1 128 0.0001 32 0.15 2.2728410879770915 0.6365362320097403 0.8012258710320806 0.8088254381269767 0.4399838566133805 0.6633127894239493
552 1280 1 64 1e-05 128 0.2 0.6026955167452495 -0.02425656666293774 0.41941782909725994 0.44855040402069724 1.239893475087774 1.113505040441117
555 1280 4 64 1e-07 512 0.0 0.1722174644470215 -37.141760929656755 -0.009232900638132563 0.021443593590393967 46.171752317016825 6.794979934997367
556 1280 5 256 0.001 128 0.2 0.7059446295102437 0.6108144567065281 0.7827392683952588 0.7677352245343108 0.4711208416268452 0.6863824310301402
543 5120 5 64 1e-07 32 0.2 10.049621299902599 -1.7240864802368492 0.0487022927298546 0.06492425888255242 3.2975888682117493 1.8159264490093616
553 20480 2 32 0.001 512 0.2 2.8833905537923177 0.4946914536003606 0.7065308550954693 0.7051157963938548 0.6116912402409607 0.7821069237904499
544 20480 3 512 0.0001 128 0.05 9.603806177775065 0.6677582570502889 0.8188494530016039 0.8096390159813843 0.4021886533539783 0.6341834540209783
554 20480 3 32 0.0001 512 0.15 3.147532860438029 0.47240624228183026 0.6975153992069418 0.6916648047078574 0.6386681608721083 0.799167167038354
559 1280 4 256 1e-05 512 0.05 0.18603606621424357 0.45124214277397556 0.7245068544343028 0.7182007934920844 0.6642879418332324 0.8150386137068798
558 20480 4 1024 1e-07 512 0.15 3.639458505312602 0.17582963938976826 0.6754299661330415 0.6738626451816531 0.9976830861926467 0.9988408713066594
564 5120 3 32 1e-06 512 0.05 0.7939765890439351 -4.314415218842816 -0.09996308456016041 -0.09551648338268066 6.433259954796834 2.5363871855055637
504 5120 4 256 1e-05 8 0.1 37.967287158966066 0.6166062803151953 0.8035335527467694 0.7905622837737415 0.4641096644130711 0.6812559463322658
561 5120 4 512 1e-06 128 0.0 2.345471179485321 0.532566593321151 0.7413300934509758 0.7186277927328135 0.5658422409410618 0.7522248606241766
512 5120 2 32 1e-05 8 0.2 30.793621822198233 0.5162108869265047 0.7209107330500761 0.7119680229888958 0.5856413169726112 0.7652720542216417
568 1280 4 128 0.001 128 0.15 0.6377495328585306 0.6136864385617999 0.7919950083776672 0.7803538126855729 0.46764422094524816 0.6838451732265485
569 5120 1 256 0.0001 512 0.2 0.6870263536771138 0.6402797354214137 0.8025556300725134 0.7990497545687983 0.43545223279453116 0.6598880456520873
513 20480 3 1024 1e-05 32 0.0 33.27450395425161 0.5994541893246668 0.777514160285177 0.769398150035887 0.4848727880243317 0.696328074993628
574 5120 3 128 1e-07 512 0.05 0.6513668656349182 -21.683085412973565 -0.12056945773472441 -0.16080444591958684 27.458559226069212 5.240091528405703
560 5120 1 64 1e-07 32 0.2 7.121387386322022 -15.616117985940225 -0.11267050503187398 -0.12662507524419755 20.114312119256017 4.484898228416785
557 5120 3 32 0.0001 32 0.05 10.424852001667023 0.47581227278474414 0.6993152920274193 0.7158258151882826 0.6345450581906465 0.7965833654995857
570 20480 5 64 1e-05 512 0.2 3.830940612157186 0.2865443761672455 0.7675660583602876 0.7555265369329499 0.8636595571332242 0.9293328559419516
572 5120 4 4096 0.001 512 0.0 2.3722583452860513 0.593138970932638 0.7762682228714469 0.777078023611465 0.4925175504138392 0.7017959464216356
514 5120 4 128 1e-07 8 0.2 35.985588486989336 -0.5254963519978884 0.441481034556936 0.46026193225492296 1.8466593573081018 1.3589184513090187
566 1280 2 64 1e-06 8 0.0 7.2800631364186605 0.17998577447161124 0.48365004934333655 0.47942651578484713 0.9926519592882326 0.9963192055201147
581 1280 2 2048 1e-06 512 0.2 0.1667635480562846 0.2944469670542734 0.5721938401421645 0.577354831572464 0.8540932324485434 0.9241716466374325
541 20480 4 4096 1e-05 128 0.1 21.373344870408378 0.6558649333181557 0.810297950158761 0.8029985136763245 0.416585880545426 0.6454346446739794
562 20480 4 512 1e-05 128 0.1 10.226072978973388 0.623262315093293 0.8016569375429039 0.7902251855828318 0.45605233350602264 0.6753164691505921
582 1280 3 4096 1e-06 128 0.15 0.9519065578778585 0.46530577425919717 0.7718337586720816 0.7662808014123497 0.6472634916299235 0.804526874398813
532 5120 2 256 0.0001 8 0.1 31.145017258326213 0.6206440603749747 0.7920328410241645 0.7804878319296153 0.4592218098335578 0.6776590660749384
583 1280 5 64 1e-06 32 0.0 2.247459598382314 0.02805097436462689 0.406626360677904 0.4069754524097767 1.1765736185900355 1.0846997827002804
586 1280 2 4096 1e-07 128 0.2 0.6330186128616333 0.06397062970738054 0.40260448578810765 0.4389488653141527 1.1330917921254189 1.0644678445709006
573 5120 4 32 1e-06 32 0.15 9.251794572671255 -0.1825218622292657 0.5068271683472008 0.5250837047605722 1.4314783901299677 1.196444060593711
579 1280 1 128 0.0001 8 0.15 7.155586743354798 0.6242412804136209 0.7935347173941529 0.7921380733104529 0.4548672664510302 0.6744384823325477
588 1280 5 512 0.0001 128 0.2 0.717977249622345 0.5860074480169108 0.8021879824348654 0.7851781414658615 0.5011504740566504 0.7079198217712585
575 5120 2 2048 1e-07 32 0.2 8.13165222009023 0.4437340845725344 0.6737728899406422 0.670501624948391 0.6733766727992205 0.8205953160963207
571 1280 5 512 1e-06 8 0.2 12.973470218976338 -1.2273085192101778 0.738425490719827 0.7328389636997059 2.696224158926878 1.6420183186940631
530 5120 4 1024 1e-06 8 0.15 39.91737839778264 0.14500114047664725 0.7837212947320443 0.7719046388585308 1.035001914202375 1.0173504382474974
593 1280 5 256 1e-06 512 0.2 0.25163635810216267 -1.3456729332646233 0.07790536682690673 0.06727369758123 2.839507853115768 1.6850839305849925
542 5120 2 256 1e-07 8 0.15 30.761075508594512 0.19137711966182913 0.49068811562362497 0.5002801977897868 0.9788623922661336 0.9893747481445712
591 5120 4 4096 0.0001 512 0.15 2.373192818959554 0.6151077626382553 0.7925763655014317 0.783197325767629 0.46592366527029283 0.6825860130930701
590 1280 5 512 1e-07 32 0.05 2.7167209148406983 -0.1636274588401827 0.2867750922282694 0.3396114848277704 1.4086061447958453 1.1868471446634759
577 5120 4 32 1e-06 32 0.05 11.637775576114654 0.19353319734050378 0.5335327527729581 0.5574388088556519 0.9762523951886622 0.988054854341935
538 20480 5 128 1e-05 32 0.0 36.35624265273412 0.36761648125933166 0.6843062559867427 0.6830107841567782 0.7655193280275344 0.8749396139320327
584 20480 4 1024 1e-06 128 0.0 9.55733927488327 0.5066096983012298 0.7333061946190635 0.7200085711915538 0.5972638454650088 0.7728284709202998
518 20480 4 256 0.001 32 0.2 49.27269132534663 0.6143405193750815 0.7844982919257223 0.7671889766298063 0.4668524363875859 0.6832660070481963
576 20480 5 32 1e-07 128 0.1 13.165896264712016 -2.286797949999352 0.0015432887916125263 -0.00573025929995729 3.978768078991638 1.994684957328259
595 5120 1 512 1e-06 128 0.2 1.907993233203888 0.3270813580493066 0.5907973000151671 0.5870066705927924 0.8145883175910921 0.9025454656642468
598 5120 2 4096 1e-06 512 0.1 0.9454728047053019 0.6060920237862754 0.781826833996769 0.7735727891181073 0.47683748914948487 0.6905342056332074
596 5120 2 128 0.0001 128 0.1 2.0871386766433715 0.6077158273496961 0.7803113886980354 0.7656206251668907 0.47487182594688593 0.6891094440993287
587 20480 1 4096 0.001 128 0.15 8.369827278455098 0.5738612806095056 0.7660749450729724 0.766503278839331 0.515853776145141 0.7182296124117559
385 20480 3 128 0.0001 8 0.2 171.11628978252412 0.5703525019972928 0.7844668936478725 0.776611532871661 0.5201012585127517 0.7211804618212779
592 1280 2 64 0.001 8 0.05 7.616457696755727 0.5712176916463914 0.7570054145086794 0.7603680753669542 0.519053920340319 0.7204539682313639
447 20480 1 2048 0.0001 8 0.1 109.88880711396536 -0.2692968297071747 0.5441883282012375 0.7798395441038771 1.5365221062052774 1.2395652892063722
547 5120 1 1024 0.001 8 0.2 35.89499218463898 0.34324395381049433 0.6645998483536684 0.7385649469720879 0.7950230078073641 0.8916406270506992
526 20480 3 4096 1e-05 32 0.2 56.37255052725474 0.6604198687950531 0.816041676489663 0.8091174013174984 0.4110719937312549 0.6411489637605717
546 5120 4 512 1e-07 8 0.15 41.11531895001729 0.017915168433217277 0.6725844801570415 0.6731173232542629 1.188843317460559 1.0903409179979255
563 20480 2 32 1e-06 32 0.2 39.234991196791334 0.35992115933265156 0.6408227910995145 0.6506764962220509 0.7748347473825468 0.8802469808994217
481 20480 5 4096 1e-05 32 0.1 97.0785652478536 0.613937277709325 0.7839365700956461 0.785132186574458 0.467340572589518 0.6836231217487586
585 20480 3 256 0.0001 32 0.15 35.048897512753804 0.6287723081348726 0.8031163004877108 0.7998881751209673 0.4493823206963494 0.6703598441854565
599 5120 4 32 0.001 8 0.0 32.35665014982224 0.3877547628047733 0.6763453771964882 0.6741912575005551 0.7411413306581599 0.8608956560804334
540 20480 4 4096 1e-06 32 0.05 74.50645387570063 0.5764218913431749 0.7729421194358699 0.7640156885045881 0.5127540796001043 0.7160684880652858
594 20480 5 256 0.001 32 0.1 43.01330382029216 0.5347104325766596 0.7407315236173854 0.719341356386183 0.5632470588440581 0.7504978739770407
597 20480 4 64 1e-05 32 0.2 45.95235355695089 0.44540957593813313 0.7702731704493422 0.7574005517564182 0.6713484399526983 0.8193585539632197
489 20480 3 64 0.0001 8 0.05 132.91168464819592 0.5929552628964745 0.7707914202437812 0.7586388382793126 0.4927399345339648 0.7019543678430705
457 20480 5 32 1e-05 8 0.15 158.92394619385402 0.39214272906285186 0.7308030149073486 0.727739174125787 0.73582956512072 0.8578050857395985
467 20480 4 1024 1e-07 8 0.2 154.39315267403921 -0.7697053668472364 0.7775470145597931 0.7657944830566691 2.142281737407485 1.4636535578501781
527 20480 1 32 1e-07 8 0.05 121.10189205408096 -0.17144695340670246 0.3557294807779104 0.3683647757698509 1.4180718788775901 1.1908282323146315
492 20480 5 1024 0.0001 8 0.2 170.1970837831497 0.5567011403613953 0.7536962109748395 0.7278229190895908 0.5366266436255452 0.732548048680457
516 20480 2 64 0.0001 8 0.1 154.55916644334792 0.5156595376117967 0.7242223200941125 0.7126901156140364 0.5863087419519089 0.7657080004491978
589 20480 1 256 0.001 8 0.1 112.75391333500544 0.006812431830042542 0.5629160739622591 0.6771717979466397 1.2022835150809126 1.0964868969034298
505 20480 5 512 1e-07 8 0.15 170.65943854252498 -0.3641980804695306 0.7693928184673497 0.7542919040476734 1.651402933360995 1.2850692329057587
567 20480 4 256 0.001 8 0.0 132.541978319486 0.5941587490859681 0.771255280877424 0.7601022355879817 0.49128307819320155 0.7009158852481527
580 20480 4 128 1e-05 8 0.15 143.47501457134882 0.51890013047226 0.7765440420257619 0.7722992272394497 0.5823859065277777 0.763142127344427
578 20480 4 2048 1e-06 8 0.05 159.83189922571182 0.6290950045397046 0.7946647840138822 0.7862894627424479 0.4489916869627636 0.6700684196130747
565 20480 3 256 1e-07 8 0.1 170.52875698010126 0.4407379392166042 0.72449956258265 0.7175985835414017 0.6770035971442951 0.822802283142369
