1 1280 2 512 1e-06 256 0.0 0.4115171273549398 0.5996752667962986 0.7755521388859774 0.772137922911886 0.5324344583908427 0.7296810662137553
3 10240 2 1024 0.0001 1024 0.0 1.7402955293655396 0.706061110213973 0.8423453814115225 0.8272835541440205 0.3909406054698941 0.625252433397819
0 1280 1 5120 3.1622776601683788e-06 32 0.1 2.0252370476722716 0.7203977513279193 0.8500366168764858 0.8343747773153569 0.37187278099259974 0.6098137264711248
4 40 3 1024 1e-05 256 0.1 0.04196187257766724 0.4540938033841062 0.7001682590586035 0.7278606765058969 0.7260587368692232 0.8520908031831016
2 2560 4 5120 1e-05 64 0.1 8.048091268539428 -2.0134557193428986 0.8457373832553232 0.8297479045017843 4.007915401511565 2.0019778723831
6 1280 3 4096 0.0001 16 0.2 8.391281815369924 0.6787620522405351 0.8362727296829103 0.8274983871939218 0.4272485273670696 0.6536425073134928
8 2560 4 1024 3.1622776601683788e-06 64 0.1 2.7082989533742268 -2.290121373658637 0.8469220543448693 0.8278602636611285 4.375882493207578 2.0918610119239704
10 160 4 5120 1e-06 1024 0.1 0.18537721236546834 0.1924390319961341 0.48239507852043195 0.537855662482894 1.0740612581584736 1.036369267278065
7 10240 5 6144 0.0001 512 0.2 12.381364436944326 0.6537566838980162 0.814510710997338 0.7986513360980547 0.4605058273689109 0.6786057967398385
9 5120 5 5120 1e-05 512 0.1 5.381084501743317 -2.7069837879162546 0.8544169743344884 0.840099444064947 4.930312173288862 2.2204306278938017
12 160 1 5120 1e-06 16 0.3 0.5056821664174398 0.6740705140181988 0.8210801905358811 0.8143199941479564 0.43348830324211773 0.6583982861779926
13 5120 4 6144 1e-05 1024 0.0 4.376770408948262 0.7272915258473416 0.853265460194951 0.8395325767620332 0.36270401674177966 0.6022491317899759
17 160 1 8192 3.1622776601683788e-06 512 0.2 0.09448116620381673 0.4559609712777608 0.6801051019962958 0.7137032596143021 0.7235753916154166 0.8506323480890065
15 5120 3 256 1e-06 256 0.0 1.6689634521802266 0.6572543292003683 0.8137793835201992 0.7979287263943139 0.455853936721791 0.6751695614597795
18 640 2 4096 1e-06 256 0.3 0.33595313628514606 0.6729409535622408 0.8261185015520274 0.8194542017703469 0.43499062588097837 0.6595381913740692
20 160 4 5120 3.1622776601683788e-06 64 0.2 0.5280205567677816 -1.1581252320100486 0.8217517514320136 0.7989217578856127 2.870320376783199 1.6942019881888932
21 640 5 1024 0.0001 512 0.2 0.2425715446472168 -8.824214869295673 0.8393043323412237 0.8184861997301263 13.066268679400046 3.6147294061105106
16 1280 4 512 1e-06 16 0.2 4.956588399410248 -4.054437979700299 0.7649813047884833 0.737991743098665 6.722434875944733 2.592765873723413
23 160 4 512 0.0001 128 0.1 0.10945231914520263 -2.053838646049656 0.8379919628998123 0.8180331629793909 4.061624952598454 2.015347352839816
11 10240 4 8192 1e-06 256 0.3 21.074066996574402 -9.865478905898598 0.8380805510339695 0.8238979430479021 14.451156515167211 3.801467679090171
14 10240 4 5120 1e-06 128 0.2 17.06980841954549 -6.375884384600934 0.8501711063461159 0.8350887248978014 9.809973458397751 3.1320877156295848
26 40 2 7168 1e-06 1024 0.2 0.0542134960492452 -1.1645346611225964 0.10281492816981821 0.13683584568573443 2.8788449585416718 1.6967159333670654
27 40 5 5120 1e-06 512 0.3 0.06114040613174439 -1.7009356904178126 0.12132622604124049 0.16993865611681203 3.5922617620139787 1.8953262943393094
25 5120 2 6144 1e-06 1024 0.2 2.0688090761502584 0.7222320241976292 0.8514041590417554 0.8354204849268185 0.36943318633126243 0.6078101564890657
24 5120 1 8192 3.1622776601683795e-05 64 0.2 5.779454032580058 0.6980791940925085 0.8392994326983332 0.8198452362578816 0.4015566050186669 0.6336849414485616
29 2560 2 6144 1e-05 512 0.1 1.2205662767092387 0.7003920952552887 0.8514893327491266 0.8354939882043586 0.39848043166294816 0.6312530646760839
31 2560 3 512 3.1622776601683788e-06 256 0.2 0.8540926218032837 -1.0960258721749652 0.7911997276916571 0.7606659191440565 2.7877278305879916 1.6696490141907046
19 1280 4 6144 0.0001 16 0.2 19.230608610312142 0.6288149267983678 0.796394031336041 0.7803393917767313 0.4936785240104396 0.7026226042552571
28 1280 5 8192 0.0001 128 0.1 6.380496152242025 0.6835632859847927 0.8306796286091792 0.8171457786262212 0.4208628557454993 0.6487394359413488
30 640 5 8192 3.1622776601683795e-05 64 0.0 5.3740193804105125 0.7208437104545121 0.8512044006525381 0.8346545616064946 0.3712796524988099 0.6093272129970972
32 10240 3 6144 3.1622776601683795e-05 1024 0.1 5.846294744809469 0.3105367991535426 0.8463610424797237 0.828554305641832 0.916990471673675 0.9575961944753514
34 640 1 512 0.0001 1024 0.0 0.11374328533808391 0.6950841243395726 0.8372890948331748 0.8254903543249584 0.4055400669671341 0.6368202783887571
36 640 5 1024 1e-06 512 0.1 0.19449060360590617 0.2590318026790732 0.6932476690914482 0.7221924089612398 0.9854924467648628 0.9927197221597155
5 2560 4 7168 1e-05 16 0.3 50.381331185499825 0.6604656267516262 0.8378004768145755 0.8392461941325405 0.4515828904170754 0.6719991744169597
38 1280 2 1024 1e-06 128 0.3 0.6393220901489258 0.6005669166067613 0.8254417827490315 0.8118720106182907 0.5312485584338034 0.7288679979487392
37 1280 1 6144 0.0001 64 0.1 1.2374032974243163 0.6994000796241386 0.8410996153815675 0.8230728927179624 0.3997998188041316 0.6322972550977362
33 5120 3 7168 1e-06 128 0.1 10.11991772254308 0.31156767437418775 0.8451419957003212 0.8262740821001727 0.9156194010296499 0.9568800348160943
35 2560 2 8192 3.1622776601683795e-05 64 0.0 7.223190073172251 0.7241870317949274 0.8519396737444889 0.8361526424486335 0.36683301370918325 0.6056674117939509
41 40 2 1024 0.0001 16 0.1 0.14679628610610962 0.6661723124466365 0.832447799243332 0.8114038972173478 0.4439929619035068 0.666327968723741
39 10240 1 512 0.0001 256 0.1 2.956860888004303 0.680078418825453 0.831479888859219 0.8118816316591323 0.42549775138059603 0.6523018866909677
40 1280 1 7168 3.1622776601683788e-06 16 0.2 4.655543152491251 0.7190580964873545 0.8503191906400172 0.8346286474620059 0.37365453050819564 0.6112728772882007
43 640 5 256 3.1622776601683795e-05 128 0.3 0.41768563985824586 -8.56865900034238 0.5493915708626922 0.46748627251761105 12.726377737399442 3.567404902362422
45 2560 2 512 1e-06 128 0.1 1.3119134465853373 0.7022736721193215 0.8388565670225254 0.8236225084993672 0.3959779223862799 0.6292677668419699
44 10240 1 7168 1e-06 1024 0.2 2.5614147186279297 0.7156172305248516 0.846198873567058 0.8293514144048836 0.37823090426976513 0.615004800200588
46 5120 2 8192 3.1622776601683795e-05 512 0.1 3.590925228595734 0.703564123353559 0.8415439145613999 0.8245888886016682 0.3942616139821438 0.6279025513422795
22 5120 4 8192 1e-05 64 0.0 33.04038415749868 0.7288022716590558 0.8550638743178788 0.8384933937644756 0.3606947151390806 0.6005786502524716
50 40 3 512 1e-06 1024 0.3 0.04471033016840617 -30.948330633020458 0.1020316031891972 0.11770491952158488 42.49148430314006 6.518549248348137
51 1280 4 4096 3.1622776601683788e-06 512 0.0 0.6788725932439168 0.7213135942771587 0.8496234935943272 0.8381701489095367 0.37065470400608186 0.6088141785521112
49 640 4 2048 0.0001 32 0.0 1.2665568908055624 0.7095660134144526 0.8440538603665443 0.82700848821774 0.38627906177179316 0.6215135250111563
48 1280 5 7168 0.0001 512 0.1 2.3748571713765463 0.7262992168255966 0.8522856996476298 0.8417389284038979 0.3640237940943327 0.6033438440013561
56 40 1 256 0.0001 128 0.3 0.04017015298207601 0.6681560648895133 0.8191291553501653 0.8150872813706217 0.4413545584527583 0.6643452103031663
54 160 2 6144 3.1622776601683788e-06 64 0.1 0.3311450759569804 0.7315674507337102 0.8554819626912026 0.8401625153326856 0.3570170092646893 0.5975090035009425
53 160 5 8192 0.0001 512 0.2 0.3577128767967224 0.5970318306319466 0.8459477012078598 0.8293020190227853 0.5359502454150266 0.7320862281282353
55 40 5 5120 1e-06 128 0.3 0.11232956647872924 -1.1454863554820482 0.4870609599368156 0.5323588042865625 2.8535105900757896 1.6892337286698338
52 640 2 2048 3.1622776601683788e-06 32 0.0 1.1255205273628235 0.7136856033414296 0.8458454090276902 0.8331204295078691 0.38079998079168714 0.6170899292580354
57 160 2 8192 3.1622776601683788e-06 1024 0.0 0.09544390837351481 0.5987513578441184 0.776675119868524 0.785291839440155 0.5336632632129173 0.7305225959632716
59 640 4 512 1e-06 512 0.1 0.18099661668141684 0.20525198426138203 0.5167770895204071 0.5590166441737137 1.05701994960594 1.028114755076465
61 160 2 256 3.1622776601683795e-05 64 0.2 0.17717948754628499 0.3355936016607135 0.8063677916548637 0.78168682437818 0.8836647639035199 0.9400344482536371
60 5120 3 1024 1e-05 512 0.3 1.202692409356435 -6.359375785375389 0.7832637392266633 0.760527943834211 9.78801691572525 3.128580655141441
63 40 3 4096 1e-06 256 0.3 0.03655454715092977 -0.3190488797967683 0.22902212635230365 0.31466966915775696 1.7543434558370834 1.3245163101438515
65 1280 2 2048 3.1622776601683788e-06 256 0.0 0.4141534686088562 0.707282466343839 0.8421322093481496 0.8306819932945944 0.38931619399697964 0.623952076682961
64 160 2 6144 0.0001 256 0.0 0.13073384761810303 0.7077375879571736 0.843046772274473 0.8287693967273113 0.38871087933715703 0.6234668229642673
67 160 5 2048 3.1622776601683795e-05 1024 0.1 0.05869056781133016 0.10475710180122944 0.8196488179576928 0.8066777912928736 1.1906787867342876 1.0911822884991709
66 640 5 2048 1e-06 1024 0.1 0.20994502305984497 0.32363709220588477 0.6468927157043429 0.69150143612578 0.8995669980344984 0.9484550585212239
62 640 4 7168 1e-06 512 0.0 1.37442600329717 0.7197233875307747 0.8484290488941664 0.8326126154901206 0.3727696891606704 0.6105486787805461
72 160 5 512 3.1622776601683788e-06 64 0.3 0.20800964832305907 -5.3500680569503265 0.722396263870307 0.712115382390976 8.445631174446946 2.906136812754511
68 2560 5 1024 1e-05 512 0.0 0.7823899030685425 0.7155363989302395 0.8467925840979063 0.8313160235722712 0.37833841080815395 0.6150921969982662
69 160 4 6144 0.0001 32 0.3 1.2332485516866047 0.687369071814272 0.8430008667125642 0.8230783851895539 0.41580113622431425 0.6448264388378583
42 5120 4 1024 3.1622776601683795e-05 16 0.3 19.91944923798243 -1.6673146616173908 0.7639049094701016 0.7793171730775881 3.5475455784381147 1.8834929196676358
47 1280 5 4096 3.1622776601683788e-06 16 0.0 12.715313422679902 0.7297780479567164 0.8558901698332577 0.8433531989806438 0.35939692641541643 0.599497228029802
75 1280 3 1024 3.1622776601683795e-05 512 0.0 0.30999361276626586 0.713711996295313 0.8474508027303213 0.8310992736866468 0.3807648779940314 0.6170614863966406
58 10240 1 512 0.0001 64 0.1 8.142371869087219 0.6756963144385624 0.8276896024036713 0.8099775502659275 0.4313259782732346 0.6567541231490173
74 1280 5 5120 1e-05 512 0.3 1.1144262512524923 -9.86169842621006 0.8270165408013306 0.8102087501439269 14.446128452975508 3.800806289851603
76 40 4 6144 1e-05 256 0.2 0.06682275931040446 -0.029860380559024513 0.8236357383058348 0.8101289802880611 1.369720900212571 1.1703507594787859
78 40 3 6144 3.1622776601683795e-05 32 0.0 0.2405171593030294 0.703570966866649 0.8427889092709393 0.8237340535935678 0.394252512065916 0.6278953034271845
77 1280 2 512 1e-06 512 0.0 0.28121447960535684 0.410841095456723 0.6498167771810909 0.6816983327528078 0.7835851153544001 0.8852034316214551
82 40 5 4096 3.1622776601683788e-06 256 0.3 0.061221698919932045 -1.6224671110157871 0.5548275214364575 0.5911132842521184 3.487898048984644 1.8675915102036216
81 160 1 4096 0.0001 256 0.1 0.07203120390574137 0.695731826800668 0.8463761819223954 0.8288100557619786 0.40467861854671827 0.6361435518392985
80 5120 3 2048 1e-05 1024 0.1 1.1395358324050904 0.3226864773172331 0.8388683807924627 0.8225167523226536 0.900831321923075 0.9491213420438269
84 40 1 6144 0.0001 512 0.0 0.033354870478312176 0.6891109365125248 0.8316577111434402 0.8117164888891327 0.4134844450226931 0.6430275616353417
79 1280 2 5120 1e-06 64 0.3 2.027948804696401 0.41659996809431776 0.8429632035007064 0.8222590853667838 0.7759257778730474 0.880866492649736
85 5120 1 7168 3.1622776601683795e-05 512 0.2 1.5857678174972534 0.7075610470732984 0.8444697812281758 0.8271607660710589 0.38894567984308054 0.6236550968629059
87 2560 4 1024 3.1622776601683788e-06 512 0.1 0.6535895983378093 -0.18377828314830258 0.8318104852070497 0.8076358405322237 1.574432696173668 1.2547640001903417
70 5120 5 7168 1e-05 256 0.1 10.996670424938202 -3.188723239510991 0.8497523304772483 0.8337657027643072 5.571028728428187 2.360302677291238
73 10240 3 7168 3.1622776601683788e-06 512 0.3 9.727138002713522 -4.278825557310796 0.8257110397901871 0.8064679346434076 7.020871790892695 2.6496927729253246
91 160 4 512 3.1622776601683788e-06 128 0.2 0.1074201742808024 -0.08900380747575642 0.7264825501413056 0.7270554580532471 1.4483820366998965 1.2034874476702682
90 40 3 7168 0.0001 128 0.0 0.1826419711112976 0.7186155326583206 0.8494760237727382 0.837538367227612 0.3742431432344925 0.6117541526091118
94 40 1 1024 3.1622776601683788e-06 512 0.1 0.01887607971827189 -4.560823604181333 0.12237330017771567 0.15690903901274791 7.3959309988292405 2.719546101618658
93 40 1 8192 1e-06 16 0.2 0.17933454513549804 0.5154085777829277 0.7259875707661196 0.7527025725808855 0.6445096943278482 0.8028136111999149
86 2560 4 7168 0.0001 128 0.0 6.889771187305451 0.7185441360948175 0.8489491725070706 0.8325627378127975 0.37433810112109506 0.6118317588366062
88 5120 3 6144 3.1622776601683788e-06 128 0.2 8.246195574601492 -3.7089126061582256 0.8326355392961905 0.8200470569422003 6.262883916777402 2.502575456759976
83 10240 4 8192 3.1622776601683795e-05 1024 0.3 11.678386251131693 0.5519122760315311 0.8395876895825479 0.8397832398950682 0.5959595419285255 0.7719841591176114
98 1280 1 7168 0.0001 128 0.1 0.7402756611506144 0.7024272235503544 0.842123683514954 0.8255554161528711 0.3957736979998353 0.6291054744634125
71 5120 5 256 1e-06 16 0.3 19.619545249144235 -8.038601461551277 0.4389063514132585 0.36149350554648046 12.021397816914192 3.467188748383075
96 10240 4 1024 3.1622776601683795e-05 256 0.3 3.6948851188023886 -2.917490178338017 0.7481476533675049 0.7460608105244161 5.210287020396276 2.2826053141961
99 10240 1 1024 0.0001 512 0.3 2.332896308104197 0.6880686899955722 0.836618836133115 0.8159248279949879 0.41487063956361586 0.6441045253401158
102 160 1 5120 1e-06 32 0.2 0.2605779687563578 0.6492214132183636 0.8065564142680431 0.8032405730811304 0.46653776641162803 0.6830356992219573
100 5120 2 6144 3.1622776601683788e-06 1024 0.0 1.953952713807424 0.7318114794969499 0.8556898011255876 0.8424754725305411 0.35669244944709455 0.5972373476659799
104 640 1 512 1e-06 256 0.2 0.20858647425969443 0.3055458635383237 0.577570154578422 0.6184151809422681 0.9236284479982617 0.9610559026395196
95 5120 4 7168 3.1622776601683788e-06 256 0.0 8.54556581179301 0.7368342842424911 0.8584083660197357 0.8450421892883693 0.350012086975125 0.5916181935802219
92 1280 3 8192 1e-05 32 0.0 12.376132225990295 0.7223318102004064 0.8507345441997558 0.8359733814462881 0.3693004703086513 0.6077009711269609
103 1280 3 1024 3.1622776601683795e-05 32 0.2 2.360841389497121 -5.14448019180593 0.842555866395664 0.825205225011131 8.172197997451141 2.8587056507187203
105 160 4 4096 1e-06 64 0.3 0.39128814538319906 -1.571020442453794 0.7442914655354207 0.7228149013623519 3.4194736503905157 1.8491818867787224
108 640 5 512 1e-06 512 0.3 0.18209328254063925 -1.509240105417228 0.36949321654626766 0.4307369474516631 3.3373054065600005 1.8268293315359265
110 160 3 6144 1e-06 64 0.2 0.49111387729644773 0.5485549710794777 0.8250230132648183 0.8129656022606072 0.6004247790111664 0.77487081440145
101 10240 3 7168 3.1622776601683795e-05 256 0.2 13.038814866542817 0.1740381418255872 0.8232718359828526 0.8266322723448349 1.0985345599039327 1.0481099941818763
109 1280 3 8192 1e-05 32 0.3 12.371579865614573 -5.271319640885384 0.7913717430773515 0.7717321803963981 8.34089527686417 2.8880608159912717
112 2560 1 1024 3.1622776601683795e-05 16 0.2 7.098552298545838 0.6863553196716481 0.8375312427262098 0.8191879241520323 0.41714943306493407 0.6458710653566501
115 640 5 2048 3.1622776601683795e-05 1024 0.2 0.18698538541793824 -3.2192606766561225 0.8234447664633129 0.8085134195334247 5.611643715358658 2.36889081963662
114 640 1 7168 3.1622776601683788e-06 512 0.1 0.20532071590423584 0.6862922703792709 0.8285747077116647 0.8170080982141791 0.41723328902749257 0.6459359790470667
116 640 5 1024 3.1622776601683788e-06 512 0.2 0.19428237676620483 -2.238297044511929 0.782780726606509 0.7652661405686315 4.306955803617664 2.075320650795357
107 5120 1 5120 1e-05 16 0.3 15.893710700670878 0.6957327906690551 0.8381996614670071 0.8203317439093222 0.4046773365955918 0.6361425442427128
97 10240 1 4096 3.1622776601683788e-06 16 0.0 27.269053296248117 0.7081405338075532 0.8432525806694222 0.8253091396246642 0.3881749587761396 0.6230368839612463
89 10240 3 512 3.1622776601683795e-05 16 0.1 35.593300867080686 -0.988570811493223 0.8462370748729433 0.8299743122904757 2.6448119118597666 1.6262877703099679
118 640 5 5120 1e-05 256 0.1 1.3791012605031332 -1.131053014750814 0.8451536202345036 0.8292383210972142 2.8343141544883466 1.6835421451476487
121 2560 2 256 3.1622776601683795e-05 256 0.3 0.8273780663808187 -5.4972956941423305 0.8058916733075836 0.7798483208840443 8.641444874592723 2.939633459224589
120 5120 3 4096 3.1622776601683788e-06 512 0.1 2.1989261507987976 0.37145751242915015 0.8437641826635611 0.8281211376306122 0.8359655329492994 0.9143115076106717
122 2560 2 7168 0.0001 1024 0.3 1.3008055766423543 0.6926353581161777 0.8365822436782574 0.8169493398268178 0.40879694172339753 0.6393723029060592
124 40 5 2048 3.1622776601683788e-06 512 0.2 0.04171041250228882 -0.46839112570970465 0.2564368130441305 0.34796514253212746 1.95296959912128 1.3974868869228363
125 40 2 1024 1e-06 16 0.1 0.14951192537943522 0.34094604891670655 0.5996900667204436 0.6417677325225485 0.8765459747819891 0.9362403402876791
111 640 5 8192 1e-06 16 0.0 19.580291879177093 0.7206852150532768 0.8532958604215314 0.8393884823227633 0.3714904523972794 0.6095001660354814
126 40 1 1024 1e-05 256 0.0 0.039709389209747314 0.23687272002931725 0.5356424401741919 0.575771557781384 1.0149641685709128 1.0074543009838772
129 40 1 4096 3.1622776601683795e-05 128 0.3 0.045954604943593345 0.6976263126746638 0.8410058733104729 0.8248935917572076 0.40215894020414433 0.6341600272834487
128 10240 5 512 3.1622776601683788e-06 512 0.1 2.664171067873637 -3.9106879648842945 0.8357265699875633 0.8172218991217679 6.531246435825823 2.5556303402146843
113 10240 4 5120 3.1622776601683788e-06 128 0.0 17.377907105286916 0.7317008743344553 0.8554996788984215 0.8433324455477175 0.3568395550214036 0.5973604900070003
127 10240 4 256 3.1622776601683788e-06 256 0.1 3.777294572194417 -2.5321412599425654 0.8354732283761358 0.8116789262814029 4.6977704915887015 2.1674340801022534
132 1280 4 1024 3.1622776601683795e-05 128 0.3 0.7818811098734538 -6.439757987246317 0.7759262126804842 0.7717907176104069 9.894925758890913 3.145620091316005
119 5120 2 4096 1e-06 32 0.1 12.007473679383596 0.6722943028025208 0.8496072498008959 0.8323612151125764 0.435850675531831 0.6601898783924447
134 2560 4 1024 1e-05 256 0.0 0.8765711943308513 0.7167877131756485 0.8473503054929246 0.8311130232967383 0.37667415484974914 0.613737855154584
131 2560 5 6144 1e-06 256 0.3 4.381951606273651 -11.116930095515377 0.7874835597513039 0.7632325621774337 16.11559461024523 4.014423322252553
133 5120 4 1024 3.1622776601683795e-05 128 0.3 3.0608390529950458 -3.124540910681186 0.7413054733461575 0.7296030433160685 5.485665820133007 2.3421498287114355
139 640 1 5120 0.0001 512 0.3 0.17870465517044068 0.7013656249079756 0.8413892957393275 0.823088043092621 0.39718563099148435 0.6302266504928876
137 160 2 256 3.1622776601683788e-06 32 0.3 0.3054165442784627 0.5088207875845074 0.7588773379815054 0.7668705689311832 0.6532714974725559 0.8082521249415654
138 640 4 2048 3.1622776601683788e-06 128 0.1 0.4552929997444153 -0.016189927379194113 0.8372709220671166 0.8185383229169074 1.35153910995317 1.1625571426614565
140 160 2 7168 1e-05 128 0.2 0.22743100325266521 0.6450526057638801 0.8459781085296054 0.8278069977453586 0.47208230701845133 0.6870824601301152
142 160 4 7168 1e-05 256 0.0 0.3525514960289001 0.7154332561762407 0.8493504458396404 0.8334909317358302 0.3784755913313829 0.6152036990553478
141 160 5 8192 1e-06 128 0.2 1.379224161307017 -1.299484925797235 0.7694377942526951 0.7423634924499236 3.0583296746288506 1.748808072553661
145 2560 1 1024 1e-06 256 0.0 0.7335651914278666 0.679546738528236 0.824480924731454 0.8088076169547118 0.4262048895801779 0.652843694600919
146 10240 1 5120 3.1622776601683795e-05 512 0.3 2.690014326572418 0.7062179467461582 0.844050219982713 0.8248635859056945 0.39073201187788287 0.6250856036399197
143 2560 3 8192 1e-06 512 0.1 3.3765049735705057 0.5930745123171743 0.8459597245051272 0.8254242234925075 0.5412135041118951 0.7356721444447214
123 5120 5 7168 1e-05 128 0.2 18.374544974168142 -2.006631177089244 0.8302372245059658 0.8321435436713159 3.998838716617502 1.9997096580797677
147 10240 1 7168 0.0001 1024 0.0 2.4647825638453167 0.713692867232036 0.8467933255791946 0.8304772973566907 0.380790319770671 0.6170821013209433
148 160 2 4096 1e-05 1024 0.3 0.0547049085299174 0.6300160713339025 0.7944690582993863 0.7964857545792172 0.4920809940873979 0.7014848495066718
150 160 4 4096 1e-06 256 0.1 0.14736794630686442 0.5377289175202056 0.7731540738301823 0.779493816861927 0.6148234995628847 0.784106816424194
149 160 2 2048 0.0001 16 0.1 0.5540013353029887 0.6787485567490874 0.8381693418252667 0.8199630479304081 0.42726647645710497 0.6536562372203795
151 40 2 1024 1e-05 512 0.1 0.020630327860514323 0.11280753510185104 0.43245197635527627 0.48510880370945386 1.1799716588985287 1.0862650039923631
152 1280 2 256 3.1622776601683795e-05 64 0.0 1.0812485893567403 0.6817377418794628 0.8302534723422066 0.8112487072482188 0.42329084109432186 0.6506080548950511
156 40 4 7168 3.1622776601683788e-06 128 0.0 0.12607140938440958 0.713696057167749 0.8452072240168134 0.8342139842879599 0.38078607713574786 0.6170786636529801
154 1280 2 5120 1e-06 1024 0.2 0.4344347953796387 0.6575437992092229 0.8110040174939992 0.812103501930719 0.4554689397565735 0.6748843899191723
158 160 4 7168 1e-06 512 0.3 0.3561781366666158 -0.25437641269382794 0.5875692412602684 0.6298938567729031 1.6683286605003378 1.2916379757890126
155 5120 3 5120 3.1622776601683795e-05 512 0.0 2.983683176835378 0.7234732532311972 0.8520832046335219 0.8350850755374822 0.3677823437691806 0.6064506111540994
153 10240 1 2048 1e-06 128 0.2 4.884041062990824 0.716647930828131 0.8484794566634833 0.8317871228134753 0.37686006626695656 0.6138892947974876
136 10240 2 256 3.1622776601683788e-06 32 0.2 17.37846465508143 -2.3583193873566657 0.8316581363167543 0.8071059091792073 4.466586288089431 2.1134299818279834
161 640 1 6144 3.1622776601683788e-06 128 0.1 0.3640884518623352 0.7056207520749598 0.8415245286065407 0.8214225340225048 0.3915262846143405 0.6257206122658423
106 5120 2 8192 3.1622776601683795e-05 16 0.3 54.721213177839914 0.7025527980762907 0.8405999622882924 0.8257832615683548 0.39560668307630165 0.6289727204547918
162 640 2 5120 0.0001 16 0.0 3.671530183156331 0.711121189298989 0.8453844683585752 0.830547851656195 0.38421066788776004 0.6198472940069675
160 5120 2 256 1e-06 64 0.3 4.9588151733080545 -0.08520581619573075 0.7924527878200704 0.7652275458185893 1.4433306839793925 1.2013869834401372
163 1280 2 512 1e-05 16 0.3 4.075655130545298 -4.325532896192831 0.8036344036762633 0.7788014705435939 7.082992850667134 2.6613892707883102
166 40 4 2048 3.1622776601683795e-05 512 0.0 0.03986060619354248 0.6780309483035926 0.8265346230894535 0.8170056653072997 0.4282209002843716 0.6543858955420506
165 2560 4 512 1e-06 128 0.3 1.7125797311464945 -5.6534940083095835 0.7442846422436977 0.7128710580126257 8.849189632553722 2.974758751992121
167 640 3 1024 0.0001 32 0.0 1.1257931152979532 0.708255355575083 0.8442704968566133 0.823501489813227 0.38802224509013516 0.6229143160099431
157 1280 2 8192 3.1622776601683795e-05 16 0.3 13.713773103555043 0.6897156548132932 0.836448426085797 0.8205988844571318 0.4126801658107343 0.6424018725149657
168 40 1 7168 3.1622776601683795e-05 512 0.2 0.036591215928395586 0.6283345610896277 0.7928230694920062 0.7974522084059692 0.4943174134787862 0.7030771035091288
164 2560 5 7168 0.0001 256 0.0 6.3787870367368065 0.706858157230825 0.8434476310925227 0.827553496220964 0.38988052783408705 0.624404138226267
170 160 3 4096 3.1622776601683788e-06 16 0.3 1.0453912377357484 -1.6511682011654707 0.8230795617271227 0.8043560608853618 3.5260706826532653 1.8777834493501282
159 10240 3 8192 1e-06 256 0.1 15.3971830646197 0.22150098354329317 0.8423097154300336 0.8244304916189255 1.0354086765206587 1.0175503311977538
171 1280 3 2048 3.1622776601683795e-05 32 0.2 2.428097724914551 -5.2416623188428355 0.8388619689345371 0.8239961440164912 8.301450848655405 2.881223845634942
130 10240 5 256 1e-05 16 0.1 39.10890920559565 -0.5289529493955394 0.8480357524104889 0.8302591467064995 2.033517212393332 1.4260144502750778
176 160 5 7168 0.0001 256 0.0 0.6977694988250732 0.7063968097580935 0.8470244586627549 0.8320713305716665 0.39049412292677094 0.6248952895699974
177 640 1 2048 0.0001 16 0.0 1.7211972753206888 0.7093665319785838 0.8450717325260868 0.8236239829883851 0.38654437335875363 0.6217269282882587
174 10240 1 256 0.0001 128 0.1 4.517982383569081 0.6728313926629135 0.8266903938872888 0.808863131466234 0.4351363425785885 0.6596486508578552
169 2560 4 5120 3.1622776601683788e-06 64 0.0 7.690345907211304 0.7302066784167196 0.8546187029823199 0.8422854846205908 0.3588268451591442 0.599021573200118
180 1280 1 2048 1e-05 256 0.3 0.3937275171279907 0.7158260398444428 0.8477306796001312 0.8315237422126613 0.37795318653772847 0.6147789737277362
181 5120 3 256 0.0001 1024 0.2 0.9368491331736247 -5.178451212227018 0.8378699899313597 0.8155185325461183 8.217379672123444 2.866597228792954
172 10240 3 8192 1e-06 1024 0.1 9.381807708740235 0.5360616065318013 0.8488212569361759 0.8295390799946308 0.6170410338530492 0.7855195948243743
183 160 2 512 3.1622776601683788e-06 512 0.2 0.048524622122446695 -0.3453658658160059 0.21689023190430606 0.3024785202336951 1.7893452157470868 1.3376640892791758
144 5120 5 5120 3.1622776601683795e-05 32 0.0 36.695736368497215 0.7326278847940242 0.8566389237939263 0.8416509751339831 0.35560662517464325 0.5963276156397952
185 40 2 7168 1e-06 512 0.0 0.05039430061976115 -0.19317997341171322 0.22011692704114189 0.28526345546577814 1.5869370044218682 1.2597368790433454
135 5120 3 8192 0.0001 32 0.2 45.375512047608694 0.6702313511027207 0.8282800710024432 0.8211038969457466 0.4385944145013906 0.6622646106364061
179 1280 5 6144 1e-06 64 0.2 6.37925085624059 -6.448234022785661 0.8267665047751273 0.8032137742432308 9.90619894042925 3.147411466654662
182 1280 5 7168 0.0001 128 0.0 4.3797451734542845 0.7157408240157836 0.8480461574520676 0.8307971140246632 0.3780665241354716 0.6148711443347066
175 1280 5 7168 0.0001 32 0.3 16.0003959774971 0.6699249801989102 0.8286388856918163 0.8116993479543003 0.43900188976511373 0.6625721770230876
117 10240 3 4096 0.0001 16 0.0 63.89811626672745 0.7054594693359194 0.8417881753854949 0.8260854052019575 0.39174079168993775 0.6258919968252812
173 2560 5 7168 0.0001 64 0.1 16.983490149180096 0.6558242500759901 0.8179875911217542 0.8022925872293271 0.45775595111383427 0.6765766409756061
190 2560 1 1024 0.0001 64 0.3 2.0360684752464295 0.6836070333024519 0.8358531023572517 0.8177799932150253 0.4208046715329038 0.6486945903373202
189 5120 1 512 1e-06 64 0.3 4.035370341936747 0.7150892154391595 0.8464965304514454 0.8316301265952994 0.37893316771455127 0.6155754768625463
191 640 3 5120 3.1622776601683795e-05 512 0.3 0.38258227904637654 -0.7199013834821744 0.8387765221764878 0.8212478439361146 2.2874798523478423 1.5124416856024043
187 5120 4 6144 3.1622776601683795e-05 512 0.0 5.379930539925893 0.7240319836384519 0.8517468709237366 0.8369923270820755 0.3670392287500499 0.6058376257299062
186 1280 5 8192 3.1622776601683788e-06 128 0.1 6.380414152145386 -1.9790611517039731 0.8467763005558937 0.8309260949514998 3.9621704063276173 1.9905201346199985
192 40 3 512 3.1622776601683788e-06 16 0.3 0.17691760063171386 0.01766730764877633 0.6438522178663939 0.6724368460583187 1.3065087705822669 1.1430261460624016
197 40 1 7168 1e-05 512 0.0 0.048686420917510985 0.3296641061137985 0.5949070632567031 0.63473456735629 0.891551030946746 0.9442198001242857
195 2560 1 1024 3.1622776601683788e-06 128 0.1 1.1604920585950216 0.7158952612718189 0.8475158390820601 0.8299094347736902 0.3778611215961021 0.6147040927113647
194 160 4 8192 1e-05 64 0.1 1.3861861864725749 0.4637244566919486 0.8412055196020951 0.8261715682512066 0.7132499063059068 0.8445412401451493
198 40 1 5120 3.1622776601683795e-05 16 0.2 0.14514010747273762 0.7009368916967891 0.8390706028965438 0.819962126374772 0.39775584890748816 0.6306788793890978
200 40 5 4096 0.0001 16 0.3 0.43954304854075116 0.6359395835406019 0.8152298298604805 0.7962519006209857 0.4842026849249692 0.6958467395374999
196 5120 3 2048 3.1622776601683788e-06 512 0.1 1.6225653012593588 0.355124557652566 0.8435094922565468 0.8264117256499894 0.8576884673800523 0.9261147161016567
188 5120 2 5120 1e-05 64 0.2 8.360659217834472 -1.8707458465406135 0.8194830699237124 0.8026797880454154 3.8181103569308017 1.9539985560206543
202 5120 2 512 3.1622776601683795e-05 1024 0.3 0.8679983496665955 -2.7384208420568803 0.7467379391059479 0.7088652031111475 4.972123656583476 2.229825925175209
207 40 5 8192 3.1622776601683795e-05 1024 0.3 0.08230757315953573 -2.5602746377775967 0.7768182489280413 0.7725129960558024 4.735188064243843 2.1760487274516267
201 5120 3 5120 0.0001 256 0.2 4.092806665102641 0.673304721342705 0.8382545980051901 0.8336697135292449 0.4345068124038006 0.659171307327466
184 10240 5 8192 3.1622776601683795e-05 1024 0.1 15.375151626269023 0.6922241331969212 0.8393856845215769 0.8350370071955002 0.40934387349903123 0.6397998698804426
208 160 2 6144 3.1622776601683788e-06 16 0.1 1.1498432954152424 0.7239006683448823 0.8515601628921529 0.8353482349649437 0.36721387893129304 0.6059817480182823
199 1280 5 7168 3.1622776601683788e-06 64 0.0 8.189849929014843 0.734131684059081 0.8568196560728634 0.8436676337637009 0.3536065625234764 0.5946482679058911
206 5120 3 512 3.1622776601683795e-05 32 0.1 9.49872750043869 -1.1337170524425724 0.8463599758691811 0.82930198216056 2.83785734167589 1.68459411778502
209 10240 4 6144 0.0001 1024 0.0 7.164004770914714 0.7111415993887631 0.8451714140098285 0.8277588556789257 0.3841835223376773 0.6198253966543137
210 2560 3 6144 1e-05 64 0.1 7.806792497634888 -0.8210866926105742 0.8432513032313378 0.8264088503964045 2.4220569613656755 1.5562959106049452
214 10240 4 4096 0.0001 1024 0.3 4.475934259096781 0.675932902131047 0.822607474535476 0.8192036123617629 0.4310113151273883 0.6565145201192342
193 1280 3 8192 3.1622776601683795e-05 16 0.0 22.371443696816762 0.7220494254661703 0.8516017105230858 0.8349213703942752 0.3696760438132599 0.6080099043710225
215 5120 3 7168 1e-06 512 0.1 4.578241670131684 0.5142954659133627 0.8480329142925618 0.8293059264186827 0.6459901402414876 0.8037351182084105
216 160 1 7168 3.1622776601683788e-06 512 0.3 0.06971940199534098 0.41865093732771597 0.6540610562412013 0.6931249959833382 0.7731979756605246 0.8793167663933883
217 160 2 1024 3.1622776601683788e-06 128 0.3 0.09974453846613567 0.581802070410157 0.7734256711065421 0.7777275633296659 0.556205924024284 0.7457921453221964
213 5120 5 256 1e-05 32 0.2 11.172405803203583 -2.6349787687564885 0.8218858421767472 0.8029091448121424 4.8345450367671114 2.1987598861101483
221 160 2 512 1e-06 256 0.1 0.07304201523462932 -1.6441247279227427 0.12653083933692558 0.17606748030619554 3.516702818141946 1.8752873961454404
218 2560 3 8192 1e-06 128 0.3 6.378073398272196 -2.8184574027703877 0.8288521227147555 0.8059665863697416 5.078572794796674 2.253568901719376
220 5120 5 512 1e-05 64 0.3 5.856833950678507 -2.6346922915762185 0.7086385453875872 0.7160258009907737 4.834164020283074 2.1986732409075875
224 160 2 6144 3.1622776601683795e-05 256 0.0 0.11414734522501628 0.7305137559593156 0.8553567051898685 0.8435449562774154 0.3584184300613119 0.5986805743143099
223 640 2 5120 1e-06 32 0.0 1.8570055564244587 0.7202477036174898 0.8492905188748554 0.8348879732180208 0.3720723454082079 0.6099773318806264
219 640 4 6144 3.1622776601683788e-06 16 0.0 10.376656770706177 0.7288996520301836 0.8564397060530715 0.8433118027014675 0.36056519862196595 0.6004708141300175
226 1280 2 1024 1e-05 32 0.0 2.04071014324824 0.7126181793101785 0.845955160873422 0.8271940157984116 0.3822196615878357 0.6182391621272756
225 10240 2 2048 1e-06 512 0.1 2.3720619281133017 0.7146459697273642 0.8482273120890684 0.8331983193902373 0.3795226873492865 0.6160541269639271
229 640 4 2048 0.0001 64 0.2 0.7591248552004496 0.5715231052517993 0.8388381853676675 0.8325656161526764 0.5698770134998469 0.7549019893336133
230 160 2 2048 1e-05 32 0.3 0.2840607762336731 0.44436446748791436 0.845018562920131 0.8265853835940671 0.7389988159068968 0.8596504033075869
231 40 1 6144 3.1622776601683795e-05 256 0.1 0.025432395935058593 0.6709276120057167 0.8219188201650138 0.807176242305359 0.4376683830423332 0.6615651011369427
178 5120 3 6144 0.0001 16 0.2 56.31581500371297 0.43911622574297815 0.8089513625334465 0.7977598605395443 0.7459790110315069 0.8637007647510259
232 160 5 6144 3.1622776601683788e-06 256 0.0 0.34941844940185546 0.7246882834798657 0.8546258254742745 0.8425245730148356 0.36616634575876256 0.605116803401428
235 40 2 6144 0.0001 16 0.2 0.3050653060277303 0.6031907570991932 0.832632412500656 0.814267281165568 0.5277588337787417 0.7264701189854553
236 40 2 2048 3.1622776601683788e-06 128 0.3 0.033588687578837075 0.34210585049050146 0.597440112147542 0.6509931310983257 0.8750034312627754 0.9354161807787886
228 5120 1 2048 0.0001 32 0.0 7.441345552603404 0.6925882588543832 0.836193497920543 0.8202454863017778 0.40885958404315487 0.6394212883875191
238 160 3 5120 3.1622776601683795e-05 1024 0.1 0.08639735380808512 0.6366437932792562 0.8309355303899981 0.807162382108591 0.48326608146359085 0.6951734182659682
237 640 3 256 1e-06 32 0.0 1.1139347751935322 0.6373454447321312 0.7996850517597528 0.7902811047920907 0.4823328805386794 0.6945018938337602
222 10240 4 7168 3.1622776601683795e-05 256 0.0 17.37804522514343 0.7268145257133042 0.8536365302921911 0.8379362580890799 0.36333842997422244 0.6027756049926228
241 40 4 6144 1e-05 1024 0.3 0.04489195744196574 -0.34458644877428024 0.5824627326290442 0.6394786251845567 1.7883085860910803 1.3372765555752035
211 10240 5 5120 1e-05 64 0.3 39.791025094191234 0.47721003388131444 0.8419054082480464 0.8218366811253942 0.6953140022975618 0.8338549048231124
239 1280 2 1024 1e-05 64 0.2 1.154675793647766 -0.4394570134976361 0.7988423966758122 0.7685222178045316 1.9144870446176754 1.3836498995835889
234 10240 4 5120 3.1622776601683795e-05 1024 0.1 6.179492274920146 -0.17506110850437873 0.8494932718147585 0.835060599019786 1.5628387980822545 1.250135511887513
233 10240 3 4096 0.0001 256 0.3 6.237310743331909 -0.4226750662806862 0.7445868832602023 0.7223475989303689 1.8921669473663922 1.3755605938548807
242 640 1 5120 0.0001 1024 0.0 0.13800720771153768 0.714506520285078 0.846688303895822 0.8325910879504599 0.3797081560004048 0.6162046380873848
227 5120 1 512 3.1622776601683795e-05 16 0.1 14.09884256919225 0.6839077902563637 0.8319338875657942 0.8147325930373771 0.42040466285849126 0.6483861988494907
246 40 4 8192 1e-05 512 0.1 0.09827770789464314 0.486247619950523 0.8135675635420411 0.8118029308078044 0.6832939549589648 0.8266159658263109
240 640 5 7168 3.1622776601683795e-05 128 0.0 2.3783276120821637 0.7227736119395778 0.8517625909742467 0.8366620415420765 0.3687128711667513 0.607217317907478
205 10240 5 8192 3.1622776601683795e-05 128 0.3 45.85005768934886 0.6619133423058527 0.8202920964502325 0.794157536420027 0.44965741946040994 0.670565000175531
247 640 3 256 1e-05 128 0.1 0.369582462310791 -0.1635858550140239 0.8011970502009398 0.7727218205629558 1.5475766374654492 1.2440163332792096
245 640 5 1024 0.0001 128 0.3 0.42007858753204347 -0.4306930626070584 0.8378450870300393 0.8397876264998962 1.9028309338187097 1.379431380612573
252 1280 5 512 0.0001 1024 0.3 0.28513548374176023 -6.805709157543371 0.781867344953399 0.7868675889913094 10.381643158526229 3.222055734857209
253 1280 1 2048 0.0001 256 0.1 0.39629031817118326 0.7037869822164278 0.8437794621672936 0.8261918392714871 0.3939652102675905 0.6276664801210835
251 640 4 6144 1e-06 512 0.3 0.5882107535998027 -1.1957856360950236 0.7507858963651292 0.7295766131004235 2.9204089553511405 1.7089204063826788
250 160 5 4096 0.0001 16 0.1 1.6607686281204224 0.717387242766505 0.8476521859110051 0.8371871439435594 0.375876776655196 0.6130879028778793
256 160 3 4096 1e-05 512 0.0 0.08755446672439575 0.7210661039900451 0.8510303201636409 0.8406224084573539 0.37098386767259267 0.6090844503618466
255 160 4 512 1e-05 128 0.2 0.11700574556986491 -1.5439802241450087 0.787938514579815 0.7686712149197855 3.3835099869046465 1.8394319739812741
243 10240 3 4096 1e-05 512 0.3 4.3973444620768225 -7.438233895561044 0.8161194586846277 0.8001968959882522 11.222905110067662 3.350060463643554
254 5120 1 7168 3.1622776601683788e-06 512 0.0 1.4382633328437806 0.7102237039941626 0.8441656172760117 0.8277033780296289 0.3854043290896672 0.6208094144660398
260 160 1 5120 1e-05 256 0.0 0.07204237381617228 0.6941494386330427 0.8334206811424524 0.8189864569916584 0.40678320494149633 0.6377955824098316
262 40 3 8192 3.1622776601683795e-05 64 0.3 0.20617717107137043 0.1987861559142038 0.8443640248072254 0.8238437555764963 1.065619542707589 1.032288497808432
249 10240 1 1024 0.0001 128 0.1 4.47140382528305 0.6845972134238161 0.8330403958851267 0.8149798279834457 0.4194877256314882 0.6476787209963657
263 40 4 4096 1e-05 32 0.3 0.19770466883977253 -3.2321416114927652 0.7889722213326704 0.7616286498860383 5.6287754411664315 2.3725040444994887
265 2560 1 7168 1e-06 1024 0.1 0.6662795782089234 0.6565722910988897 0.8109830298425078 0.8063282268089661 0.45676105176376336 0.6758409959182436
264 5120 3 2048 1e-06 128 0.1 3.055762016773224 0.28174192008552634 0.8442807307882276 0.8269029669067917 0.9552878452041977 0.977388277607317
248 2560 3 512 3.1622776601683795e-05 16 0.3 9.488088528315226 -6.127753292613215 0.8125786856004189 0.7889074339608331 9.479957517301289 3.078953964790849
261 1280 2 7168 3.1622776601683795e-05 32 0.3 5.877991950511932 0.7040896935030909 0.8432490512656099 0.8280280942037145 0.39356260231810547 0.6273456800824451
269 1280 4 2048 0.0001 1024 0.3 0.33123120069503786 -4.732034852635953 0.8221556495223739 0.8044271276511658 7.623643055518405 2.7610945394025186
267 2560 4 256 0.0001 64 0.2 2.6931708733240765 -2.9598170801615504 0.8338550657196387 0.8174596236136713 5.2665820708355096 2.2949034992425084
271 160 1 7168 3.1622776601683788e-06 128 0.3 0.11248072783152262 0.6757566896087375 0.822877425931021 0.8156497252064818 0.4312456789103269 0.6566929867984939
270 1280 4 5120 1e-06 64 0.3 3.892377277215322 -6.5852196213491805 0.8085558837395326 0.7844107216653112 10.088390663620634 3.1762227037190947
203 10240 4 8192 3.1622776601683788e-06 64 0.0 65.38282125393549 0.7317434905492719 0.8558806098288423 0.8416799857054094 0.3567828751828311 0.597313046218506
258 10240 1 2048 0.0001 32 0.1 15.031122656663259 0.6724990994952562 0.8267671034758066 0.8122292055828659 0.43557829461920505 0.6599835563248565
273 1280 1 8192 0.0001 32 0.0 2.6973759293556214 0.707177762619245 0.843356183700947 0.8270721492810859 0.3894554506210946 0.624063659109465
268 2560 1 8192 0.0001 16 0.3 10.392684698104858 0.6498508457023833 0.8184330549174405 0.802367823031463 0.4657006171777033 0.6824226089291762
259 5120 3 4096 1e-05 32 0.2 17.812432618935905 -5.273888667956335 0.8429733314343647 0.8262209636333048 8.344312099317701 2.8886522980998772
272 640 3 8192 3.1622776601683795e-05 32 0.1 6.377838778495788 0.5246838087516882 0.8408713985169913 0.8278389941570459 0.6321735777512363 0.7950934396353905
278 1280 1 512 1e-05 512 0.2 0.2965508818626404 0.7032517823993016 0.8391193477690665 0.8274081116038039 0.39467702945118666 0.628233260382787
257 1280 4 6144 3.1622776601683788e-06 16 0.3 19.198748044172923 -9.042248454722515 0.8448842627829904 0.8292586690456605 13.356254744059918 3.654621012370492
276 10240 3 512 1e-05 512 0.0 2.2168452660242717 0.6721685104046294 0.8235385029061744 0.8083502304613738 0.4360179802264597 0.660316575762308
282 160 4 256 3.1622776601683788e-06 64 0.3 0.1842576265335083 -1.9978046424284641 0.6645168427239152 0.6715211515160063 3.9870993690034506 1.996772237638397
275 2560 2 1024 3.1622776601683795e-05 32 0.3 4.380828730265299 -5.815731786220828 0.8164949337385545 0.7955286637577287 9.06496691596417 3.0108083492584132
266 10240 3 8192 0.0001 256 0.3 16.379385594526926 0.46293050593763185 0.8221477827336644 0.8323339002035207 0.7143058658927168 0.8451661764959106
280 640 5 7168 0.0001 256 0.3 2.3803181012471515 0.6153954447164127 0.8331363843834966 0.8390260897844005 0.5115265211027293 0.7152108228366859
285 160 5 2048 1e-05 1024 0.2 0.0662166953086853 -0.8455760209363559 0.7468478635515678 0.7575438360976541 2.454627924841116 1.5667252231457551
274 5120 1 5120 3.1622776601683788e-06 32 0.0 7.803413593769074 0.7103770320967794 0.8447602900359237 0.8290484069117147 0.38520040173144576 0.6206451496076045
283 640 4 2048 1e-06 16 0.1 2.5944380005200705 -0.0019795063985965644 0.8361956704083073 0.8184247872625326 1.3326391590614015 1.1543999129683793
287 40 2 256 3.1622776601683788e-06 1024 0.1 0.028155251344045003 -29.344836884068666 0.15306903276391104 0.17947557735983619 40.35882735006137 6.352859777301981
290 2560 2 6144 0.0001 512 0.2 1.230762235323588 0.6841868513616607 0.8338848899059693 0.8162569566462592 0.42003350980165244 0.6480999226983849
284 2560 3 512 1e-06 32 0.0 4.450293409824371 0.6559886949625872 0.8147190951303508 0.79626546591995 0.4575372383617399 0.6764149897524003
279 2560 3 256 0.0001 16 0.3 8.376094404856364 -7.10058872172818 0.8204068391585164 0.8061310876272791 10.773834866969525 3.282352032760887
291 40 3 7168 1e-06 128 0.0 0.09112361669540406 0.5232072816086458 0.7332200886564453 0.7622527642250702 0.6341373683055039 0.7963274253129199
288 10240 2 256 3.1622776601683795e-05 256 0.1 3.449443467458089 -0.2638478363250072 0.8392161488324141 0.8175827065844365 1.6809257145741643 1.2965051926522178
292 640 3 2048 1e-06 128 0.2 0.40534952481587727 0.2905702625113812 0.8280612634676314 0.815399246384574 0.9435460932510225 0.9713630079692259
293 1280 4 512 1e-06 128 0.0 0.6965014179547627 0.6814893518856358 0.8265304838577328 0.8124291831559123 0.42362120137652226 0.6508618911693342
294 40 2 256 0.0001 32 0.2 0.0922370711962382 0.33302917786525765 0.8158014946443163 0.787037597575068 0.8870754639711657 0.9418468367899133
212 10240 3 7168 3.1622776601683788e-06 32 0.1 73.70030450423559 -1.0799334699355945 0.8503559234823626 0.8353658182464816 2.7663248325719607 1.663227234196206
296 2560 5 1024 1e-05 1024 0.0 0.5215112805366516 0.7151259671913671 0.8464085411711629 0.8313694000747175 0.3788842876487981 0.6155357728424873
297 640 5 1024 0.0001 512 0.3 0.18464134534200033 -6.594927454774964 0.8126311180661836 0.8014084836142221 10.101302144234987 3.178254575114301
295 5120 2 512 1e-05 1024 0.3 0.9049783666928609 0.3106850479474631 0.8243834466640018 0.7984428807148393 0.916793299828542 0.9574932374844962
298 640 2 512 0.0001 64 0.1 0.5937000791231791 -0.2873311639770577 0.8472003941684179 0.8260361732971422 1.7121586907122437 1.3084948187563616
301 160 3 6144 3.1622776601683788e-06 512 0.2 0.1317452390988668 0.4862854758918099 0.805905901453731 0.8006694328562488 0.6832436063146664 0.8265855105883881
302 640 5 5120 1e-06 512 0.2 0.5733315944671631 -1.031951682906047 0.7730502739298419 0.7525170081379886 2.7025087486011947 1.6439308831581683
299 1280 1 7168 3.1622776601683788e-06 64 0.2 1.3174218773841857 0.7210616150595038 0.8505137111957508 0.8352647788865333 0.37098983797895463 0.6090893513918583
303 40 1 5120 1e-06 128 0.0 0.042005721728007 -0.8162543952531571 0.19516384142187726 0.2728174042527549 2.4156299749397068 1.5542297046896596
304 160 1 512 3.1622776601683795e-05 256 0.1 0.06854198376337688 0.6956977460216713 0.8348805213521132 0.8224153074782253 0.40472394620099883 0.6361791777486896
300 5120 2 4096 3.1622776601683788e-06 256 0.2 2.2773645480473834 0.458870030117313 0.842425233099005 0.82351619784118 0.7197063247324672 0.8483550699633186
289 10240 5 2048 3.1622776601683795e-05 128 0.1 8.33797885576884 -0.14179590568493428 0.8450078837299131 0.8363537996128941 1.5185958653394005 1.2323132172217421
307 640 3 256 3.1622776601683795e-05 1024 0.3 0.14479373693466185 -1.6596395106937223 0.7622030775120461 0.7365599036756532 3.5373375785665906 1.8807811086265702
309 40 1 5120 1e-05 256 0.0 0.023733230431874593 0.5342691578351617 0.7362123256330515 0.7528857041169028 0.6194250020964078 0.7870355786725324
244 10240 5 5120 1e-06 64 0.1 39.16362717151642 -3.400275642049582 0.8520624789340072 0.8399392776953826 5.852394778348469 2.4191723333298247
306 640 2 1024 3.1622776601683788e-06 32 0.2 1.0976834972699483 0.6186681701150814 0.8412580453996168 0.8205214000592437 0.5071737753676429 0.7121613408263908
308 2560 2 6144 3.1622776601683795e-05 256 0.3 1.7454709927241008 -1.0637044788036913 0.7586360114886042 0.7275980700118171 2.7447401704542997 1.6567257378499012
310 40 2 7168 1e-05 1024 0.1 0.0378327210744222 0.4410134921147999 0.6764532246645074 0.7187970662376035 0.7434556346090213 0.8622387341154544
313 160 5 1024 0.0001 512 0.2 0.06286911169687907 -4.138355422183799 0.8017547896075963 0.7840920845885533 6.834045611760829 2.6142007596511845
314 40 5 512 1e-06 32 0.2 0.10568912823994954 -0.42246516099041376 0.2735221029568675 0.35167356261811344 1.8918877719863325 1.3754591131641583
311 1280 2 4096 1e-06 256 0.0 0.5580412069956462 0.7131139892505626 0.8446051925133158 0.8330286794287332 0.38156023119251486 0.6177056185534618
312 2560 4 2048 0.0001 128 0.2 1.7809308568636577 0.5339949513415161 0.8305765311016851 0.8275736229960576 0.6197896984886668 0.7872672344818288
305 1280 2 4096 0.0001 16 0.1 5.905435037612915 0.6931486073993981 0.8369924539389713 0.8188644061632055 0.4081143168904426 0.6388382556566589
286 2560 5 8192 1e-06 64 0.0 21.38198957045873 0.730838112943401 0.8549715321883233 0.841311363450946 0.3579870331956607 0.5983201761562623
315 160 2 7168 3.1622776601683795e-05 256 0.1 0.1483829140663147 0.7208049906370113 0.8499996964622534 0.8331609410936347 0.37133115010400436 0.6093694692910077
322 640 2 5120 3.1622776601683795e-05 512 0.3 0.2679090142250061 0.4412938802301135 0.8404534766895363 0.8234001924177005 0.7430827166203635 0.8620224571438748
321 160 5 6144 1e-05 256 0.3 0.35401166677474977 -6.681616360712806 0.809409529964165 0.787946583192349 10.216598944190697 3.1963414936753387
316 640 4 1024 1e-06 128 0.1 0.39140543937683103 0.4753812155501631 0.8242688001575178 0.8080482551105174 0.6977463423876915 0.8353121227347844
317 640 5 4096 3.1622776601683795e-05 128 0.0 0.9570508122444152 0.7271806695458389 0.8541842176873844 0.8423627109829009 0.36285145633257737 0.6023715268275696
320 640 1 8192 1e-05 128 0.3 0.42014360427856445 0.7184138613510183 0.8485551036384168 0.8302065811730129 0.37451136736448115 0.61197333876933
325 1280 3 1024 3.1622776601683788e-06 256 0.0 0.40825098355611167 0.7057113726749608 0.841124670963374 0.8245184448888404 0.3914057586361067 0.6256242951133745
324 1280 4 1024 1e-05 128 0.2 0.7619574149449666 -6.978882751267581 0.8459277414463726 0.8287494911255703 10.611965146988602 3.2576011338082203
327 640 5 5120 3.1622776601683795e-05 256 0.3 0.8356566150983175 -6.8645644786806645 0.832581331485351 0.8183043215097741 10.459921112482196 3.2341801298756065
326 1280 5 256 3.1622776601683795e-05 128 0.2 0.8265954256057739 -5.888124968689952 0.8188335012693857 0.8138608382677969 9.16125031217273 3.026755740421207
318 5120 1 512 1e-06 64 0.1 4.109471507867178 0.7100704688409469 0.844292189322337 0.8296253007399498 0.3856081328245896 0.6209735363319355
328 1280 3 8192 3.1622776601683788e-06 128 0.3 3.1401056090990704 -2.5736845368187637 0.8353196644664447 0.8171075156362079 4.753023315830526 2.1801429576590903
333 1280 3 1024 1e-06 1024 0.3 0.27410477797190347 -0.015555320822382646 0.5568100412342514 0.6087492787724071 1.3506950791693033 1.1621940798202783
323 1280 2 5120 3.1622776601683788e-06 16 0.3 7.429938987890879 0.12089768659551059 0.8333853180190609 0.8135102416415766 1.169211705611719 1.0813009320312819
332 160 2 1024 3.1622776601683788e-06 16 0.1 0.525623599688212 0.7065405104492488 0.8409317755910224 0.8241139556890178 0.3903030000874366 0.6247423469618788
331 2560 5 4096 1e-05 1024 0.3 1.332297444343567 -9.601679793072869 0.8202677851251003 0.805174291703594 14.100302006035788 3.755036884777004
319 10240 3 1024 1e-06 64 0.3 9.944931443532308 -6.705548718879783 0.7955802503178908 0.7718247045822684 10.248429133788715 3.2013167812306103
335 640 3 256 0.0001 128 0.2 0.3845080018043518 -5.290846108710604 0.8456044743187615 0.8221642388607104 8.366865604097281 2.892553474716981
336 640 4 256 1e-06 32 0.1 1.2937272628148397 0.13381236758709747 0.7997001549701519 0.7806669571867565 1.152035097201798 1.0733289790189204
338 40 5 5120 0.0001 64 0.2 0.17022544145584106 0.6169147479231885 0.8297436650892499 0.814538660869304 0.5095058381098064 0.7137967764775955
340 40 1 8192 3.1622776601683788e-06 16 0.0 0.1678126653035482 0.6702209182592516 0.8191231251888144 0.8079487271018124 0.4386082902500047 0.6622750865388224
337 640 3 256 1e-05 256 0.1 0.2510320822397868 0.35197626347503863 0.8087054116985328 0.7848420465652589 0.8618757187943034 0.9283726185074092
339 2560 4 256 0.0001 512 0.2 0.6428342580795288 -5.012626778325185 0.8226274031502083 0.8122972532510396 7.996832113280596 2.827867060751017
329 1280 2 8192 3.1622776601683795e-05 64 0.3 3.6923182328542072 0.7057223452861741 0.8445727561259554 0.8255586968909359 0.3913911649929367 0.6256126317402301
346 160 2 1024 3.1622776601683788e-06 1024 0.3 0.05072479248046875 -0.3083530229918663 0.23016674432621198 0.28712695154876655 1.740117897802311 1.3191352841169517
342 640 3 256 3.1622776601683795e-05 1024 0.0 0.12844682931900026 0.664799892048298 0.8188721421400439 0.8022310641750571 0.44581828982073557 0.6676962556587656
343 640 1 256 1e-05 512 0.3 0.14836392800013223 0.6115667524849842 0.785256204041365 0.782705880600644 0.5166187062851737 0.7187619260124827
330 2560 4 256 1e-06 32 0.0 4.7235028624534605 0.6431394470187557 0.8090663471245636 0.7940661181009201 0.4746268203991864 0.6889316514714551
345 2560 1 7168 3.1622776601683795e-05 256 0.2 1.0115766723950703 0.7082074508517751 0.8454060686479862 0.8289076669349607 0.38808595867886275 0.6229654554458559
347 160 3 256 1e-06 64 0.2 0.17666481733322142 -0.004323991439837638 0.41767671204772533 0.4674474479780581 1.335757339177701 1.1557496870766182
344 1280 1 1024 1e-05 16 0.1 3.5807559967041014 0.7108795770796896 0.8461792236855136 0.8289671994290563 0.3845320136864417 0.6201064535113642
349 640 4 4096 1e-05 64 0.0 1.4426826159159343 0.7278487031271672 0.8535354404446329 0.8414811139991263 0.36196296739207406 0.6016335823340266
350 5120 3 1024 0.0001 512 0.3 1.2582641561826071 -7.569238220666106 0.8077384465233803 0.78523238067051 11.39714170126194 3.3759652991791755
348 2560 5 4096 1e-06 256 0.3 2.3206895152727762 -10.990079797452196 0.7687019599801692 0.7517505687465085 15.946882901614376 3.9933548429377494
354 40 1 4096 1e-05 512 0.2 0.031639309724171956 0.21005934434720896 0.5207992031785459 0.559526080129382 1.0506261299108564 1.0250005511758793
353 40 4 512 1e-05 32 0.1 0.09576010704040527 0.43355605389696883 0.8188498027188855 0.8123680655861222 0.7533740751877942 0.8679712409911945
352 160 2 6144 3.1622776601683788e-06 512 0.3 0.09641465743382772 0.6259642013913155 0.7964957161687715 0.8021073176842338 0.4974700070546625 0.7053155372276032
355 160 2 5120 0.0001 128 0.0 0.18313321272532146 0.7023323367028917 0.8412553052866081 0.8305247390408402 0.3958998981145093 0.6292057677060099
358 160 2 8192 1e-05 1024 0.0 0.09500497579574585 0.6955062782326282 0.8342134590531052 0.8195510756988199 0.40497859958637067 0.6363792890928889
359 2560 5 2048 3.1622776601683795e-05 1024 0.3 0.7307427644729614 -10.023970769713953 0.8304390249427629 0.8197590306213983 14.6619517088455 3.82909280494029
362 40 2 2048 0.0001 16 0.0 0.1446486194928487 0.6144066418857446 0.8280395906001208 0.8058158050130365 0.5128416351987007 0.7161296217855401
357 2560 4 512 1e-06 64 0.0 2.477565324306488 0.6703280955980762 0.8236752653304948 0.8067490459746613 0.43846574370312474 0.6621674589581737
356 2560 5 6144 1e-05 512 0.2 2.9136289437611897 -6.965294218267208 0.8473943104069256 0.8315731007325339 10.593892311092405 3.2548260031977754
204 10240 4 8192 3.1622776601683788e-06 32 0.0 124.26093477408091 0.7326459037138509 0.856556262197097 0.8398440994292803 0.3555826598959007 0.5963075212471336
364 160 1 4096 3.1622776601683788e-06 16 0.1 0.4562138795852661 0.7106369194863972 0.8436661049477688 0.8260255569762136 0.3848547498392272 0.6203666253428106
365 640 3 7168 1e-06 128 0.3 1.2886999646822612 -1.1285212602506172 0.813401891021158 0.788609034245845 2.830946904792573 1.6825417988247937
368 160 5 6144 3.1622776601683788e-06 128 0.1 0.4480096181233724 -0.10077141500589626 0.838210369407492 0.817451993133004 1.464033030061523 1.2099723261552402
360 10240 2 4096 0.0001 128 0.0 7.079075169563294 0.7123360887446974 0.8456081610371431 0.8306685017200809 0.3825948438461165 0.6185425157950878
363 640 4 6144 3.1622776601683788e-06 64 0.2 3.377236306667328 -2.5781982019524414 0.8388198514238328 0.8203328497760857 4.759026519358759 2.181519314459251
367 640 5 4096 1e-06 64 0.0 1.7689812461535135 0.7296727983888742 0.8544825204765116 0.8433766036068165 0.3595369090145466 0.5996139666606729
366 160 5 7168 0.0001 32 0.3 2.378810930252075 0.711549666206603 0.846532637067423 0.8381144869491127 0.38364079085714875 0.6193874319496229
369 640 3 6144 1e-06 128 0.2 1.0352756023406982 0.14198209157350183 0.8301365269218093 0.8085759378677816 1.1411693119901445 1.0682552653697264
372 640 2 1024 0.0001 1024 0.2 0.13039145867029825 0.5071269966710643 0.8318178521446898 0.8088028985898548 0.6555242502325694 0.8096445209056685
370 640 2 4096 1e-06 128 0.0 0.4558441082636515 0.7118141259189055 0.8437434898696252 0.8325822778785781 0.3832890577464836 0.619103430572375
371 2560 3 512 0.0001 256 0.3 0.8556943813959758 -7.741602021232792 0.811841787995804 0.7952294162115553 11.626386659639799 3.409748767818503
341 10240 5 7168 0.0001 256 0.0 22.3735351840655 0.7155483335607264 0.8468277323724402 0.8335167721558681 0.37832253767319035 0.6150792938094977
361 10240 4 4096 3.1622776601683788e-06 128 0.2 13.176473625500996 -7.055830670688032 0.8447252738894938 0.8316945249031542 10.714306372505844 3.2732715091336133
378 40 4 512 3.1622776601683795e-05 256 0.0 0.03806509574254354 0.6601834128525408 0.8135964012190904 0.8062961566728277 0.45195823670983987 0.6722783922675485
377 1280 5 1024 3.1622776601683788e-06 512 0.2 0.3604435046513875 -4.224138565078757 0.7939656092793423 0.7698222379093472 6.9481377410700125 2.635932044091807
374 5120 4 4096 1e-05 1024 0.2 2.2658201893170675 -3.930671247715952 0.8373288135418205 0.8216552821139729 6.557824329942424 2.5608249315293743
382 40 5 1024 3.1622776601683788e-06 16 0.2 0.19241778055826822 -1.6092365960950938 0.7764593705479388 0.7739318599754571 3.470301379426765 1.8628744937399204
383 40 2 256 3.1622776601683795e-05 16 0.2 0.1456148147583008 0.599252017204577 0.8079047236811694 0.7891373436609418 0.5329973830578474 0.7300666976775803
376 2560 2 2048 1e-06 32 0.3 4.2398478825887045 0.2810423818588206 0.8407910728016885 0.8213547443899089 0.9562182355247735 0.9778641191519267
379 5120 2 8192 1e-06 512 0.3 3.5163142959276836 0.46345828752921536 0.8439237507229514 0.8234147898589771 0.7136039129965904 0.8447507993465235
384 1280 3 5120 1e-05 64 0.0 2.965406374136607 0.7337193609513641 0.8569720601127571 0.8435026384426032 0.3541549548967937 0.5951091957756943
351 5120 3 8192 1e-06 64 0.1 24.3763423760732 0.15016502462077053 0.8410332740531847 0.8238660203606657 1.1302859586429657 1.0631490763966103
387 1280 2 256 3.1622776601683795e-05 512 0.2 0.2952052076657613 -0.30112837528782754 0.7910066812878327 0.7652646292173882 1.7305090700974108 1.3154881489764212
380 1280 2 6144 0.0001 32 0.3 4.749870753288269 0.6203725119100629 0.8293508265844038 0.809233633694195 0.5049069898676269 0.7105680754633062
388 640 5 2048 0.0001 512 0.3 0.2423876166343689 -3.4376487567043705 0.8381322396175073 0.8327382788166671 5.902101260134784 2.42942405934715
391 160 1 2048 3.1622776601683788e-06 32 0.1 0.2649283250172933 0.6892466456601893 0.8304655720634998 0.813422620131691 0.4133039509873703 0.6428871992716687
390 2560 5 256 1e-05 512 0.1 0.6625531673431396 -4.257954790821627 0.8326428755764113 0.8119344183659714 6.993113537829155 2.6444495718067973
393 160 3 2048 3.1622776601683795e-05 1024 0.1 0.05976133743921916 0.5977840247522642 0.817410176753127 0.8020940472830732 0.534949822418798 0.7314026404237258
392 160 1 5120 0.0001 16 0.1 0.5053414662679037 0.7031806258901963 0.8451077827151354 0.829159030450279 0.3947716680639032 0.628308577105154
395 40 5 2048 1e-05 32 0.1 0.1269190231959025 -0.2924891290757734 0.8201588546223773 0.8034422831787728 1.7190188173193501 1.3111135791072221
389 5120 1 4096 3.1622776601683795e-05 128 0.0 2.4499526341756184 0.7120895331320463 0.8459769354480365 0.8299704786190292 0.38292276438960776 0.6188075342055943
398 1280 4 256 3.1622776601683788e-06 1024 0.2 0.2522912859916687 -0.3590885520807747 0.6473006777669525 0.6770159085654875 1.807596476343898 1.3444688454344704
396 2560 1 2048 1e-06 1024 0.1 0.47782206535339355 0.567395552730178 0.7572063194461268 0.7674777635087352 0.5753666847818131 0.7585292906551553
381 1280 3 7168 3.1622776601683788e-06 32 0.2 9.071020066738129 -1.3714064659982323 0.836485719869012 0.8189113686384243 3.1539857836009335 1.7759464472784459
400 160 4 4096 1e-05 128 0.0 0.35237016280492145 0.7196859534296838 0.8493691736952038 0.8356148963038225 0.37281947675480703 0.6105894502485341
401 10240 2 2048 3.1622776601683795e-05 1024 0.0 1.9138249198595683 0.712282364110321 0.8456347260133867 0.831550725361688 0.3826662979538295 0.618600273160164
334 10240 4 2048 1e-06 16 0.3 41.41410285234451 -7.471627531920221 0.7977630677181556 0.7913909895380542 11.267318860240705 3.3566827166475988
386 5120 4 4096 3.1622776601683788e-06 64 0.3 11.826454679171244 -10.924843071263574 0.8422646951982569 0.8293475438712116 15.860117638080794 3.9824763198393023
407 40 3 7168 3.1622776601683788e-06 512 0.2 0.04911059538523356 0.26173828882648453 0.6098789515911178 0.6640672409085036 0.9818928028595085 0.99090504230199
385 2560 5 6144 1e-06 64 0.0 12.75647230943044 0.7337505169441558 0.8566657210961449 0.8438359835473144 0.35411351722689277 0.5950743795752702
405 40 4 1024 0.0001 64 0.3 0.06666866143544516 -5.0343089959246035 0.8004397276117792 0.7868224327651376 8.02566960151639 2.832961277800385
404 5120 5 1024 1e-06 256 0.1 1.974737000465393 -2.747499238704169 0.8326454449832308 0.8114317247218037 4.984197982252225 2.232531742719961
411 40 5 512 3.1622776601683788e-06 128 0.3 0.040257092316945395 -1.2808989942804678 0.24335419833324873 0.32439635713737885 3.0336102667081217 1.7417262318481976
409 40 5 5120 3.1622776601683788e-06 64 0.3 0.17388760248819987 -3.60990994552186 0.731616783530495 0.7075122857128161 6.131209744229203 2.476127974121936
403 160 3 8192 3.1622776601683795e-05 16 0.0 3.3711353222529095 0.7165918281934185 0.8481159122673527 0.8336092963417385 0.37693468313034256 0.6139500656652319
406 1280 4 2048 3.1622776601683788e-06 16 0.2 5.285311353206635 -6.329000259680064 0.8449078270440764 0.8292100846325223 9.74761727205972 3.122117434059731
414 160 4 4096 1e-06 512 0.2 0.10782344341278076 0.14419808828994451 0.5496283581994924 0.6017275040338117 1.138222022168522 1.0668748859020545
410 5120 1 7168 1e-06 128 0.3 2.839301570256551 0.7220710972519733 0.850870487122042 0.8353751443895197 0.36964722019938034 0.6079862006652621
413 640 4 5120 3.1622776601683795e-05 512 0.0 0.4609748919804891 0.7257260231894602 0.8532029751200448 0.8406085851228117 0.36478614530048226 0.6039752853391289
412 160 2 5120 0.0001 32 0.0 0.4855508883794149 0.7062138718280913 0.8427321288786016 0.8244269159830572 0.390737431545003 0.6250899387648172
415 5120 2 6144 3.1622776601683795e-05 512 0.3 2.439609082539876 -0.8603284715270512 0.769337348883388 0.7405686706929417 2.474248778584863 1.5729745002970845
394 10240 2 512 3.1622776601683795e-05 32 0.3 17.277365358670554 -5.789933618959376 0.8289854122188389 0.8052672950983952 9.030655188323953 3.0051048547969095
408 10240 2 7168 1e-06 512 0.0 5.898516897360484 0.720196034570536 0.8488540427413989 0.8347809253153247 0.372141065571487 0.6100336593758471
397 5120 4 5120 1e-05 64 0.1 16.14677066405614 -2.365949003472672 0.8474443535503868 0.8299309254511253 4.476733726375211 2.115829323545548
416 160 5 512 1e-05 32 0.1 0.3654080073038737 -2.842574395151202 0.8123467095688008 0.7948784141008554 5.1106485490812865 2.2606743571512653
419 640 3 2048 3.1622776601683788e-06 128 0.1 0.4038703838984172 0.5129496445837881 0.8430614456214915 0.8265824346160314 0.6477800912269501 0.8048478683744836
418 1280 3 512 1e-05 512 0.3 0.320801039536794 -2.0928106277918195 0.7870061706251847 0.7605387813284922 4.1134579378483265 2.0281661514403417
423 40 2 2048 3.1622776601683788e-06 64 0.3 0.04966796239217122 0.49063888346796125 0.7116410106888809 0.747289059876288 0.677453546364053 0.8230756625997715
424 40 5 1024 1e-05 256 0.0 0.036365024248758954 0.6030560743952817 0.7796793613890789 0.7906839351917682 0.5279379626373006 0.726593395674156
399 5120 4 5120 3.1622776601683788e-06 64 0.1 15.910101914405823 -2.040674871191975 0.8511551472373742 0.8366533789190965 4.04411704775171 2.0109990173423036
427 2560 3 2048 1e-06 512 0.0 0.6480608105659484 0.7033552820898887 0.8389471118270053 0.8245597674435656 0.39453937420001006 0.6281236933916838
426 40 4 6144 3.1622776601683795e-05 16 0.3 0.6304860711097717 0.6418639863507984 0.8248924563594351 0.8109323556294384 0.47632319125418693 0.6901617138426233
425 640 3 7168 0.0001 64 0.0 2.3624744097391766 0.7230743272775696 0.8521109526226442 0.8348613218290231 0.36831291784177894 0.6068878956131676
430 40 3 256 3.1622776601683788e-06 512 0.1 0.022020498911539715 -17.976317180107234 0.11277844685588145 0.1479555730740883 25.23862335256236 5.023805664291002
422 2560 2 4096 3.1622776601683795e-05 64 0.3 3.321970784664154 -4.214476242903715 0.810127662767032 0.7935743391512406 6.935286790710549 2.6334932676410148
420 640 4 6144 3.1622776601683795e-05 64 0.3 3.37637486855189 -0.14133761962576052 0.8468556276146689 0.8330671267298738 1.5179863419463502 1.2320658837685385
429 1280 5 2048 3.1622776601683795e-05 32 0.3 3.1579651554425556 0.5206097954332253 0.8475682745821653 0.8344335357027184 0.637592041550197 0.7984936077077869
432 640 1 256 0.0001 64 0.2 0.515518852074941 0.6808080268805112 0.8303590144831334 0.8182161839287319 0.424527367995778 0.6515576474846857
435 40 3 6144 0.0001 128 0.0 0.09062734842300416 0.7040872635393619 0.848581923484474 0.830040000776221 0.39356583418542385 0.6273482559037077
421 1280 3 2048 3.1622776601683788e-06 16 0.3 4.440636006991069 -5.369317430907866 0.8052748778731663 0.7884202220272317 8.471232965061843 2.9105382603672885
431 1280 1 6144 1e-06 64 0.1 1.2185816486676535 0.7064979715839445 0.8416079724642818 0.8239632997736187 0.3903595770506626 0.6247876255582072
433 1280 2 5120 3.1622776601683788e-06 128 0.0 1.374759308497111 0.7235818686463102 0.8511186831642699 0.8363615775424634 0.36763788457162905 0.6063314972617116
402 1280 4 6144 1e-06 16 0.2 19.378671618302665 -3.8332185619967767 0.8400624909158221 0.8212917099843956 6.428211633958387 2.5353918107382114
434 5120 1 5120 1e-05 1024 0.3 1.0973305861155191 0.7281599681766264 0.8545077786416647 0.838979127309182 0.3615489828833017 0.601289433537046
440 40 1 6144 3.1622776601683795e-05 512 0.1 0.02307746410369873 0.622956299472446 0.7897000834590236 0.7923029609955965 0.5014705358659841 0.7081458436409721
437 160 1 4096 3.1622776601683795e-05 1024 0.1 0.04267701307932536 0.6708558328905305 0.8211274550365828 0.8075395932615834 0.4377638497251237 0.6616372493482541
375 10240 3 256 3.1622776601683795e-05 16 0.3 33.88977316617966 -6.127248034832996 0.8194369621995304 0.797970270122392 9.479285521218493 3.0788448355216755
438 160 5 1024 3.1622776601683788e-06 16 0.0 0.6332531412442525 0.7018189779628599 0.8392254601685747 0.8199247480781694 0.39658266852572455 0.6297480992632885
439 160 3 8192 3.1622776601683795e-05 512 0.2 0.35526766777038576 0.3977739460210896 0.8391928011928995 0.8202410628347242 0.8009645077711396 0.8949662048206846
441 40 4 256 1e-05 1024 0.2 0.02246689796447754 -5.568431480087827 0.1297670745079558 0.158145324329767 8.736055925373902 2.9556819729757637
281 10240 5 6144 0.0001 32 0.0 95.37822769085567 0.6969152212768072 0.8358079655968484 0.8305467826516572 0.4031046963163242 0.6349052656234032
446 160 2 8192 3.1622776601683788e-06 512 0.0 0.12794840733210247 0.681407022137717 0.8260596149784498 0.8195270783900543 0.42373070046840156 0.650946004264871
447 1280 1 2048 1e-05 256 0.0 0.3774545470873515 0.6993131350351289 0.8391212995341732 0.8218755707732401 0.3999154556642099 0.6323886903354692
442 2560 3 5120 1e-05 1024 0.1 1.188785151640574 0.5712160185934618 0.8487364484136881 0.8276691330221893 0.5702854407216736 0.7551724576026814
448 2560 1 256 0.0001 1024 0.2 0.43466291824976605 0.6937268192838173 0.8375175022560577 0.8221380666806434 0.40734529138194564 0.6382360780948894
445 160 5 5120 1e-06 16 0.1 2.212898568312327 -0.11101832069556461 0.8323005428576501 0.8121425793530669 1.477661480238456 1.2155910003938233
443 160 4 7168 1e-06 32 0.2 2.378256698449453 -0.8353940780924893 0.8080023431280656 0.7830735444372456 2.4410858756650486 1.5623974768492968
449 640 3 8192 3.1622776601683795e-05 128 0.0 1.5718508203824362 0.7224349628199037 0.8510127244965888 0.8356938551907285 0.36916327666424636 0.6075880814040433
454 640 1 256 3.1622776601683795e-05 64 0.1 0.5382768710454305 0.6872139311100158 0.8335469674661664 0.8197294151455291 0.4160074743543218 0.6449864140850734
417 1280 5 6144 1e-06 32 0.3 12.024607582887013 -12.67290840306305 0.8199223459300138 0.7992412796557815 18.185055722020934 4.264393945453555
456 640 4 6144 1e-06 512 0.2 0.5992098172505697 0.020565036678478865 0.8015163430377321 0.7851163015225796 1.3026547724189608 1.1413390260649816
460 1280 4 512 1e-05 512 0.1 0.32753071387608845 -0.656298039482484 0.8098598199890072 0.7846679094122504 2.202886997583883 1.4842125850375623
373 10240 5 1024 0.0001 16 0.1 43.08319744269053 0.4493435397106247 0.8146939679209686 0.7989235641346595 0.7323766179703064 0.8557900548442394
457 160 5 7168 0.0001 16 0.2 4.374576596419017 0.7081882852948831 0.8427539585197918 0.8328856539940014 0.38811144899224376 0.6229859139597329
459 10240 1 2048 3.1622776601683795e-05 256 0.3 2.9940990964571634 0.6986176425299202 0.8410940785566158 0.8238913078473219 0.4008404651492905 0.6331196294139761
458 1280 1 8192 3.1622776601683788e-06 16 0.3 5.1281576951344805 0.7178792414037277 0.8489731206034503 0.8303355620998496 0.37522241531748307 0.6125540101227671
462 640 3 5120 0.0001 64 0.0 1.4763698498408 0.7079344452504804 0.8462335527758571 0.8289956202048756 0.38844905787660594 0.6232568153470974
463 160 5 4096 3.1622776601683795e-05 16 0.3 1.6598356326421102 0.14735729715426737 0.8419353064649873 0.8367676886802057 1.1340202541509474 1.0649038708498282
464 2560 4 4096 3.1622776601683788e-06 1024 0.3 1.1376328428586324 -4.804000689599308 0.7784300379913714 0.7534694543190709 7.71935807946805 2.7783732793611535
466 160 2 512 3.1622776601683795e-05 1024 0.1 0.03991110722223918 0.5474165458452869 0.7403534284152522 0.7439643820388324 0.6019388918618367 0.775847209095861
452 5120 5 1024 1e-06 32 0.1 11.159248284498851 -3.8302387106662295 0.8463490388938164 0.8263482857599962 6.424248412609138 2.534610110571079
455 1280 3 7168 3.1622776601683795e-05 32 0.3 9.199318238099416 0.5019204035603518 0.8449663722070935 0.8362939353587693 0.662449052406991 0.8139097323456644
467 5120 1 6144 1e-05 512 0.0 1.3067087888717652 0.7036105485389683 0.8413255988566507 0.8219758360264542 0.3941998681882947 0.6278533811235667
461 5120 4 1024 1e-06 64 0.3 5.409020229180654 -9.701845408862566 0.8186772695758819 0.7985296543935401 14.233522916384176 3.772734143348054
469 160 1 1024 0.0001 1024 0.1 0.04768220980962117 0.6803421166435977 0.8276762659669537 0.809038558797133 0.42514703159403877 0.6520329988536153
472 1280 2 8192 1e-05 1024 0.0 0.6815633972485861 0.7158233286892919 0.8467320893081205 0.8320182121047983 0.37795679239143853 0.6147819063630927
473 160 2 4096 1e-05 512 0.2 0.07313055992126465 0.7027529593211588 0.8405502867215509 0.8298903032786835 0.3953404673390195 0.6287610574288293
436 2560 5 5120 3.1622776601683788e-06 32 0.0 18.511703328291574 0.7335087504188421 0.856670147031675 0.8454937884123122 0.35443506825356136 0.5953444954423962
474 40 2 5120 3.1622776601683788e-06 16 0.1 0.23900765577952068 0.7023839060173405 0.8387790101880991 0.8257662312201987 0.39583131059610066 0.6291512620952935
471 1280 4 4096 1e-05 128 0.0 1.5631800731023153 0.7260730940490834 0.8522662323611689 0.8402402577661519 0.3643245388349317 0.6035930241768304
444 10240 2 256 3.1622776601683788e-06 32 0.1 17.193826321760813 -0.22823716424357565 0.8361123954632934 0.8122665838794683 1.6335632926951165 1.2781092647716457
465 640 2 7168 0.0001 16 0.1 5.683555853366852 0.7049768126907483 0.8429327228779246 0.8258876185285935 0.39238272811840624 0.626404604164438
475 1280 1 5120 3.1622776601683795e-05 1024 0.3 0.28603965441385903 0.7154775472375086 0.8494466855149961 0.8329160653299947 0.37841668393630634 0.6151558208586718
478 640 3 5120 3.1622776601683788e-06 256 0.1 0.5233071168263753 0.5781187190969939 0.842403239340465 0.8235427017812759 0.5611048048548355 0.7490692924254975
476 640 4 256 3.1622776601683795e-05 32 0.1 1.2944673498471577 -2.231036499807137 0.8290757442175165 0.8094186452037102 4.297299232671919 2.072992820217166
477 1280 2 4096 3.1622776601683788e-06 64 0.1 1.6335185607274374 0.6942159748323029 0.8505566469573571 0.8340297468851793 0.4066947113704571 0.6377262040801343
482 1280 2 2048 3.1622776601683788e-06 256 0.2 0.43752067486445106 0.6635908026425164 0.8454679199168944 0.8285141995405464 0.4474263864720755 0.6688993844159788
483 2560 3 4096 3.1622776601683788e-06 256 0.3 1.566750963528951 -3.1719729138939012 0.8239212981207098 0.8063133344698858 5.548750688107187 2.355578631272407
485 5120 1 2048 3.1622776601683788e-06 256 0.2 1.5058409094810485 0.7139434259049317 0.8467501333903107 0.8301672123162362 0.38045707513142335 0.6168120257675132
450 1280 5 8192 3.1622776601683788e-06 32 0.0 19.932128636042275 0.7332485063099949 0.856416473215664 0.8428759806100157 0.3547811945846391 0.5956351186629605
487 160 5 2048 0.0001 32 0.2 0.4179281195004781 0.7061734178547121 0.8469125799760893 0.839556684657475 0.3907912355886191 0.6251329743251584
489 40 2 2048 3.1622776601683788e-06 16 0.3 0.15208997329076132 0.6159481143630172 0.806339022151046 0.8070023263257031 0.5107914669340697 0.7146967657224075
486 640 2 7168 3.1622776601683788e-06 32 0.0 2.809783601760864 0.7265198547590899 0.8525639998028696 0.8398901403488624 0.36373034423006934 0.6031006087130648
488 640 5 8192 1e-05 256 0.0 2.3779835303624473 0.730414635144016 0.8546866337095482 0.8405101998430953 0.35855026138031887 0.5987906657424771
481 10240 5 4096 3.1622776601683788e-06 512 0.0 6.501091019312541 0.7344344122224558 0.8572581736180991 0.8463601612969774 0.35320393212785683 0.5943096264808916
451 10240 3 5120 0.0001 64 0.3 24.275680363178253 -0.6644568510247841 0.7900034736982644 0.784007080296674 2.2137382691750065 1.4878636594711918
493 40 5 2048 3.1622776601683788e-06 64 0.0 0.07243634064992269 0.6749674569226007 0.8220601190659234 0.8177667228138648 0.4322953634362484 0.6574917211921747
492 40 2 6144 0.0001 64 0.3 0.10315185785293579 0.6615813336373662 0.8266747533299241 0.8069625519844466 0.45009899311530777 0.6708941743041952
490 5120 2 1024 1e-06 128 0.2 2.634092549482981 0.5728384664662999 0.8363203193314903 0.8152599071723869 0.5681275746624652 0.7537423795054018
495 640 5 1024 0.0001 64 0.3 0.7370460708936055 0.20107710157414393 0.8461554034785939 0.8406245096042044 1.0625725703112259 1.030811607574937
479 10240 4 4096 0.0001 128 0.2 13.047803882757822 0.6449078061490332 0.8368604420851815 0.8175424530342492 0.47227489143333184 0.6872225923478738
497 160 3 5120 1e-05 16 0.0 1.3435194969177247 0.715508229645432 0.8514720564247751 0.836939503513011 0.3783758761373125 0.6151226512959123
499 640 5 4096 3.1622776601683795e-05 32 0.0 3.345307672023773 0.7268071706650443 0.8531497828309516 0.8396606729954593 0.36334821223550157 0.6027837192853682
496 640 5 2048 1e-06 16 0.0 2.8176016211509705 0.7056325644920022 0.8415431061941469 0.8275907270686649 0.3915105740240407 0.6257080581421665
494 5120 4 2048 1e-05 64 0.3 5.869510400295257 -2.157788671269405 0.7686007926954754 0.7766599595562893 4.199879151719918 2.0493606690184913
498 1280 4 5120 3.1622776601683788e-06 64 0.2 3.941682589054108 -5.027772714596641 0.8419274538488074 0.8272381030200453 8.016976305499197 2.8314265495504554
468 5120 2 6144 3.1622776601683788e-06 32 0.3 18.989559785525003 -1.1873739601834514 0.770269237306038 0.7389515248626112 2.9092213725298253 1.7056439759017195
453 10240 3 512 3.1622776601683788e-06 16 0.0 33.2594251871109 0.6932249187660638 0.8340526810718383 0.8200685476196355 0.40801282228416486 0.6387588138602589
491 5120 4 8192 1e-06 256 0.1 11.378419009844462 -0.3574193240980914 0.8400131875953195 0.8224178878340066 1.805376392439068 1.3436429557137075
470 2560 5 7168 1e-05 32 0.1 32.377393205960594 0.432295304949486 0.8483099780523413 0.8406464426283452 0.7550508793603665 0.8689366371378102
480 2560 5 5120 3.1622776601683788e-06 16 0.1 36.33217401504517 -3.1782299359352173 0.8505212766892294 0.8355584970988895 5.557072567485079 2.3573443888165935
428 5120 5 7168 3.1622776601683788e-06 32 0.2 63.64313407739004 -5.36007394496109 0.8370897216847569 0.8345704573898486 8.458939069567728 2.90842553103354
484 10240 5 2048 3.1622776601683795e-05 16 0.2 49.26264368295669 0.5067858226823394 0.8129938044692024 0.7929686559249318 0.6559780138220687 0.8099246963897747
277 10240 5 6144 3.1622776601683795e-05 16 0.2 194.8773891290029 0.6416436155739798 0.8154803926654041 0.7930286638130187 0.4766162857983626 0.6903740187741444
