9 2560 1 2048 0.001 512 0.25 0.5533068140347799 0.34204076253796567 0.7426058389205498 0.7233448327153685 0.8750899986563981 0.935462451761907
7 2560 5 32 1e-07 512 0.0 0.5951087315877278 -35.758084735777736 -0.09869802490822761 -0.08535990176812264 48.888488056069875 6.9920303243099475
14 2560 2 2048 0.001 512 0.2 0.6015271266301473 0.6081598980995608 0.8141305385320066 0.7982007696181078 0.5211498444314555 0.7219070885033998
1 2560 2 512 0.001 512 0.0 0.6318535367647807 0.6110559596743455 0.7980981519600574 0.7870228158226639 0.5172980639938666 0.7192343595754214
11 2560 3 2048 3.1622776601683788e-06 512 0.1 0.6801212151845296 0.3879261624352216 0.8355560543450702 0.8203352458207397 0.8140621229944884 0.9022539127066662
2 2560 5 32 3.1622776601683788e-06 512 0.1 0.8032740036646525 -0.26734621316005236 0.6482517007242751 0.661315328330033 1.6855785781644501 1.2982983394291352
13 2560 4 512 1e-05 512 0.25 1.04752916097641 -3.376790038893435 0.809625636692944 0.7893763214685104 5.8211587757753716 2.4127077684160945
19 2560 4 4096 1e-07 512 0.0 1.3301963210105896 0.6415580592752348 0.8018663633412213 0.8007610354864828 0.4767300762235 0.6904564260136189
21 2560 1 1024 1e-07 512 0.25 0.5476774573326111 -2.4965986975365273 0.21051394274015417 0.2260929115616093 4.650498656014025 2.1565014852798097
24 2560 4 1024 0.001 512 0.0 0.7070901791254679 0.626214488996661 0.8062733576831491 0.8008991951074558 0.49713712293699214 0.705079515329294
3 2560 1 1024 3.1622776601683795e-05 16 0.0 7.1954263806343075 0.6355918480570945 0.8138769812019118 0.8083655282849339 0.48466517534454157 0.6961789822628528
16 2560 3 512 1e-05 16 0.0 8.191856590906779 0.6813914633818728 0.8285272406535473 0.8185511509713627 0.42375139371329507 0.6509618988184294
29 2560 4 1024 3.1622776601683795e-05 512 0.25 0.7417657653490702 -3.678046063038069 0.8236231309916047 0.8064818685646264 6.221831216792923 2.4943598811705026
27 2560 2 1024 3.1622776601683788e-06 16 0.1 7.974862504005432 0.6540307385762479 0.8231611903629309 0.8052221757344489 0.4601413328921244 0.6783371823010473
32 2560 5 2048 1e-07 512 0.1 0.8357673764228821 0.42730351819841594 0.7310232875577583 0.7531369939077704 0.761689987701085 0.8727485248919559
8 2560 2 4096 3.1622776601683788e-06 16 0.1 11.714909255504608 0.6651245893133044 0.8295257926857011 0.8186661611147553 0.44538644037928043 0.6673727896605318
26 2560 5 2048 3.1622776601683788e-06 16 0.25 12.267385303974152 -3.759087460664186 0.822886153737159 0.8096072323490937 6.329616794533737 2.5158729686798056
10 2560 3 4096 1e-07 16 0.0 15.711116023858388 0.6861117017766566 0.8287600784474927 0.8175931754564634 0.41747344642512807 0.6461218510661345
37 2560 5 2048 0.001 512 0.1 1.2792838096618653 0.5942514354719272 0.8144680470553001 0.8057554190347048 0.53964818878038 0.7346075066185889
38 2560 4 4096 1e-05 512 0.2 1.4048038363456725 -1.9751795539148986 0.8378132779028533 0.8269117248759434 3.9570078564147564 1.9892229277822926
18 2560 5 32 0.001 8 0.25 19.006417063872018 0.596075481983338 0.7892364723143023 0.7831774868441164 0.5372221952410586 0.7329544291707764
31 2560 4 2048 3.1622776601683795e-05 16 0.0 10.371467773119608 0.6667811331932714 0.8209870408225942 0.8123247893334481 0.4431832264122781 0.6657200811244003
15 2560 2 4096 1e-07 8 0.2 22.704045780499776 0.45172500878142774 0.8369494148684888 0.8214018911762547 0.7292092488578854 0.8539374970440667
36 2560 2 4096 1e-07 16 0.1 11.40375241835912 0.6880885518527167 0.8378002889764112 0.8244945581667511 0.41484422316644076 0.6440840187168447
30 2560 5 32 0.001 8 0.0 17.25804081360499 0.6551131731177595 0.8133413521344236 0.8019557734250182 0.4587016880212191 0.6772751937146517
17 2560 5 4096 1e-05 16 0.25 26.586636606852213 0.3227407539173126 0.7877038462162509 0.8185894508236014 0.9007591336974429 0.9490833123058496
42 2560 1 2048 1e-07 16 0.1 7.4397937496503195 0.6351245970322807 0.8061760901990731 0.7987973847369568 0.4852866221992945 0.6966251662115679
25 2560 5 4096 3.1622776601683788e-06 16 0.25 26.265194511413576 -4.943847702845175 0.8318855550906743 0.8177732474277688 7.905355502508241 2.811646404245783
45 2560 2 32 1e-07 512 0.0 0.5322606364885966 -24.444984393251335 -0.05987256987825492 -0.11989973328688493 33.84199216412281 5.817387056413112
4 2560 2 32 3.1622776601683788e-06 4 0.2 30.133576230208078 0.49651786455641245 0.7976625330282741 0.7728960314404152 0.6696344638740217 0.8183119599969327
22 2560 2 32 3.1622776601683788e-06 4 0.25 29.432956329981486 0.5634307948341435 0.8026156073870765 0.7786811891019625 0.5806398381693951 0.7619972691351296
33 2560 4 32 1e-05 8 0.0 19.856545074780783 0.49597456153970243 0.7503457874740206 0.7435341261434227 0.6703570603649484 0.8187533574678936
20 2560 3 4096 1e-07 8 0.2 32.080483500162764 -0.681933088955972 0.8172268255249804 0.8021306146107158 2.2369817775216836 1.4956542974637166
34 2560 4 2048 3.1622776601683795e-05 8 0.25 20.382379845778146 0.48266995895300335 0.8201273621892986 0.8107851279010058 0.6880522669929884 0.8294891602625006
49 2560 4 1024 3.1622776601683795e-05 512 0.1 0.6585582892100016 -0.3527684457238196 0.8273605306829028 0.8148774615833811 1.7991906944222855 1.3413391422091154
6 2560 3 2048 3.1622776601683788e-06 4 0.1 33.501619478066765 0.27585334771212655 0.8269486869522774 0.81286382565615 0.9631196841646227 0.9813866129944012
5 2560 4 32 3.1622776601683788e-06 4 0.1 35.0426969965299 0.46314089763151367 0.7876114973408151 0.7691051570377399 0.7140260435927421 0.8450006175102727
52 2560 5 4096 0.001 512 0.25 1.6910725275675456 0.30711227667883434 0.8079890691234899 0.8006501346521793 0.9215451084918321 0.9599714102471136
0 2560 4 1024 1e-05 4 0.2 39.15304113229116 0.43542960119088503 0.8274121159527219 0.8242245792275822 0.7508822452907934 0.8665346186337817
40 2560 4 4096 3.1622776601683788e-06 16 0.25 21.27674935658773 -4.451165640903447 0.8212292348047506 0.808449942781206 7.2500852055432325 2.6925982257929295
56 2560 2 512 3.1622776601683788e-06 16 0.0 7.548505540688833 0.6594254777706172 0.8156820355946808 0.8068533660726745 0.4529662952217631 0.6730277076181657
54 2560 3 1024 1e-07 16 0.0 8.268720650672913 0.6646166366694448 0.8180096751830228 0.8086279136056609 0.4460620206479719 0.6678787469653245
28 2560 3 1024 0.001 4 0.2 34.37028519709905 -0.008629724078809575 nan nan 1.3414839911566088 1.1582244994631261
53 2560 2 512 3.1622776601683795e-05 16 0.1 9.799896109104157 0.6370017639613367 0.8207764933941253 0.8096368695783526 0.4827899781643817 0.6948308989706644
23 2560 3 1024 1e-07 4 0.2 43.75867736339569 -0.39550713501805657 0.8288897428934365 0.8141930037812936 1.85603342483418 1.362363176555422
50 2560 2 32 3.1622776601683795e-05 8 0.0 14.65170399347941 0.5748935966398492 0.7823281822433223 0.7730536911786491 0.5653942383728996 0.7519270166531454
44 2560 4 32 1e-07 8 0.25 17.861911765734355 -2.167231097130881 0.5466554763992097 0.5709595628716199 4.21243763857437 2.0524223830816037
12 2560 5 2048 3.1622776601683795e-05 4 0.1 47.80084774494171 0.6411625336213292 0.8009359372102988 0.8047404233100908 0.4772561278756963 0.6908372658417439
65 2560 3 32 3.1622776601683788e-06 512 0.25 0.7013092358907064 -0.5742654785570982 0.6212374573223662 0.6210857017269531 2.093783166308744 1.4469910733341598
58 2560 5 2048 3.1622776601683795e-05 16 0.0 10.968495627244314 0.7022414170884059 0.8389495468658885 0.8312122195454144 0.3960208217839226 0.6293018526779678
47 2560 4 2048 1e-07 8 0.1 20.431004722913105 0.24647600267467284 0.8247371009302317 0.8072940908401108 1.002191741163955 1.0010952707729444
43 2560 1 512 0.001 4 0.1 27.361670807997385 -197.49525080137937 0.015368553958155099 0.5710450782588247 263.9999545064574 16.248075409304864
72 2560 1 2048 3.1622776601683788e-06 512 0.2 0.5591829180717468 0.6267415494994368 0.8038145871868746 0.7963077837547624 0.49643612909359686 0.7045822372822046
55 2560 3 1024 1e-07 8 0.1 17.26455100774765 0.5596338516152762 0.8332534668864587 0.821508201834442 0.5856897969618479 0.7653037285691531
71 2560 4 32 3.1622776601683788e-06 512 0.2 0.602963650226593 -1.5785213302917596 0.6395617351520209 0.6380257005685895 3.4294498792422705 1.8518773931452024
57 2560 2 2048 3.1622776601683788e-06 8 0.1 15.869272045294444 0.6671391633012995 0.8313219397565749 0.8169695771885878 0.44270704407617806 0.6653623404402883
39 2560 2 1024 1e-05 4 0.2 32.17952918608983 0.573628290031154 0.8175737394102862 0.8013960610442468 0.5670771042640664 0.7530452205970545
62 2560 1 512 3.1622776601683795e-05 16 0.2 7.171566168467204 0.6344599931222438 0.8129107504322777 0.7991316145350786 0.48617054965502066 0.6972593130643868
63 2560 1 1024 0.001 16 0.25 8.624860954284667 -0.08297165387939853 0.5719959974521753 0.7143272080930503 1.4403592337936046 1.2001496714133637
35 2560 5 512 3.1622776601683795e-05 4 0.2 40.21581203937531 0.6619644776854687 0.8155098719755831 0.8089682993954324 0.44958940907810707 0.6705142870052114
74 2560 5 1024 1e-05 512 0.25 0.8009717623392741 -6.532067058712078 0.8156250306463245 0.7997435274774878 10.017697414983981 3.165074630239227
67 2560 3 2048 0.001 16 0.2 8.784505891799927 -0.004114103862209673 0.03801512135290345 0.02960874485794028 1.3354781873555712 1.1556289142088698
51 2560 1 2048 1e-05 4 0.0 26.049198198318482 0.6383193100607683 0.8137603088069648 0.8055720719783855 0.4810376334160524 0.6935687661768315
69 2560 5 512 1e-07 16 0.0 9.371371328830719 0.6296685125756127 0.7977017389635923 0.7855784063807749 0.49254324946129924 0.70181425566976
48 2560 2 1024 3.1622776601683795e-05 4 0.0 28.815112872918448 0.6385360748504002 0.8088225786887844 0.805306258470692 0.48074933485792376 0.6933608979874216
70 2560 2 2048 3.1622776601683795e-05 16 0.25 10.198420850435893 0.6443378760669345 0.8156306982636838 0.8015865650253534 0.473032902091715 0.6877738742433556
41 2560 4 4096 0.001 8 0.25 42.57877538998922 -0.009343418377130597 nan nan 1.3424332091430722 1.1586341998849647
85 2560 1 2048 3.1622776601683788e-06 512 0.1 0.6275698661804199 0.6195182679233775 0.8040962997941383 0.7977855903729059 0.5060431398395374 0.7113670921820445
75 2560 3 512 3.1622776601683795e-05 16 0.2 8.81165787378947 0.47930600541622037 0.8179285426053537 0.8108451396040324 0.6925263467358896 0.8321816789234726
89 2560 3 4096 3.1622776601683795e-05 512 0.1 1.1234100699424743 0.19339644249211485 0.826591575597268 0.8152592067901034 1.072787896068638 1.0357547470654613
81 2560 2 1024 3.1622776601683795e-05 16 0.1 9.931063151359558 0.6358244899636752 0.8139546544769853 0.8002707089132456 0.48435576011921166 0.6959567228780907
60 2560 1 2048 0.001 4 0.0 25.77647238969803 -1591.4608627045839 0.05731168772523011 0.5028170536362324 2117.983143727702 46.021550861826704
77 2560 2 2048 0.001 8 0.2 15.748745087782542 0.30538836134191605 0.5720550507523312 0.5725909290606379 0.9238379269279509 0.9611648801989963
91 2560 4 512 1e-05 512 0.0 0.6855717698733012 0.6675897041639911 0.8208050638701557 0.8130978270632832 0.44210782184404074 0.664911890286255
92 2560 5 512 1e-05 512 0.25 0.6906443079312642 -5.819305286559335 0.8064777868178389 0.7860918195139999 9.069719694295067 3.0115975319247204
78 2560 2 512 3.1622776601683788e-06 8 0.1 15.862179430325826 0.6549038185611826 0.8167681020914959 0.8030101473098653 0.45898013092193773 0.6774807236534024
64 2560 1 2048 1e-07 4 0.2 26.7797767718633 0.6526089609393607 0.8147676396712161 0.8055059411459347 0.46203230625265135 0.6797295831819087
96 2560 2 1024 3.1622776601683788e-06 512 0.25 0.5929216345151266 0.34895948596475734 0.8233535458428352 0.8059238113335944 0.865888052199032 0.9305310592339365
97 2560 3 2048 3.1622776601683788e-06 512 0.0 0.6512280662854513 0.6789975004408817 0.8258711978442328 0.8160533297128937 0.4269353797530628 0.6534029229756038
87 2560 3 512 0.001 16 0.2 11.24738021294276 0.6728961969283681 0.8206982437898347 0.8065758267361458 0.43505015249060025 0.6595833173228385
100 2560 2 32 0.001 512 0.2 0.5773882230122884 0.6489564580045928 0.8077494417207203 0.7933948741869903 0.46689015854241867 0.6832936107870603
73 2560 5 2048 1e-05 8 0.1 24.06427538394928 0.5716820677955272 0.8310897900443543 0.8305809170724204 0.5696655922988709 0.7547619441246829
86 2560 3 2048 3.1622776601683795e-05 8 0.2 17.30811741352081 0.5739692494115705 0.8141432773178083 0.8042771757229067 0.5666236261049915 0.7527440641446411
90 2560 2 4096 3.1622776601683788e-06 16 0.0 11.269328236579895 0.7048809396603535 0.8397036348977808 0.8308806069652992 0.39251023986269457 0.626506376553898
66 2560 3 4096 3.1622776601683788e-06 8 0.25 33.32607529163361 -1.8915477049546716 0.8196210160315723 0.8087919505088972 3.8457769618132343 1.9610652619974773
103 2560 1 4096 3.1622776601683788e-06 512 0.1 0.5944275101025899 0.6209303918040636 0.8095465627094272 0.8007386232534116 0.5041650060365698 0.7100457774232375
83 2560 2 4096 3.1622776601683788e-06 8 0.0 22.4901984333992 0.7057476607281643 0.8409059074582677 0.8314506444196013 0.3913574952929981 0.6255857217783971
88 2560 3 512 3.1622776601683795e-05 8 0.2 17.48147902886073 0.5539743472918703 0.8274222783536054 0.8108480517198425 0.5932169739490863 0.770205799737373
105 2560 3 1024 1e-05 512 0.2 0.6304863293965658 -0.7760386210401871 0.8250426184987991 0.8063205226038477 2.3621427377398114 1.5369263930780197
61 2560 5 512 1e-05 4 0.2 40.048387706279755 0.5093670586366359 0.8254662770077679 0.821135561597405 0.6525449534755187 0.8078025460937336
98 2560 3 512 1e-07 16 0.25 8.715440205732982 -0.22499910848851035 0.7839838228442323 0.7769696022500385 1.6292566578080079 1.2764233850129854
106 2560 1 1024 0.001 512 0.25 0.546060844262441 0.49896265370703297 0.7970807266712352 0.7845129406164739 0.6663828786500128 0.8163227784706322
111 2560 2 4096 3.1622776601683788e-06 512 0.2 0.8377254446347554 0.28767783168670313 0.8367749653578367 0.8208510589414102 0.9473930447677225 0.9733411759335585
113 2560 1 32 1e-05 512 0.1 0.5347312053044637 0.32712551613682606 0.7459135925373782 0.7465692143377719 0.8949273718703981 0.9460060104832305
80 2560 3 512 1e-07 4 0.0 31.0747750043869 0.6353466356435666 0.8008706526814309 0.7857347022166672 0.4849913094245984 0.6964131743617422
104 2560 2 1024 0.001 16 0.25 8.023259405295054 0.667682489916348 0.8226189714414072 0.81440066989762 0.4419844161993103 0.6648190853151783
95 2560 2 32 1e-05 8 0.1 18.355206910769144 0.6069069379581493 0.7981096811279011 0.7745466113092255 0.522816289442082 0.7230603636226245
108 2560 2 512 3.1622776601683795e-05 16 0.25 8.141484610239665 0.6056818074549626 0.8066028290150288 0.793162588093005 0.5244457208556801 0.7241862473533173
82 2560 3 4096 3.1622776601683788e-06 8 0.2 34.245744434992474 -1.026053281956715 0.824624835895694 0.8136089218190965 2.6946638375718486 1.6415431269302212
46 2560 3 4096 1e-07 4 0.1 64.64107972780863 0.40143421889153064 0.8295191104187243 0.8185539525004965 0.796096321417177 0.8922422997242269
94 2560 5 1024 0.001 8 0.1 20.977197130521137 0.6748597463821953 0.8229772650240625 0.7987167263456618 0.43243861914464493 0.6576006532422584
110 2560 5 1024 3.1622776601683788e-06 16 0.0 9.574407573541006 0.6992807112547716 0.8370012154343514 0.8273772579211053 0.3999585794996907 0.6324227854052151
120 2560 3 32 3.1622776601683795e-05 512 0.0 0.6480218847592671 0.4722039909913618 0.7474411411574723 0.7477231125809185 0.7019720713942744 0.8378377357187217
99 2560 1 2048 1e-07 8 0.2 17.5554194688797 0.6461019966737485 0.8116877244910321 0.803133598902885 0.47068661038920584 0.6860660393790133
121 2560 3 1024 3.1622776601683795e-05 512 0.0 0.582405149936676 0.6968445544430979 0.8379751270709404 0.8273930349535962 0.40319868365762856 0.6349792781324668
79 2560 4 2048 3.1622776601683795e-05 4 0.25 40.81309507687887 0.46608319951566834 0.8165210979381782 0.8079879485096871 0.71011276324762 0.8426818873380512
93 2560 5 2048 1e-07 8 0.2 23.244264153639474 -3.2312445865761763 0.8040179690188745 0.7838153229999022 5.627582392283828 2.372252598751623
116 2560 1 1024 3.1622776601683788e-06 16 0.0 6.805753115812937 0.5566156351285891 0.780954121636993 0.7852792694212778 0.5897040442144099 0.767921899814304
126 2560 4 32 3.1622776601683795e-05 512 0.25 0.6062068422635396 -0.5641722959147577 0.7350242963685336 0.7187936011884116 2.0803591687690273 1.442345024177304
128 2560 2 2048 3.1622776601683788e-06 512 0.2 0.5971991578737895 0.40289677032940263 0.8400294360666821 0.8251848770626846 0.7941511186402707 0.8911515688367893
114 2560 5 1024 0.001 16 0.25 10.936692770322164 0.6228268443085196 0.7927560994302534 0.7965734589506719 0.5016427120628917 0.7082674015249408
129 2560 5 2048 3.1622776601683788e-06 512 0.0 0.7754679878552755 0.6761642421558698 0.8233199312089329 0.8140969039595551 0.4307036314131322 0.6562801470508858
109 2560 2 1024 3.1622776601683788e-06 8 0.1 15.623104925950368 0.6634077029034959 0.8276603204910818 0.8104848482125199 0.4476699102973377 0.669081392879325
102 2560 4 512 1e-07 8 0.2 19.39945945342382 -0.8934414852031454 0.8029666925349113 0.7890723555574799 2.5182892987926135 1.5869118749296112
112 2560 2 32 3.1622776601683788e-06 8 0.1 14.965528670946757 0.511911817797069 0.7930080123420018 0.7675670438187661 0.6491604074983635 0.8057049134133187
133 2560 3 512 3.1622776601683788e-06 512 0.0 0.5897658189137777 0.6337310756603834 0.8013744446058728 0.7876561088558318 0.48714001454646355 0.6979541636429025
84 2560 5 1024 1e-05 4 0.25 40.97120410998662 0.6137023092075211 0.8243805707268689 0.8183783408584703 0.5137784021704932 0.7167833718568625
76 2560 5 4096 0.001 8 0.0 49.86656938791275 0.027701457135992813 0.18614745376176722 0.10406107258641947 1.2931632875168466 1.1371733761906522
137 2560 4 1024 3.1622776601683795e-05 512 0.2 0.6573741436004639 -2.595666326446051 0.8290682393208159 0.8130277151104843 4.782259236781508 2.1868377252968516
124 2560 1 2048 0.001 16 0.25 8.898732483386993 -3.1439514228295895 0.3465248624450226 0.6716109940860386 5.5114819255735 2.347654558399404
130 2560 3 2048 0.001 16 0.0 8.164267977078756 0.6603391837226642 0.8207110424331826 0.8079422057534053 0.4517510604551941 0.672124289439977
134 2560 1 32 1e-05 16 0.25 6.902743983268738 0.5756099338499854 0.8037539717168447 0.7875698881105129 0.5644415052967995 0.7512932219159171
142 2560 1 512 3.1622776601683788e-06 512 0.1 0.5550675551096599 0.5891736919100832 0.7891808941587513 0.7832789038952072 0.5464016202297985 0.7391898404535864
117 2560 2 512 0.001 8 0.25 19.460531349976858 0.6259812125959989 0.7998400790786884 0.8030883761398979 0.49744738204351285 0.7052994981165893
135 2560 5 1024 1e-05 16 0.0 9.749171300729115 0.7002892425427422 0.8394952448814864 0.8283402835608907 0.39861722642918834 0.6313614071426827
119 2560 4 512 1e-05 8 0.1 19.30439761082331 0.4666507913492697 0.8249359002683987 0.8163334089018349 0.7093578624747098 0.842233852605504
118 2560 4 1024 0.001 8 0.25 19.420625400543212 0.1462744037239282 0.39670795509510426 0.4236931514356019 1.1354605093469319 1.0655798934603318
101 2560 3 4096 0.001 8 0.25 32.87940404017766 0.07847542174030497 0.29378605498277266 0.31015844319660185 1.225633589493675 1.1070833706156349
138 2560 5 512 3.1622776601683788e-06 16 0.0 9.677628600597382 0.6736405957323324 0.8231566606291201 0.8161580184331613 0.434060097315034 0.6588323742159564
143 2560 1 4096 1e-05 512 0.0 0.6389896432558696 0.6032070908802896 0.7977283303602296 0.7894073963245617 0.5277371097453003 0.7264551670580232
136 2560 2 4096 0.001 16 0.0 11.18485818306605 0.6624652102528499 0.8180705252275383 0.8035211314790025 0.4489234315573613 0.6700174860086573
127 2560 3 32 3.1622776601683795e-05 8 0.1 16.27356927394867 0.6126688333274526 0.8063021905359061 0.7915090738343246 0.515152931708203 0.7177415493812539
115 2560 1 512 3.1622776601683788e-06 4 0.1 27.176429390907288 0.667729923974846 0.8227405424408201 0.8100314428395301 0.4419213285977936 0.6647716364269715
140 2560 4 1024 1e-07 16 0.25 12.38814084927241 -2.20833020062784 0.7971758461643883 0.7900108678173436 4.267099709377819 2.0656959382682194
107 2560 5 32 1e-07 4 0.25 37.27473495403925 -2.10399528264584 0.5722739760890023 0.5918503813121433 4.128333600418141 2.0318301111111974
123 2560 5 4096 0.001 16 0.25 26.03634710709254 0.154652031430209 0.44987350176334195 0.3787798934893378 1.124318210856661 1.060338724585998
125 2560 5 512 3.1622776601683795e-05 8 0.25 25.726999910672507 0.6433937829140077 0.820655693448878 0.8134991092494919 0.47428855203001985 0.6886861055880392
153 2560 1 1024 0.001 512 0.2 0.6310967365900676 0.43460294174767544 0.7984442415667127 0.7763911602083345 0.7519817076432606 0.8671687884392868
149 2560 5 32 1e-07 16 0.25 9.570237346490224 -2.5776545684704635 0.30890304546645586 0.3328227669766068 4.75830348334691 2.181353589711423
59 2560 4 4096 3.1622776601683788e-06 4 0.2 86.48625113169352 -2.4811502260608167 0.8314226610816644 0.8171032027558307 4.629952090036671 2.1517323462821
148 2560 2 4096 0.001 16 0.1 12.344198369979859 0.6654631320568838 0.8298318701117349 0.8054980962260518 0.44493617636267246 0.6670353636522373
68 2560 4 4096 3.1622776601683795e-05 4 0.0 81.5113190293312 0.6758562839602331 0.8252518608142932 0.8202175447348895 0.4311132177851473 0.6565921243703333
145 2560 3 512 0.001 8 0.1 17.454267978668213 0.6727027347828576 0.8227203103312929 0.8051122730291654 0.43530745838284346 0.6597783403407871
139 2560 5 4096 3.1622776601683795e-05 16 0.1 26.276627922058104 0.6538127369254718 0.8088264503725469 0.8045116940304533 0.4604312764834943 0.6785508650672359
146 2560 4 2048 3.1622776601683788e-06 8 0.0 18.469245878855386 0.7065934235588993 0.8412908757588082 0.8287063991840236 0.3902326253128054 0.6246860213841874
147 2560 5 512 0.001 8 0.1 20.673807418346406 0.6582055224340367 0.8177538623203966 0.7991918012912961 0.45458884363063884 0.6742320399021682
131 2560 5 32 1e-05 4 0.2 37.89257975021998 0.32892583389887564 0.7958121192832747 0.7866740866337426 0.8925329377196594 0.9447396137135667
159 2560 3 2048 1e-07 512 0.0 0.6340839942296346 0.568108870720571 0.7571721627398398 0.7572894130176233 0.5744179672873032 0.7579036662316018
122 2560 2 4096 0.001 4 0.1 47.09363458156586 0.44989457470139027 0.6725367083300572 0.6340304840480481 0.731643737904379 0.8553617585000974
144 2560 3 4096 1e-07 8 0.1 32.15540293852488 0.4669178170267646 0.8282726628032419 0.8175018308618074 0.709002716613909 0.8420229905494915
141 2560 4 512 1e-05 4 0.25 36.75677190621694 0.49012341987273167 0.8242093893202755 0.815733807942725 0.6781391162461582 0.8234920256117592
157 2560 2 512 3.1622776601683795e-05 8 0.25 15.673826845486959 0.6427150586824599 0.8087206130795798 0.7940755548306342 0.475191259603766 0.689341177940043
154 2560 5 4096 1e-07 16 0.1 26.210063874721527 -0.134270283288362 0.8226881738966287 0.810512015672674 1.5085867393663266 1.2282453905333113
161 2560 4 2048 3.1622776601683788e-06 16 0.1 10.396820771694184 -0.39181268371409583 0.8238433273636174 0.8067042548078568 1.851119780944796 1.360558628264433
155 2560 3 1024 1e-07 4 0.1 33.704061941305795 0.5166821978387497 0.8340159761580388 0.8211830921410876 0.6428157714987728 0.8017579257473997
158 2560 1 1024 3.1622776601683788e-06 4 0.2 27.1879093170166 0.6745201508123866 0.8277511390425123 0.8130753042435355 0.4328902834268792 0.6579439819824171
160 2560 4 32 0.001 8 0.2 18.003237732251485 0.6195671129467322 0.7897307958969335 0.7717786004417584 0.505978175645727 0.7113214292046367
151 2560 4 4096 1e-07 8 0.1 41.268044956525166 0.17378122773560767 0.8291019837302668 0.8180883088686586 1.0988762572885946 1.048272987960958
156 2560 2 512 0.001 4 0.2 38.42748122215271 0.6102096333675708 0.7846807633835639 0.7666201878887573 0.5184236834007998 0.7200164466182698
166 2560 3 512 3.1622776601683795e-05 16 0.0 8.13885875940323 0.6801236050647592 0.8291151636634796 0.8217432353838878 0.4254376533929967 0.6522558189797901
150 2560 5 4096 3.1622776601683795e-05 8 0.25 53.95409655173619 0.5833893349110832 0.783060950305174 0.7904602552077599 0.5540948520749934 0.7443754778839732
152 2560 5 4096 3.1622776601683788e-06 8 0.2 52.777693859736125 -2.975315394727687 0.8341560611570926 0.8222276418884781 5.287194928442269 2.2993901209760534
163 2560 5 2048 3.1622776601683795e-05 8 0.25 23.97196745077769 0.5995699784414621 0.7776615188832693 0.7826989873644855 0.5325744925769235 0.7297770156540445
167 2560 1 4096 3.1622776601683795e-05 8 0.1 13.644103976090749 0.6171511072853998 0.8061681031563117 0.7944386477512807 0.5091914786446855 0.7135765401445633
173 2560 2 4096 3.1622776601683788e-06 512 0.1 0.8805211186408997 0.6567390859947977 0.8406012571884941 0.8274441997225157 0.4565392134842386 0.6756768558151438
174 2560 5 4096 3.1622776601683788e-06 512 0.2 2.0895654360453286 -4.007136056387227 0.8193011588126461 0.8060574737630627 6.659523015069964 2.5806051645050165
176 2560 5 512 1e-07 512 0.0 0.7213177879651388 0.2351924474747702 0.5085881674771675 0.5342797685790216 1.0171989418270386 1.008562810055496
168 2560 3 4096 0.001 16 0.0 16.024196739991506 0.6608666941843555 0.8176420137930579 0.8070417841247215 0.45104946816356023 0.6716021650974334
179 2560 3 1024 1e-05 512 0.1 0.6240636547406514 0.3860290017657332 0.8290692464347362 0.8142067165291598 0.8165853588321939 0.9036511267254602
162 2560 5 1024 3.1622776601683788e-06 4 0.2 41.17858377297719 -0.28595165390404564 0.8309131134314509 0.8223417304762344 1.7103239334823048 1.3077935362595676
178 2560 1 32 3.1622776601683795e-05 16 0.0 8.32149479786555 0.4659321271601682 0.7434321479196082 0.7372484900469906 0.710313690447733 0.8428010977969435
169 2560 5 4096 1e-05 16 0.0 25.19207944869995 0.6861702743089461 0.8322549652377367 0.8203544510401972 0.4173955445821504 0.6460615640805065
183 2560 1 512 1e-05 512 0.25 0.5449307123819987 0.6598291200477893 0.8192893932565903 0.8083998101545989 0.4524294484086526 0.6726287597245992
171 2560 5 1024 0.001 8 0.25 20.830523117383322 0.18180589820193993 0.42850585507190037 0.38753079676661306 1.088203394187397 1.0431698779141376
165 2560 2 32 1e-07 4 0.2 31.350101466973623 0.14206381989913408 0.660123475058322 0.6558935216247102 1.1410606127937573 1.0682043871814781
185 2560 1 4096 3.1622776601683788e-06 512 0.2 0.6048082709312439 0.623195792517147 0.8071360942254616 0.7971391743874788 0.5011520085830873 0.7079209055982789
186 2560 2 512 3.1622776601683788e-06 512 0.0 0.5767632166544596 0.6404787112347574 0.805892798430623 0.7970420424234279 0.47816561602826724 0.6914952031852912
164 2560 4 2048 0.001 4 0.0 37.56818605264028 0.6650892453658126 0.8230742381283347 0.8135875961052893 0.4454334480557476 0.66740800718582
180 2560 1 4096 1e-05 8 0.2 14.401728502909343 0.6478092502728001 0.8185403676743055 0.8082328242733272 0.4684159521711327 0.6844091993618531
175 2560 5 32 0.001 8 0.2 18.840798811117807 0.6301472357660431 0.8058163403254026 0.7966976995007611 0.4919065445528211 0.7013604954321431
190 2560 3 32 1e-07 512 0.0 0.5768652399381001 -32.735042717186154 0.03225725686897136 0.10653787694487302 44.86782281517767 6.698344781748523
172 2560 2 4096 1e-05 8 0.25 23.393557290236156 0.6564329790506502 0.8218063362690885 0.8103071722858686 0.45694633767991966 0.6759780600581055
187 2560 1 32 3.1622776601683795e-05 16 0.25 6.962425847848256 0.6641446567843112 0.8202454705304199 0.7939363630673489 0.4466897569172287 0.6683485295242511
132 2560 5 4096 0.001 4 0.2 103.13888142506282 -0.009019116583426134 nan nan 1.342001885680981 1.1584480504886618
184 2560 2 512 3.1622776601683788e-06 8 0.0 14.907028071085612 0.6712932780321731 0.8217177692226358 0.8130653145804395 0.43718204488583173 0.661197432606806
189 2560 3 512 0.001 16 0.1 8.80333620707194 0.6648559032044897 0.8242344739443404 0.8110470365059904 0.4457437946243681 0.6676404680847081
170 2560 4 32 3.1622776601683788e-06 4 0.0 39.99752847353617 0.4257055712531552 0.7256978300189834 0.7219695399461912 0.763815267369739 0.8739652552417282
177 2560 2 512 1e-07 4 0.25 31.027020235856373 0.5973884594129794 0.8167075971361198 0.8023295600414497 0.535475926852803 0.7317622064938876
195 2560 5 1024 3.1622776601683795e-05 512 0.25 0.7020021319389343 -4.367310962620983 0.8383399839825325 0.8225972594230284 7.138557946516386 2.6718079920751014
194 2560 4 512 1e-05 16 0.2 9.570313918590546 0.24556582915564484 0.8159019313616745 0.8134075434814833 1.003402277771991 1.0016996944054595
197 2560 5 4096 1e-05 512 0.0 1.627756945292155 0.6988082118757217 0.836764597183117 0.8273904914600404 0.40058700669918224 0.632919431443831
181 2560 5 32 3.1622776601683795e-05 8 0.2 24.149694689114888 0.41864284102072336 0.8014633824332302 0.7948324425732292 0.7732087438006645 0.8793228893874334
182 2560 2 512 0.001 4 0.0 28.673534309864046 0.5728382697615154 0.7788051649945604 0.7715681099884022 0.5681278362810881 0.7537425530518282
198 2560 4 1024 3.1622776601683795e-05 16 0.25 10.041758867104848 0.5144615414164835 0.8216425018881699 0.820237892683336 0.6457692587589763 0.8035976970841668
188 2560 1 32 0.001 4 0.2 27.827818059921263 0.43948774376024136 0.7280369947686969 0.7378148720953673 0.7454848896897628 0.8634146684471852
199 2560 4 1024 1e-05 16 0.2 9.860916483402253 -0.026209612891440193 0.8222707875160207 0.8171471425285628 1.3648653558392685 1.168274520752408
193 2560 1 4096 1e-07 4 0.25 26.92089578708013 0.6602602654064986 0.8199849390789781 0.8077524357513105 0.45185602232099864 0.6722023670897022
191 2560 3 1024 3.1622776601683795e-05 4 0.25 35.76970529953639 0.57198682045839 0.820642285602194 0.8052836987887187 0.5692602693059697 0.7544933858596573
192 2560 3 1024 1e-05 4 0.25 34.376063565413155 -0.20861637006775857 0.8256925501860501 0.8147057573372523 1.6074675108117533 1.2678594207607377
196 2560 3 2048 0.001 4 0.2 34.373047355810805 0.17459135429040562 0.4303388649391808 0.3377946554241051 1.097798783783573 1.0477589340032243
