2 40 4 7168 3.1622776601683788e-06 256 0.2 0.0956462820370992 0.12496895553407716 0.748741427688135 0.7565583613625718 1.1637968918555923 1.078794184196222
1 640 4 2048 3.1622776601683788e-06 1024 0.3 0.16800954341888427 -1.1127094811429585 0.7142501429182031 0.7207102157382683 2.8099171373385143 1.676280745382024
3 640 4 2048 1e-05 1024 0.0 0.16988863945007324 0.7170000104374934 0.846816672141287 0.8319523761701513 0.37639179813218215 0.6135077816394688
4 160 4 6144 3.1622776601683795e-05 512 0.1 0.1832891305287679 0.6535496247478525 0.8474108830558889 0.8318037845393771 0.460781217364403 0.6788086750803962
7 40 5 256 1e-06 512 0.1 0.033985225359598796 -32.35655441891028 0.1457309099788276 0.17411839013572072 44.36443095505684 6.660662951618018
0 10240 1 256 1e-05 1024 0.0 1.6639122764269512 0.6730822366784363 0.8251784729455105 0.81240588622943 0.43480271843182006 0.6593957221819232
6 640 4 6144 3.1622776601683788e-06 512 0.2 0.6074077328046162 -1.103972440723568 0.821620838916229 0.799731731565345 2.7982968176385326 1.6728110525814124
8 160 1 6144 0.0001 16 0.1 0.557263990243276 0.6960248467372177 0.8388492218023995 0.8219685004435903 0.40428890015493657 0.635837164811036
10 160 4 2048 1e-05 16 0.1 0.6771480639775594 -0.14950323615362682 0.8356119939122983 0.820301664333358 1.5288466642118483 1.2364653914331158
5 2560 2 1024 1e-06 64 0.2 2.2934081157048545 0.6128049159757403 0.840243983623369 0.8198781173629797 0.5149719409146598 0.717615454762967
9 1280 1 8192 0.0001 32 0.3 2.74898118575414 0.6835785324886873 0.8325327716006274 0.812043235655489 0.4208425777976979 0.6487238070224477
16 160 5 8192 1e-06 512 0.2 0.31779361963272096 0.022866271316248188 0.6822774088394422 0.7054278743127278 1.2995941156162059 1.1399974191269935
18 640 2 1024 1e-05 1024 0.2 0.12461043198903402 0.660904561559428 0.8180029446058652 0.8078960141194239 0.4509991043122536 0.6715646687492229
12 640 2 8192 1e-05 32 0.0 3.4462443947792054 0.7189414213374011 0.8486693797382832 0.8339799460186014 0.3738097092046903 0.6113997949007591
14 1280 3 2048 0.0001 64 0.1 1.4566351970036824 0.38127448984969015 0.84294712886349 0.8293240994958277 0.8229088901230849 0.9071432577730404
22 40 2 2048 0.0001 32 0.0 0.0757995883623759 0.6903689350364328 0.8342617935694517 0.8167744654293003 0.41181129893108587 0.6417252519038703
11 5120 2 5120 3.1622776601683788e-06 128 0.1 5.378668411572774 0.6668861786960303 0.848771290971252 0.8330950682967622 0.4430435152210155 0.665615140468586
20 640 2 6144 3.1622776601683795e-05 32 0.3 2.368279465039571 0.6386082346695867 0.8386069434220859 0.8189397307835279 0.48065336183637525 0.6932916859709016
27 160 3 256 3.1622776601683795e-05 64 0.3 0.18156601985295615 -5.092548323691295 0.7577862971696792 0.7344136374612659 8.103128280345326 2.846599423934693
24 10240 1 2048 3.1622776601683795e-05 512 0.2 2.666355057557424 0.7041835873325175 0.8431318242142498 0.823685248007077 0.3934377229237774 0.6272461422151414
17 2560 2 6144 0.0001 64 0.0 4.9447575887044275 0.7123878321659152 0.8459985962190221 0.8274397393932368 0.3825260247645902 0.6184868832599364
30 40 1 1024 3.1622776601683788e-06 1024 0.3 0.028171261151631672 -8.665479248159539 0.12021870098975182 0.1523906885908892 12.855149286924373 3.585407827141059
15 5120 5 2048 3.1622776601683795e-05 128 0.2 4.132300849755605 -0.1735928678160803 0.8404130467389461 0.8365478055054182 1.5608860285658537 1.2493542446263404
31 2560 1 1024 3.1622776601683788e-06 256 0.0 0.8929495811462402 0.7039589083144916 0.8402474417112871 0.8221602946025875 0.393736547456344 0.6274843005656349
32 2560 5 256 0.0001 128 0.1 1.583817152182261 -1.1013577674291928 0.8479689469112206 0.8299978303903104 2.794819285415582 1.6717713017681521
36 40 3 4096 0.0001 16 0.2 0.2834773898124695 0.6274530945574923 0.8059080331070853 0.7819199410919027 0.4954897696104479 0.703910342025494
34 10240 4 1024 0.0001 1024 0.0 1.8323038975397745 0.7106004112491309 0.8446073283252826 0.8286853508532938 0.38490330602854916 0.6204057591838983
28 2560 2 512 3.1622776601683788e-06 32 0.3 4.281408472855886 -1.795561598300642 0.7549172826112899 0.7177567036488318 3.718114825376166 1.928241381512223
33 1280 2 2048 1e-05 128 0.2 0.6956365029017131 0.28013886107111297 0.8319775946198416 0.8118916213222283 0.9574199239575568 0.9784783717372382
29 2560 2 4096 3.1622776601683795e-05 64 0.2 3.3519084890683493 -1.8348751175247222 0.834700840281764 0.8162129062868508 3.77040205766381 1.9417523162504042
26 2560 5 8192 1e-06 512 0.1 5.3767321308453875 -0.555719036531777 0.8322963616619616 0.8097024474774215 2.0691162796644846 1.438442310162102
41 160 1 8192 3.1622776601683788e-06 128 0.3 0.11572792927424112 0.6763413454761973 0.8239617727553423 0.8154323486630249 0.43046808286312604 0.6561006651902785
19 1280 5 8192 1e-06 64 0.0 10.377164423465729 0.7305030152890689 0.8547339234978031 0.8411268680125872 0.35843271522151127 0.5986925047313615
38 160 3 1024 0.0001 1024 0.3 0.045267979303995766 -0.6277117720262628 0.7848100434301932 0.7618322030949531 2.164867078832762 1.4713487278115824
40 640 1 6144 3.1622776601683795e-05 64 0.0 0.6227657119433085 0.7157540907208877 0.8484143420315541 0.8297672940323692 0.3780488793327381 0.6148567957929213
44 2560 2 1024 1e-06 1024 0.1 0.4612139423688253 0.5793001868297216 0.7628364771388745 0.7746760714449931 0.5595334452055153 0.7480196823650533
39 5120 1 8192 3.1622776601683788e-06 128 0.2 3.1525398095448813 0.7192393622088309 0.8494871096029293 0.8317038510461919 0.37341344593801 0.6110756466576049
47 10240 5 256 1e-05 512 0.1 2.5553823272387186 -3.5623433241088884 0.8358947051270718 0.8168071622232711 6.067945833186737 2.4633200833807076
46 160 5 7168 3.1622776601683795e-05 16 0.3 3.902267213662465 0.6528359521839266 0.8525208202442892 0.8406417242634878 0.4617304064439817 0.6795074734276156
49 10240 5 256 1e-06 1024 0.1 2.0415248831113177 -1.1893642320934403 0.7646219367189675 0.7337764001699751 2.911868446913576 1.706419774531922
43 10240 4 256 1e-06 128 0.3 6.009729031721751 -10.241884831616154 0.7635911073251361 0.7560373506681133 14.951778806452305 3.8667530056175434
45 160 5 7168 1e-06 16 0.3 3.827150563398997 -7.028786407130015 0.7525955408598656 0.7205821195048422 10.678337328812598 3.267772533211667
52 160 4 256 1e-05 256 0.1 0.09064873456954955 0.2713300697397686 0.7706184268486369 0.7566058030467211 0.9691356728298499 0.9844468867490261
48 1280 4 6144 3.1622776601683795e-05 64 0.0 5.378330341974894 0.7202103971964873 0.8496444368090943 0.8333381009491297 0.3721219631870098 0.61001800234666
35 5120 5 512 1e-06 32 0.2 11.901711034774781 -9.38464053546725 0.8426128277230694 0.8284036865886583 13.811638403744704 3.716401270549872
54 640 1 2048 3.1622776601683795e-05 64 0.3 0.5464750965436299 0.7104381511424147 0.8457299913238372 0.8274537470389063 0.38511911300941315 0.6205796588750014
50 1280 5 4096 3.1622776601683795e-05 128 0.3 1.9882493376731873 0.26768828363003305 0.8213813250339407 0.841667415686532 0.9739792716737058 0.9869038816793182
57 2560 1 7168 1e-06 256 0.2 0.985883104801178 0.7158208209804331 0.8464317024761928 0.8300477418435647 0.3779601276602772 0.6147846189197297
55 5120 1 512 0.0001 512 0.2 1.07221519947052 0.6983391218558717 0.8394673182059222 0.8185809725117488 0.4012108994291085 0.6334121086852607
23 2560 4 4096 1e-05 16 0.0 20.658742407957714 0.7295668375799478 0.8550347157702191 0.8398069054438047 0.3596778375688729 0.5997314712176383
53 1280 2 7168 0.0001 256 0.3 1.0609055519104005 0.6921507608048462 0.838395562862501 0.8226540641124414 0.40944145925028536 0.6398761280515827
60 160 4 5120 1e-06 512 0.0 0.17852229674657186 0.5388806700524121 0.7392507061541066 0.7650008431320943 0.6132916613205205 0.7831294026663285
64 40 5 6144 1e-05 256 0.3 0.07941470940907797 -4.054637515968415 0.7548259177694825 0.7287011352460732 6.722700260458935 2.5928170510969215
61 1280 4 512 1e-05 128 0.1 0.7677765210469564 -2.5109542024908933 0.8344900117874642 0.8134646799309251 4.66959156951986 2.160923776887991
56 5120 3 256 1e-05 64 0.0 4.95416407585144 0.6783205447757976 0.8274323276190827 0.8085529727013285 0.4278357351220884 0.6540915342076279
63 160 4 2048 3.1622776601683795e-05 16 0.0 0.6164884249369303 0.7104935853509375 0.8452658822900612 0.8293250579136894 0.3850453851571394 0.6205202536236343
37 10240 4 7168 1e-05 256 0.0 17.14922298590342 0.7306604773891605 0.8556079723514862 0.8404035574248792 0.3582232896201791 0.5985175767011184
51 5120 4 5120 1e-05 128 0.3 8.60557694832484 -4.054366604154061 0.82725614544694 0.8188934904590827 6.722339946011228 2.592747566966601
70 160 1 512 3.1622776601683788e-06 1024 0.0 0.04998110135396321 -2.5403266225983394 0.12865265635353473 0.17921378183471634 4.708657076330749 2.1699440260824123
71 1280 3 2048 1e-05 512 0.1 0.3438201665878296 0.4714470885032417 0.8459188608649058 0.830653719967677 0.7029787565498274 0.8384382842820498
66 5120 1 2048 3.1622776601683788e-06 256 0.3 1.881184490521749 0.7173956075074441 0.8484974958345046 0.8311382001967181 0.3758656514961886 0.6130788297569805
65 2560 3 8192 3.1622776601683795e-05 256 0.1 4.379711655775706 0.3193471991498825 0.842049329772531 0.8273976058695516 0.9052725832666377 0.9514581353200138
69 2560 2 4096 3.1622776601683795e-05 1024 0.0 0.6729832728703816 0.7173916908031235 0.8515017016048507 0.8360858819369906 0.3758708607380131 0.6130830781696825
78 40 4 512 1e-05 256 0.0 0.03901290098826091 0.37855217850472345 0.6253400647973941 0.66263857163688 0.8265295816425146 0.9091367232944199
76 5120 1 2048 0.0001 256 0.0 1.5379993637402853 0.7055076823508118 0.8430793363844302 0.8235699429658808 0.39167666807142887 0.6258407689432104
79 40 5 512 0.0001 64 0.0 0.06906339724858603 0.6877312882270044 0.8416838524678427 0.822147282237005 0.41531938607615304 0.6444527803308424
74 1280 3 8192 0.0001 256 0.0 2.3766546646753945 0.704372573380514 0.8417563002792764 0.8260251883539592 0.39318637026988795 0.6270457481475239
67 5120 4 512 3.1622776601683795e-05 64 0.2 5.456025675932566 -2.725526031309424 0.8297593044509518 0.8087331183970848 4.954973475725476 2.2259769710680914
59 10240 5 4096 1e-05 256 0.1 9.50043439467748 -3.4519313113444268 0.8498021031570581 0.834340163685663 5.921097149255496 2.4333304644572005
80 160 3 256 1e-05 512 0.2 0.0580510934193929 0.16668767134128315 0.5998434549666529 0.6415600138821583 1.1083107327122135 1.0527633792606075
81 40 4 1024 3.1622776601683788e-06 64 0.3 0.06446351210276285 -0.6154349389750544 0.5839429303721705 0.6352008745081862 2.148538812267606 1.465789484294251
84 160 1 512 0.0001 256 0.0 0.06777060429255168 0.7014753309680926 0.8395676461611072 0.8269119829115216 0.39703972122909426 0.6301108801069017
77 10240 2 512 3.1622776601683788e-06 1024 0.0 1.7171211242675781 0.6849453345392824 0.830366356367515 0.8145974561188908 0.4190247223189412 0.6473211894561627
86 1280 2 5120 3.1622776601683788e-06 512 0.2 0.5225436011950175 0.6924167314637217 0.8474311930877393 0.8315983882191902 0.4090877165710036 0.6395996533543492
13 10240 5 7168 1e-06 128 0.1 36.38235152562459 -3.326151901824371 0.8515048885504135 0.8387635938769972 5.753809729243766 2.3987100135789166
73 2560 5 7168 3.1622776601683788e-06 256 0.2 5.4413405696551 -8.226619807758587 0.8445755495781166 0.829147787471518 12.271463421228207 3.503064861122073
89 160 2 256 1e-06 256 0.0 0.07026048898696899 -5.429196034878747 0.12003659960088482 0.15790796846011806 8.550871891738433 2.9241873899834863
90 160 2 5120 3.1622776601683795e-05 512 0.0 0.0814703106880188 0.715645432062411 0.8461917952899853 0.8329875411851351 0.37819339604424 0.6149743051902575
85 5120 2 2048 1e-05 128 0.3 2.7361253539721173 -3.8023665635913844 0.8051258648813995 0.7868355557173966 6.3871782785376725 2.527286742444884
75 10240 1 256 0.0001 64 0.1 8.088980595270792 0.6568709649386135 0.8187996787376629 0.8025165989733645 0.4563638136445588 0.6755470476913942
82 1280 4 512 0.0001 16 0.2 4.901062647501628 -1.490517159750417 0.8080939636830934 0.7992527806701207 3.3124037689424286 1.8200010354234495
94 160 4 1024 1e-06 256 0.2 0.07679558197657267 -0.07499698037043534 0.39085696857410523 0.4575695511496555 1.4297528669658324 1.1957227383326925
91 1280 3 7168 3.1622776601683788e-06 512 0.1 1.1836966753005982 0.5791786479883433 0.8493511285040797 0.8323442584888713 0.5596950926427467 0.7481277248189288
87 1280 4 5120 1e-05 64 0.3 3.9702280362447104 -9.93101327022433 0.8362760658225681 0.8189147599631653 14.538317639328891 3.8129145858947444
95 640 2 6144 3.1622776601683788e-06 256 0.2 0.43156158129374184 0.6976928259942109 0.8522301973589567 0.834863865322579 0.40207047706327004 0.6340902751685047
83 2560 3 5120 1e-06 64 0.2 5.988243540128072 -1.0645103484599745 0.8319616823243898 0.8075159277128469 2.7458119822570404 1.657049179190841
98 160 2 512 1e-05 256 0.2 0.07491982777913411 0.5996183461551985 0.7786931790093645 0.7740512935859032 0.5325101632079616 0.7297329396484454
88 2560 1 7168 0.0001 32 0.2 5.089974160989126 0.6668151952022627 0.8274772654723576 0.8096885872806537 0.44313792372222477 0.6656860549254616
96 2560 5 5120 3.1622776601683788e-06 256 0.2 3.215495204925537 -8.781762121206821 0.8480802974854199 0.831430554506733 13.00980625262216 3.6069109016750276
72 10240 3 7168 1e-06 256 0.3 13.284256633122762 -3.923976297151624 0.8255400152124066 0.8063270103555263 6.548920002824924 2.559085774808051
104 640 3 1024 1e-05 512 0.1 0.1648980220158895 0.589477445614833 0.8416884897374828 0.8217340935519771 0.5459976258575838 0.7389165215757352
100 2560 1 2048 1e-06 32 0.1 3.8481945315996806 0.7136309880916762 0.8464812499588645 0.8313416059567308 0.380872619423554 0.6171487822426243
106 160 2 5120 0.0001 64 0.1 0.27876224915186565 0.7030069579694378 0.842276790409314 0.829727224793309 0.3950026475104862 0.6284923607415497
101 1280 2 7168 0.0001 32 0.3 5.891267255942027 0.6644650601033257 0.8337534994650257 0.8172503567598125 0.4462636184514364 0.6680296538713206
103 5120 4 256 3.1622776601683788e-06 1024 0.1 0.9786489804585775 -0.20620682372773014 0.7937403848821363 0.7674649354542797 1.6042627987514875 1.266594962389906
93 10240 1 1024 0.0001 64 0.0 8.373973886171976 0.7012158091906238 0.8401882860841854 0.8220953802235766 0.3973848868548137 0.6303847133733603
107 640 1 6144 3.1622776601683795e-05 32 0.1 1.1322721282641093 0.7108181468920243 0.8459741347785389 0.8255967387075963 0.3846137162293664 0.6201723278487733
68 5120 4 512 1e-05 16 0.1 19.5439736644427 -1.2942687325938502 0.8447925323519908 0.8265746566864621 3.051392104269707 1.7468234324824323
99 5120 1 1024 0.0001 32 0.3 8.370149230957031 0.6659452838157763 0.8219993521540667 0.8064792513466196 0.4442949114361871 0.6665545074757105
102 2560 2 8192 3.1622776601683788e-06 64 0.1 7.338284953435262 0.6828856481601077 0.8476410719590712 0.8317292491195245 0.42176411839116174 0.6494336905267247
109 1280 2 7168 0.0001 64 0.0 3.0172551115353903 0.7001048739203002 0.8387421857387106 0.8221836652535206 0.3988624378775258 0.6315555699046014
108 5120 4 5120 3.1622776601683788e-06 512 0.1 3.5975722710291547 -0.5566477850641425 0.8460384592247686 0.8280213147241036 2.070351521159193 1.4388716138555215
105 10240 3 256 1e-05 128 0.0 5.8344294349352515 0.6747790573030616 0.8259825683789659 0.8105231480647587 0.43254593613653497 0.6576822455688879
115 160 5 512 1e-05 128 0.2 0.18679332733154297 -5.1258053361640705 0.7723081457010371 0.7496697329822885 8.147360319874668 2.8543581274736125
117 160 4 5120 1e-05 128 0.3 0.2934067209561666 -4.284475511631459 0.8267156803563533 0.8033080309536972 7.028386266315137 2.651110383653449
118 160 3 4096 3.1622776601683788e-06 128 0.3 0.1867819309234619 -0.44570848108139094 0.8067742586754336 0.7869347888282981 1.9228015365314457 1.3866511949771094
114 640 4 6144 0.0001 256 0.2 1.3824233094851175 -0.4368416306861904 0.8430165817403796 0.82632085386159 1.911008568732479 1.3823923353131262
111 1280 2 6144 1e-06 64 0.0 2.446260718504588 0.7315249133347708 0.8555145893739917 0.8437287881957164 0.35707358427764047 0.5975563440192402
110 2560 4 8192 3.1622776601683795e-05 256 0.1 5.388231249650319 -0.28163432075251404 0.8467973568125756 0.8318214046831404 1.7045818527474155 1.3055963590434125
122 2560 1 6144 3.1622776601683795e-05 128 0.0 1.3196242332458497 0.7051472443948155 0.842014215465337 0.8247998511178976 0.3921560528607438 0.6262236444440147
124 1280 5 8192 3.1622776601683795e-05 512 0.3 2.413204781214396 -4.1833875293409895 0.8389488798403129 0.8215294713385246 6.893938602614923 2.6256310865418473
132 40 4 5120 3.1622776601683795e-05 128 0.0 0.09442412853240967 0.7104230343707442 0.8445764693465991 0.8346383053650729 0.38513921841252574 0.6205958575534691
119 5120 3 7168 1e-06 512 0.3 4.573135248819987 -2.29481320895793 0.8234057904146093 0.7972810202309965 4.3821226641968805 2.093352016311848
116 1280 1 8192 1e-05 16 0.0 5.110512924194336 0.718495127825868 0.8489953684173288 0.833463321928971 0.37440328243259163 0.6118850238668958
125 160 1 2048 1e-06 1024 0.2 0.040451916058858235 -5.326307680183483 0.12285840840511487 0.16005147000759684 8.41402972121228 2.900694696311951
112 2560 1 5120 0.0001 16 0.3 7.777764077981313 0.6597467078059864 0.8219280054669926 0.8042105288192997 0.45253905721792576 0.6727102327287179
120 2560 2 6144 0.0001 64 0.2 5.1793759822845455 0.685097706816115 0.8352217417533843 0.8165602958994571 0.418822066215133 0.6471646360974408
130 5120 2 4096 1e-05 256 0.0 2.204709978898366 0.7249768065334854 0.8519415440925397 0.8382929738447239 0.36578260825007086 0.604799643063776
135 40 3 6144 3.1622776601683788e-06 128 0.0 0.0951619029045105 0.6856136125915436 0.8297061738484238 0.8258131199709664 0.418135908230532 0.6466342924950176
129 1280 1 256 3.1622776601683788e-06 16 0.2 3.5342539111773172 0.6999742632938448 0.8381373828437836 0.8223263220659979 0.3990361508469952 0.6316930827917899
128 1280 1 2048 1e-06 16 0.1 3.5752176801363627 0.7102462431421463 0.8442809702226723 0.8284314069821941 0.38537435187853336 0.6207852703459815
126 5120 5 4096 0.0001 256 0.2 4.852920047442118 0.6558593367781592 0.8200978749353286 0.8033232919150319 0.4577092855752935 0.6765421535834212
140 40 5 1024 3.1622776601683788e-06 64 0.3 0.07088157335917154 -2.6426285230076485 0.5747274541177462 0.6233655935085832 4.844719258901588 2.2010722975180954
143 1280 1 4096 1e-05 512 0.3 0.3240951140721639 0.7210676589113099 0.8500174731338894 0.8343230964752812 0.37098179961735467 0.6090827526841937
136 10240 2 256 3.1622776601683788e-06 1024 0.0 1.9200080553690593 0.6867594235449404 0.8312900088231157 0.8152864848369337 0.4166119723260281 0.6454548569234165
134 40 1 8192 3.1622776601683788e-06 64 0.2 0.05700333913167318 0.577677443711885 0.7653855227438202 0.7798504220308947 0.5616917039424622 0.749460942239462
142 640 5 8192 0.0001 256 0.3 1.7167616804440817 0.625298841882513 0.8256169196771743 0.8343943142948433 0.49835493946158477 0.7059425893524096
139 160 4 7168 0.0001 16 0.2 3.375581073760986 0.6957639735310491 0.8449633791635373 0.8349146983314694 0.40463586318947975 0.6361099458344287
145 1280 4 4096 3.1622776601683788e-06 128 0.1 1.6467707316080729 -0.5707071071987841 0.8405663053623262 0.8237215204369162 2.089050509618373 1.4453548040596722
147 1280 2 6144 3.1622776601683788e-06 512 0.3 0.6375394463539124 0.5922161506676896 0.8497062627216441 0.8298312499935183 0.5423551306016936 0.7364476428108746
141 640 5 8192 0.0001 128 0.2 2.8072049458821615 0.6944765850318106 0.8384828449151924 0.8294565086096312 0.40634809813645667 0.6374543890636072
148 2560 1 256 0.0001 1024 0.1 0.4121962507565816 0.6746408173105927 0.8273324484277339 0.8100065976995792 0.43272979621165225 0.6578220095220684
42 10240 2 4096 1e-05 16 0.2 47.55162429412206 -2.6789952457650736 0.8409943579838073 0.8233497280310644 4.893087233020606 2.2120323761239584
149 40 5 1024 1e-05 256 0.3 0.0319508949915568 -2.6073586992114732 0.5934515968591347 0.6344098111501079 4.79781016742434 2.1903904143837782
152 40 4 256 1e-06 1024 0.2 0.03510416746139526 -31.071318010280685 0.15698247355693556 0.18023648741749937 42.65505830236918 6.5310840066844325
62 10240 4 2048 3.1622776601683788e-06 16 0.0 38.49775281349818 0.7283880859871575 0.8539911498673391 0.8398496656253225 0.36124558473468493 0.6010370909808187
146 640 3 7168 3.1622776601683795e-05 1024 0.1 0.6911813179651897 0.6976177793302694 0.8450316029337293 0.834610326935959 0.40217028960682694 0.6341689755946966
113 10240 5 7168 1e-05 512 0.0 15.224007256825765 0.7312423184624541 0.8554073045632491 0.8418224950689848 0.3574494372672418 0.5978707529786366
155 160 3 256 0.0001 1024 0.2 0.04085489511489868 0.07367860470734089 0.7853017068921304 0.7711501627188259 1.2320133868609453 1.1099609843868141
156 40 3 4096 1e-06 512 0.2 0.03647905190785726 -0.9252580862750419 0.1134829806504567 0.15409420261544055 2.5606055819360107 1.6001892331646312
157 40 1 7168 0.0001 32 0.0 0.10103277762730917 0.6825478306292323 0.8281913033044993 0.8112016341863237 0.42221341787023 0.6497795148127017
133 10240 3 1024 1e-06 128 0.3 6.367881103356679 -5.36967566700998 0.7852593613162244 0.7558170988710715 8.471709421371395 2.9106201094219415
151 5120 4 1024 1e-06 256 0.1 1.9206282377243042 -0.455792137653124 0.829249611879432 0.8046424803770799 1.9362128643362604 1.3914786611142336
127 10240 3 2048 1e-06 64 0.2 10.437324865659077 -3.9353748118769145 0.8270104490078399 0.8123932056238765 6.564080100392846 2.5620460769456987
158 40 4 4096 1e-05 64 0.3 0.11284672419230143 -2.649873287401007 0.807557775465032 0.7886009245562468 4.854354841932087 2.203260048639762
164 160 5 5120 1e-05 256 0.2 0.2153375744819641 -2.449530375097069 0.8241397495110803 0.804860778476173 4.587897485796879 2.1419377875645407
163 2560 3 512 3.1622776601683795e-05 512 0.1 0.5874900897343953 -1.1090320603491937 0.8324745749739129 0.8142316722557869 2.8050261441367352 1.6748212275155625
160 2560 3 1024 0.0001 256 0.1 0.9409683465957641 -1.439133943853324 0.845288915668426 0.8288178336915477 3.244063762798897 1.8011284692655594
165 2560 2 1024 1e-06 128 0.0 1.22995898326238 0.6869893822657632 0.8308307506721837 0.8114140711915712 0.4163061257549362 0.645217890138623
166 640 2 1024 1e-05 64 0.2 0.6567689339319865 0.4282755536437812 0.8322753595316534 0.810178117634581 0.7603971743349259 0.8720075540584071
154 640 4 5120 0.0001 32 0.3 3.8244398991266886 0.7038138764903467 0.8408730375920546 0.829971289587989 0.39392944071107766 0.6276379853953055
138 2560 5 256 0.0001 16 0.1 9.856267885367076 0.031669154724221826 0.8327927716054547 0.8202030210180637 1.2878862243198235 1.1348507497992075
159 640 4 256 1e-06 256 0.3 0.25339405139287313 -1.0980275844850986 0.44122295529694955 0.4878444231842771 2.790390120777186 1.670446084367043
170 160 2 4096 3.1622776601683788e-06 256 0.0 0.09490641355514526 0.6884366485410556 0.8307125886353542 0.8260257781495662 0.41438125234212986 0.643724515877817
168 640 2 256 1e-05 512 0.0 0.1439282735188802 0.6621500713692157 0.8145081306768872 0.8032221419684072 0.4493425682903904 0.6703301934795943
161 640 5 7168 1e-06 128 0.2 2.3783475279808046 -3.9792774480256385 0.7947163612990359 0.7695182719983169 6.622470887573816 2.5734161901204042
153 1280 1 256 3.1622776601683788e-06 16 0.1 3.5846439242362975 0.6900411186401945 0.8331271097600499 0.8183306780009681 0.41224729683705086 0.642064869648738
169 1280 2 6144 1e-06 256 0.2 0.8709074497222901 0.7206607195744958 0.8538388081648752 0.8381840091063046 0.37152303154089955 0.6095268915650068
97 5120 2 8192 0.0001 32 0.3 27.944394969940184 0.7150171633905784 0.8467716299515671 0.8348801952884517 0.37902899740050444 0.6156533094205735
176 160 5 8192 3.1622776601683795e-05 512 0.2 0.3170909404754639 -0.6900696709216769 0.8481961355220661 0.8325928204750558 2.2478034836336027 1.4992676490985866
171 1280 1 2048 1e-05 256 0.1 0.48947598536809284 0.7129176086696746 0.846592097092703 0.8303916664069789 0.3818214186224966 0.6179169997843533
25 10240 5 7168 0.0001 64 0.1 66.62845438718796 0.617667471294198 0.8045369876608224 0.7869445673194871 0.5085047112067689 0.713095162798605
162 10240 2 2048 1e-05 128 0.1 5.434237436453501 -0.24585867204712097 0.8417030748525306 0.8243413587577962 1.657000010902174 1.287245124637174
181 160 3 4096 3.1622776601683795e-05 1024 0.1 0.07921147346496582 0.5859285884296368 0.8288737859682724 0.8136260258917036 0.5507176286367897 0.7421035161194088
182 160 1 2048 0.0001 16 0.0 0.4566394567489624 0.7072980896454776 0.8445330825149755 0.8252980961679556 0.38929541490576625 0.6239354252691269
180 2560 1 5120 3.1622776601683788e-06 512 0.2 0.8228839596112569 0.7201875978778851 0.8491222308381015 0.8332211371077887 0.37215228642673187 0.6100428562213739
173 640 5 6144 3.1622776601683795e-05 64 0.1 3.3759512265523273 0.6613825696416566 0.8467691456128756 0.8365385899490566 0.4503633505022626 0.6710911640770295
179 1280 5 2048 1e-06 32 0.3 3.104268288612366 -12.368261434979411 0.7971007199777946 0.7838789103387971 17.779873303852714 4.216618705058914
175 1280 1 4096 3.1622776601683788e-06 16 0.1 3.5604482849438983 0.7148117534698734 0.8475709821820201 0.8302434065362339 0.37930219391025655 0.6158751447414131
187 1280 2 5120 3.1622776601683788e-06 512 0.1 0.5333412965138753 0.7170111463713953 0.848808710282769 0.8341729197688128 0.37637698726879065 0.6134957108805168
190 40 3 2048 1e-06 128 0.3 0.036497509479522704 -0.2633451481881668 0.2584667660430766 0.33498569491689584 1.6802571361335163 1.2962473283033282
188 40 2 6144 3.1622776601683788e-06 64 0.2 0.09092204173405966 0.6858620759210889 0.8296138062795931 0.8308597798079218 0.4178054504113565 0.6463787205743677
167 1280 2 8192 1e-06 32 0.0 6.793909207979838 0.7210227894979386 0.8495401353605043 0.833877100409606 0.37104147622443157 0.6091317396298042
189 640 1 4096 3.1622776601683788e-06 128 0.2 0.3216834624608358 0.7143420899615958 0.8457091063968349 0.8271784230770477 0.3799268493834633 0.6163820644563429
174 5120 2 2048 3.1622776601683795e-05 64 0.3 4.769534357388815 -5.9204616963980445 0.8222800055184242 0.8018054529200538 9.204258367072574 3.033852067433838
191 40 5 512 0.0001 256 0.1 0.043152840932210286 -0.588736098627328 0.8166767875507486 0.8026960074246118 2.113029183655746 1.453626218687509
195 640 1 256 1e-05 512 0.0 0.13755985101064047 0.6223655198773346 0.789348686917855 0.7848115983670402 0.5022562765101712 0.7087004137928602
21 5120 5 5120 1e-06 16 0.2 71.19277772903442 -8.97639364409664 0.8498602270826432 0.8372404467215548 13.268667424267269 3.642618210060899
196 640 5 5120 3.1622776601683788e-06 1024 0.3 0.4785507361094157 -4.427032659060439 0.7260792885852998 0.691722609478458 7.217988185171523 2.686631382451177
186 2560 2 5120 3.1622776601683788e-06 128 0.0 2.3736707170804343 0.722173653034587 0.8501652964635403 0.8357701599974025 0.369510820351852 0.6078740168421842
201 40 2 4096 1e-06 128 0.2 0.051417032877604164 0.18394313802026407 0.4664513700929947 0.5148092516849453 1.0853608515445428 1.0418065326847123
184 2560 5 4096 3.1622776601683795e-05 128 0.2 3.9564577380816144 0.38767908988410205 0.8366362410382374 0.8354256087761555 0.8143907310694525 0.9024359983231235
193 1280 5 2048 3.1622776601683795e-05 32 0.0 2.848486069838206 0.7245157711776815 0.8521837573323878 0.8367130219998687 0.36639578822524244 0.6053063589829885
194 10240 1 256 3.1622776601683788e-06 256 0.2 3.1363057851791383 0.6957653893765527 0.8367311675597362 0.8226072490861244 0.40463398010589446 0.6361084656769587
197 2560 3 1024 3.1622776601683795e-05 64 0.1 2.520213870207469 -1.3774335534068163 0.8448518292238276 0.8292857259191382 3.162001848445048 1.7782018581828802
200 1280 3 5120 0.0001 128 0.0 1.6326871037483215 0.7116974371639828 0.8454776716125254 0.8276553465498723 0.3834442545376744 0.6192287578412959
185 2560 4 512 3.1622776601683795e-05 32 0.1 5.190902888774872 -1.4864689398791464 0.8413305734985458 0.8250243789330913 3.307019610593386 1.8185212703164586
206 160 2 6144 3.1622776601683788e-06 256 0.3 0.11651459534962973 0.6880066564271821 0.833232244758035 0.8283217049992656 0.41495314460676813 0.6441685684716137
150 2560 4 8192 3.1622776601683788e-06 64 0.0 16.373135058085122 0.7306514398227754 0.8548379569109325 0.841121080643192 0.35823530964133765 0.5985276181107583
209 160 2 2048 1e-06 32 0.0 0.2663802742958069 0.6691278406212278 0.8185293702767441 0.8162272825547751 0.44006209050741785 0.6633717589010085
178 10240 4 6144 1e-05 512 0.2 9.375786713759105 -6.437644636696786 0.8448204096489904 0.8275257021029776 9.892114989128514 3.145173284435774
205 5120 3 256 1e-05 128 0.2 2.781445606549581 -4.957655019431776 0.8356331304664384 0.8147770857434907 7.923719321974967 2.8149101800901155
211 40 2 1024 3.1622776601683788e-06 128 0.1 0.031708447138468425 0.19699136950237595 0.4907280141826827 0.5402600379998564 1.0680066201271161 1.0334440575701793
183 10240 1 4096 0.0001 64 0.2 9.328273836771647 0.664292684929411 0.8244385393365788 0.8075909423416302 0.44649287853644004 0.6682012260812158
131 2560 2 8192 0.0001 16 0.2 27.30151729186376 0.7043874877674383 0.8412320436215625 0.8247058676430196 0.3931665340397834 0.6270299307367898
144 10240 4 6144 1e-06 128 0.1 22.379780264695487 -1.9617497992655841 0.8511823180635611 0.8366982771096902 3.939146196742104 1.9847282425415587
192 1280 4 8192 1e-06 64 0.2 8.375104268391928 -2.757386041987428 0.8271506375170137 0.8057937614022197 4.997347493922943 2.235474780426508
199 5120 1 256 1e-06 32 0.3 7.65271653731664 0.6997797305669373 0.8376090942692154 0.8220689868701571 0.39929488061935114 0.6318978403344572
202 10240 3 6144 1e-05 1024 0.2 5.938796548048655 -1.8931515506619268 0.8239956671404144 0.8053725736142698 3.84791008687311 1.9616090555646173
58 10240 4 5120 1e-06 32 0.2 60.34275137583415 -6.681665313527363 0.8463123525564322 0.8334141477202256 10.216664051747495 3.196351678358859
215 1280 2 256 1e-05 128 0.2 0.637668510278066 -0.4093146693900067 0.7879224570596388 0.7578097970542492 1.8743975339568144 1.3690863865939265
121 1280 5 7168 3.1622776601683788e-06 16 0.0 31.38044558763504 0.7324570258393592 0.8561259378130716 0.8428013714657121 0.35583386867833633 0.5965181209974566
220 40 3 5120 1e-06 256 0.2 0.05035035212834676 0.0621549373774859 0.3888976766827748 0.4578803734346189 1.247339938194274 1.1168437393808832
216 160 2 2048 3.1622776601683788e-06 128 0.2 0.10460052092870077 0.6787184033588193 0.8256466914726281 0.8203195425126996 0.42730658065923005 0.6536869133302502
214 2560 2 1024 1e-06 128 0.3 1.291570770740509 0.49736268000232153 0.8344711738333825 0.8147251100056114 0.6685108539217135 0.8176251304367507
223 640 1 7168 1e-06 512 0.2 0.19617878993352253 0.5287781586757873 0.7307338939031627 0.7542669317043769 0.6267280661365666 0.7916615856138067
222 1280 1 8192 0.0001 512 0.0 0.39214670260747275 0.7112239367200176 0.8460330064699431 0.8291462392580492 0.384074013159913 0.619737051627473
225 40 5 512 1e-06 64 0.2 0.06933851639429728 -1.0773923578492668 0.14524613326942187 0.19132556638739223 2.7629451372267173 1.6622109183935465
227 40 2 256 3.1622776601683788e-06 64 0.1 0.048277513186136885 -0.3775973083547608 0.250566411469785 0.3310568452043748 1.8322132406975844 1.353592715959119
219 5120 5 1024 0.0001 512 0.2 1.423114569981893 -0.4827976482065204 0.8275076414404601 0.825567212065014 1.972130366285233 1.4043255912662251
210 160 5 8192 0.0001 16 0.2 5.376101044813792 0.6894773333516291 0.830836788768377 0.8214252986894132 0.41299713488069045 0.6426485313767475
208 5120 3 5120 1e-05 128 0.1 6.765322883923848 -1.0983559186576324 0.8476783900948999 0.8308103107013731 2.7908268073289393 1.6705767888154497
217 2560 5 5120 1e-05 1024 0.3 1.839130175113678 -8.972322605541695 0.8334950999792943 0.8129714264922278 13.263252916922834 3.641874917803031
228 160 1 512 3.1622776601683795e-05 32 0.3 0.3458369016647339 0.7080241325865748 0.8439656171769452 0.8302196304008209 0.38832977314534345 0.6231611133128763
212 10240 4 1024 3.1622776601683788e-06 1024 0.3 1.9561887939771017 -7.67449106298837 0.7981435536396365 0.7775381283530972 11.537128655471525 3.3966349017036737
229 160 1 512 1e-05 16 0.0 0.46485819419225055 0.7019008048636659 0.8391164129994755 0.8270796323128515 0.3964738382237249 0.6296616855293999
233 40 3 2048 1e-06 1024 0.2 0.02314759890238444 -9.916623223350129 0.09486231836965936 0.1345574443022372 14.519178784848505 3.810404018584972
172 10240 2 1024 3.1622776601683788e-06 32 0.3 16.87413082520167 -4.655788177417714 0.8331901061789864 0.8108463929196975 7.522234489280084 2.742669227099776
234 640 5 8192 3.1622776601683795e-05 1024 0.2 0.9433626850446065 -0.05982389075209649 0.8466580615912579 0.8293413878795621 1.4095725606220189 1.1872542106145672
237 1280 4 4096 1e-06 512 0.1 0.7315578579902648 0.46023907450713253 0.8321393932939927 0.8174166791210262 0.7178854869281847 0.8472812324890624
239 640 2 2048 1e-05 512 0.1 0.15958987474441527 0.7113548277174215 0.8453892718759349 0.8317233143012277 0.383899927295287 0.619596584315381
123 10240 3 4096 0.0001 32 0.2 34.9324880917867 0.18405914303257376 0.828260989979996 0.8131504663212205 1.085206564135405 1.0417324820391294
232 640 5 4096 1e-05 64 0.3 1.8324309547742208 -11.994906443503304 0.8452194570666445 0.8303807551882468 17.2833087746435 4.157319902851295
213 2560 1 7168 3.1622776601683788e-06 32 0.2 5.035501178105672 0.719227687617733 0.8500759114771845 0.8331306034820924 0.3734289732189212 0.6110883514017602
241 1280 4 5120 1e-05 1024 0.1 0.7931768973668416 0.37633148188040066 0.8419156964908532 0.8224868201955912 0.8294831223717106 0.9107596402848067
221 640 3 7168 3.1622776601683795e-05 32 0.2 4.577561660607656 -0.4473259072284095 0.8384124751904172 0.8207778505616738 1.9249527236631603 1.3874266552373715
137 10240 4 5120 1e-06 64 0.2 31.51697328488032 -6.378207709393725 0.8491604974201243 0.8357476003154293 9.813063495248125 3.1325809638775697
177 5120 5 1024 3.1622776601683788e-06 16 0.2 21.258620631694793 -3.965926151524184 0.8432140593461692 0.8293495344313858 6.604713577740175 2.5699637308219305
203 5120 1 2048 1e-05 16 0.0 13.413874804973602 0.7080624588496138 0.8439882093039581 0.8281953412904356 0.3882787989701032 0.6231202122946288
198 640 4 8192 3.1622776601683795e-05 16 0.1 15.527785178025564 0.7102887580122963 0.843721405526919 0.8371511664115239 0.3853178068290165 0.6207397255122444
248 160 3 5120 3.1622776601683795e-05 64 0.3 0.3876847743988037 -0.5385371298311006 0.8360388506703548 0.8156830855205109 2.0462642337389547 1.4304769252731604
238 640 2 512 1e-06 16 0.1 2.026895793279012 0.6941464671364332 0.8334351919460544 0.8213296780766054 0.4067871570510129 0.6377986806595111
243 10240 1 6144 0.0001 1024 0.2 2.3816487113634746 0.7007226369348952 0.8405007850819731 0.8230904022750495 0.39804080911265394 0.6309047543905926
245 160 5 6144 3.1622776601683788e-06 32 0.1 2.378285078207652 0.019028366858789947 0.8476336835016738 0.8319724660830194 1.3046985531182544 1.142234018543597
247 160 4 5120 0.0001 16 0.3 1.826615031560262 0.7279874249249488 0.8543403719993667 0.8428161532181161 0.36177846651280593 0.6014802295277925
250 40 5 4096 0.0001 16 0.1 0.42837291161219276 0.6890281587135048 0.8352850207269584 0.8128462423746119 0.4135945400254058 0.643113162690211
253 160 4 1024 3.1622776601683788e-06 16 0.0 0.5754418651262919 0.7042426919555984 0.8399850616474607 0.8221089823847663 0.39335911339664037 0.6271834766610488
236 10240 5 4096 0.0001 512 0.1 6.651656711101532 0.6497951948471714 0.8161477015757086 0.8079281948422388 0.46577463317146045 0.6824768370951944
240 5120 1 8192 0.0001 64 0.0 5.68966513077418 0.7097770760676392 0.8451124679278372 0.830112435049223 0.38599834709164677 0.6212876524538749
259 2560 1 512 1e-05 1024 0.1 0.4970643679300944 0.7033953899539767 0.8395253303934114 0.8267896740474907 0.39448603048396746 0.6280812292084261
226 2560 3 4096 0.0001 32 0.3 8.81970560948054 0.6508034921416599 0.8402123196375085 0.8235700535525571 0.46443359131378764 0.6814936473025905
204 10240 1 512 1e-06 32 0.2 15.151838926474253 0.7047133748303753 0.842117819178316 0.826924737241526 0.39273310215946267 0.6266842124702542
260 1280 2 6144 0.0001 256 0.0 0.8384972016016642 0.7105197501650815 0.844974480220849 0.829009369814967 0.38501058578679775 0.6204922125110014
263 160 5 256 3.1622776601683795e-05 128 0.3 0.11621135473251343 -14.661223494751399 0.8127455640447099 0.800009820194112 20.82952752490288 4.563937721409318
264 640 5 1024 1e-05 1024 0.0 0.13895281155904135 0.7027832777024493 0.838883844587955 0.8222006956016766 0.3953001436977781 0.6287289906611417
254 640 3 1024 1e-05 16 0.3 2.231552322705587 -7.164259703803806 0.8047278638320972 0.7820105484420496 10.858517680807557 3.2952264991662648
251 640 2 6144 3.1622776601683795e-05 16 0.0 4.509820767243704 0.7131796444567302 0.845902751653735 0.8314312548890164 0.3814729093479298 0.6176349320981852
249 10240 5 256 3.1622776601683788e-06 128 0.1 6.278796048959096 -3.295209463115315 0.8362583738829339 0.8186562820383356 5.712656087640101 2.3901163334951088
268 640 4 2048 3.1622776601683788e-06 32 0.0 1.2464016358057657 0.7191953738146977 0.848466773424454 0.8353632378907003 0.3734719507838595 0.6111235151619183
256 10240 4 512 0.0001 256 0.3 3.613086160024007 -3.782502701142774 0.7021952008005039 0.7036211091947012 6.360759214295158 2.522054562116997
244 5120 2 5120 1e-05 64 0.1 8.444611422220866 0.13081770724887198 0.835436984108771 0.815965966238586 1.1560180146260788 1.0751827819613178
265 640 1 5120 3.1622776601683795e-05 16 0.2 1.9569781025250752 0.7061015383711706 0.8445227844656933 0.8304678237647511 0.39088683576196476 0.6252094335196525
207 10240 5 8192 0.0001 512 0.1 19.06213268438975 0.6311768745427977 0.8070296167677928 0.7925394690340603 0.49053711838708747 0.7003835509112757
266 10240 1 256 0.0001 512 0.2 2.017460409800212 0.6784044213089054 0.8304642061047974 0.8133563049881128 0.42772417879600383 0.6540062528722519
258 1280 2 6144 1e-06 32 0.0 4.5411693493525185 0.7332675053471363 0.8566674405666186 0.8452258737577683 0.3547559257435927 0.5956139066069501
269 640 4 4096 3.1622776601683788e-06 64 0.2 1.4795841375986736 -3.010528909035549 0.8316177502178228 0.8119452189980272 5.334029127939516 2.3095517157967076
270 5120 1 4096 1e-05 512 0.1 1.2078415830930074 0.7144698892165395 0.8479762494585747 0.829853514777688 0.3797568755561051 0.6162441687806102
271 1280 1 256 0.0001 1024 0.3 0.21678143739700317 0.6813114505817266 0.8283446732394149 0.8149259722720685 0.4238578112498016 0.6510436323702135
255 10240 2 7168 3.1622776601683788e-06 512 0.3 6.203569122155508 0.09165203358419105 0.8395141391961136 0.819589486137735 1.2081086113730852 1.0991399416694334
275 160 1 512 1e-06 512 0.1 0.043049168586730954 -5.617992531072949 0.10415581264966331 0.14290084040976 8.801972440517416 2.966811830992558
278 40 4 8192 3.1622776601683795e-05 1024 0.3 0.06515265305836995 -1.0665185322465462 0.7799419813640914 0.77792116373771 2.748482879551334 1.6578549030452978
276 40 2 8192 3.1622776601683795e-05 32 0.1 0.2379335880279541 0.7084016764549137 0.8427856708237936 0.8236026766220771 0.38782763738308584 0.6227580889744314
252 2560 5 7168 1e-05 128 0.0 8.722304507096608 0.7327892589766749 0.8563680155761786 0.8425912567806679 0.3553919964784587 0.596147629768381
277 640 5 2048 3.1622776601683795e-05 128 0.0 0.5130385398864746 0.7220420088779756 0.8510174337238577 0.8373754730533647 0.3696859079230464 0.6080180161171594
279 160 5 1024 3.1622776601683795e-05 32 0.0 0.3302032709121704 0.7134738416583571 0.8460550507310116 0.8317205127720938 0.3810816251860575 0.6173180907652532
280 2560 5 2048 0.0001 256 0.2 1.2616724054018655 0.46567740545977765 0.8454839966808011 0.8270086725288673 0.7106524719402041 0.8430020592739997
257 5120 3 512 3.1622776601683795e-05 32 0.3 9.507650049527486 -6.490238980210196 0.8254172595393559 0.7998152613682064 9.962065802756449 3.156274037968891
272 2560 1 5120 3.1622776601683795e-05 32 0.1 4.128437026341756 0.7075452413343852 0.8454156716123569 0.8289378939598265 0.38896670157703733 0.6236719502888015
224 10240 5 8192 1e-06 512 0.3 18.934761293729146 -13.256023262605286 0.818610595630377 0.7976380677466696 18.960602218824675 4.354377362933152
235 10240 3 512 1e-05 32 0.3 18.743765604496 -5.215479198602743 0.7949646590318369 0.7647320437841396 8.266627131088791 2.8751742783853627
274 1280 3 6144 1e-05 32 0.1 7.325628904501597 -0.07696857870773188 0.8432388475080081 0.8257263094300403 1.4323751053783376 1.1968187437445728
285 5120 5 1024 0.0001 256 0.2 1.9447412014007568 -0.2532809200852215 0.813423022054192 0.8196326518037326 1.666871648316587 1.291073835346603
288 2560 3 4096 0.0001 256 0.1 1.5673973560333252 0.6401718433376113 0.8518345598601254 0.838809155587649 0.478573752296309 0.6917902516632545
267 5120 2 4096 3.1622776601683788e-06 32 0.0 11.799870880444844 0.7265017753017591 0.8524050120240663 0.8395527403993525 0.3637543900240797 0.6031205435268141
291 160 4 5120 3.1622776601683795e-05 64 0.2 0.5097372968991597 -0.6978186624081271 0.8394460822817955 0.8256182662472572 2.2581096919264185 1.5027007992033605
284 5120 4 2048 0.0001 64 0.2 6.007456767559051 0.390821912217201 0.8097615800935066 0.8038076615573967 0.810210757243327 0.9001170797420339
293 640 1 7168 0.0001 256 0.2 0.2656829078992208 0.7044573688689033 0.8424331183819398 0.8230731507535406 0.39307359172739503 0.6269558132176422
281 2560 4 7168 0.0001 128 0.2 7.034951237837474 0.6806019692125551 0.8250345603852625 0.8154346307190232 0.42480142601352144 0.651767923430972
295 40 5 7168 3.1622776601683795e-05 1024 0.0 0.06014389197031657 0.6109372684687112 0.8061434908686465 0.7976595952863302 0.5174559240573252 0.7193440929467102
297 40 3 512 3.1622776601683795e-05 32 0.2 0.09561487833658854 -0.20050251965485044 0.8159473412657718 0.8015216137841171 1.5966760378106015 1.2635964695307602
289 640 4 5120 1e-05 32 0.0 3.700633756319682 0.7294961999586447 0.854758050607651 0.8414062836814703 0.3597717860574899 0.599809791565201
242 5120 5 1024 3.1622776601683788e-06 16 0.1 21.552008227507272 -2.7881179713458084 0.8415732641913837 0.8221289248487327 5.0382211567423445 2.244598217218918
300 40 1 2048 1e-06 128 0.2 0.03906049728393555 -2.5714374621489466 0.14288881633015466 0.19206111523394837 4.750034692131927 2.17945743067671
294 10240 2 256 3.1622776601683795e-05 1024 0.1 1.7713067968686422 -0.19860012812227712 0.8316218870265009 0.8068758520301968 1.5941458448915005 1.262594885500294
283 5120 4 5120 3.1622776601683795e-05 128 0.3 8.721396259466808 0.6675571079701457 0.840250475477044 0.8303678534093406 0.44215117499056455 0.6649444901573097
303 2560 1 1024 0.0001 512 0.0 0.5274937351544698 0.7143817340366757 0.848204572363541 0.8286543497216934 0.3798741225097709 0.6163392917133962
302 2560 4 256 0.0001 256 0.0 0.8989968578020732 0.7078440569270761 0.8440589760376691 0.8266341891805581 0.3885692749254789 0.6233532505132855
290 1280 4 1024 1e-05 16 0.0 4.446902493635814 0.7257649356851762 0.8527965301477056 0.8385005818984377 0.36473439143202824 0.6039324394599351
308 640 3 512 3.1622776601683788e-06 256 0.3 0.22682679096857708 -0.3407006514014934 0.7873199201575647 0.7805913896245914 1.7831404507049926 1.3353428214151573
305 160 5 2048 0.0001 32 0.3 0.41193042596181234 0.6902684103749546 0.8387701043627886 0.8373323442495926 0.411944997374499 0.6418294145444715
301 2560 5 256 0.0001 64 0.1 2.912401302655538 -0.7038666176362396 0.8444072063306063 0.8276839147745931 2.26615351110412 1.5053748739447328
287 10240 4 4096 0.0001 256 0.3 7.931717276573181 0.6357866608234707 0.8202964498222426 0.8105383721638679 0.48440607311789907 0.6959928685826451
306 160 5 256 3.1622776601683795e-05 256 0.1 0.09169643719991048 -3.5351166521968667 0.7900698906000785 0.7681410623934165 6.031734185214725 2.455958913584412
309 160 1 6144 0.0001 256 0.3 0.06590027809143066 0.6976409742779035 0.8374326119704885 0.818399868398131 0.40213944017795905 0.6341446524082334
282 5120 2 7168 0.0001 64 0.1 12.273981686433157 0.688491267890567 0.834601318862863 0.8175227317436354 0.4143086082575587 0.6436680885810315
313 1280 4 8192 3.1622776601683795e-05 256 0.1 2.7185930450757345 -0.16536077030023 0.8453710113806356 0.8312593294695348 1.549937286160667 1.2449647730601325
315 160 4 7168 3.1622776601683788e-06 16 0.3 3.377618944644928 -3.985322754122273 0.8250305741742405 0.8025599858127147 6.6305111833896895 2.574977899592478
310 1280 5 6144 1e-06 128 0.2 4.374388388792673 -5.512802031506042 0.8128714448852856 0.789441125260845 8.662068402571627 2.9431392088332533
292 5120 4 2048 1e-06 32 0.1 10.71904521783193 -2.1409750238556207 0.843117752555226 0.8257883854176921 4.177516893003873 2.043897476147929
316 640 4 5120 3.1622776601683788e-06 64 0.1 1.9760517001152038 -0.06112616758918854 0.8432326525227091 0.8273227755518954 1.4113045971536693 1.1879834161947167
319 40 1 5120 3.1622776601683788e-06 64 0.2 0.057010908921559654 0.5298457954685872 0.7358245531389938 0.754320050171245 0.6253081023661958 0.7907642520790857
320 1280 3 512 1e-05 1024 0.0 0.23697365125020345 0.6699080640726007 0.8199088048887421 0.8047662637301287 0.43902438832141716 0.6625891549983423
246 2560 4 5120 1e-05 16 0.1 29.28951222896576 0.5047083572775422 0.8546413571444422 0.840137522743833 0.6587410561122039 0.8116286442161857
321 1280 5 256 1e-05 512 0.0 0.3141262133916219 0.6679977677740385 0.8216364640120535 0.8024888417176034 0.44156509462989657 0.6645036453097127
324 40 2 256 1e-06 512 0.3 0.029056195418039957 -34.56894385219307 0.1583535755332708 0.169251839132296 47.30692306697978 6.878002839995036
317 640 4 256 3.1622776601683788e-06 16 0.3 2.323665471871694 -9.517169500547825 0.731267511604235 0.707073146021074 13.987902775868493 3.74004047783824
326 160 3 4096 0.0001 64 0.2 0.31373459895451866 0.08363062445776348 0.8323067997881162 0.8156970194417295 1.2187771368713276 1.1039823988050388
314 1280 5 4096 1e-06 32 0.2 6.766789503892263 -7.600113181308851 0.8327339290297823 0.8141485110751799 11.438205596605357 3.3820416314122093
323 2560 4 512 1e-06 128 0.0 1.388457997639974 0.679039266353295 0.8272310023383491 0.8104769228340489 0.4268798308221311 0.6533604141835738
325 10240 4 1024 1e-06 512 0.0 2.4167627970377605 0.6906304450993443 0.8333295357808257 0.8139146571169485 0.41146348887299683 0.6414541985777292
329 40 3 6144 0.0001 512 0.1 0.05727708339691162 0.6280779798544596 0.8407940268736996 0.8301188490764507 0.49465866816441784 0.7033197481689376
307 5120 4 2048 3.1622776601683788e-06 32 0.3 10.74864603281021 -6.373895623745651 0.7748780909208381 0.7582308005310718 9.807328393726433 3.1316654345134687
328 160 4 4096 1e-06 16 0.3 1.3096002062161765 -3.1254057986842145 0.7605817910090575 0.7288948831030192 5.486816126714805 2.3423953822347765
327 1280 1 4096 3.1622776601683795e-05 32 0.3 1.9291448632876078 0.7042223689312411 0.8418511674918152 0.8232104994055536 0.39338614314916126 0.6272050248117925
331 2560 3 256 1e-06 256 0.3 0.890811554590861 -0.6099681942693895 0.7615373441507871 0.7482589787522318 2.1412680068061793 1.4633072154562006
334 640 2 4096 0.0001 256 0.3 0.2984048962593079 0.2566276253452362 0.8031089197733128 0.7775579602303873 0.9886900180125172 0.9943289284801671
333 1280 5 512 0.0001 256 0.1 0.49385518630345665 -3.09507231114599 0.8417621442624323 0.8233103960365132 5.446472394067386 2.3337678535080104
298 5120 2 2048 1e-06 16 0.0 14.94094873269399 0.7178436706620772 0.8483387652113674 0.8343465039884398 0.3752697246316333 0.6125926253487167
336 1280 1 6144 3.1622776601683795e-05 512 0.1 0.34195299943288165 0.7049115819226373 0.8432639969445526 0.8276126600928055 0.3924694854576587 0.6264738505777067
337 160 4 1024 1e-05 16 0.3 0.6335187236467997 -7.3116937334991565 0.8102762323187166 0.7919717170377357 11.054605884304292 3.324846745987594
338 40 3 256 0.0001 512 0.3 0.02148629426956177 -0.34594687995465123 0.7231210689354514 0.7275981437362681 1.790117968271647 1.3379529021126442
339 40 3 256 1e-05 1024 0.3 0.0212112029393514 -8.467090247440847 0.12326500528096158 0.15630744749346379 12.591290645708197 3.548420866485287
231 10240 4 1024 3.1622776601683788e-06 16 0.3 39.6165509502093 -2.437305173951203 0.7889006875860327 0.7866762371790176 4.571637889996421 2.138138884636922
341 640 1 5120 3.1622776601683795e-05 1024 0.3 0.1462057669957479 0.7125783153473026 0.8454441660823838 0.8312167535991442 0.3822726809137045 0.618282039941081
342 160 1 6144 3.1622776601683788e-06 32 0.0 0.2755512277285258 0.6968445898205984 0.8353595023953251 0.8156426107969708 0.40319863660532634 0.6349792410821997
332 5120 5 4096 0.0001 512 0.1 3.354356821378072 0.6776181490737697 0.8277220335940073 0.8188021458644267 0.42876992590313856 0.6548052579990012
273 10240 4 7168 1e-05 128 0.2 28.54532329241435 -4.401465984535513 0.8324592999310504 0.8312340419828785 7.183984344353106 2.6802955703341946
296 2560 5 5120 3.1622776601683788e-06 32 0.3 18.73522750933965 -10.231946705803928 0.8349040300895474 0.8342344428230827 14.938561035489448 3.865043471358304
345 40 4 6144 1e-06 128 0.2 0.09890287717183431 0.23092743337242128 0.625669559870596 0.6733203967400417 1.0228714378915222 1.0113710683480728
346 640 1 6144 0.0001 256 0.1 0.23391040563583373 0.7088337459113232 0.8453237859566316 0.8280212778618782 0.3872529822395737 0.6222965388298201
343 10240 3 2048 3.1622776601683795e-05 512 0.1 2.6706626772880555 -1.2075939138452938 0.8458256810235196 0.8288554700237286 2.9361140403659465 1.7135092764166602
335 640 3 7168 1e-05 32 0.3 4.559792804718017 -2.9053410880313173 0.7969935507569088 0.7708322628865769 5.194128652499237 2.279063108494198
340 1280 2 512 3.1622776601683788e-06 16 0.0 3.7929309964179994 0.6806732596133348 0.829663997605469 0.8164773927544284 0.42470660932402077 0.6516951812956888
349 2560 3 1024 3.1622776601683788e-06 1024 0.2 0.48187258243560793 0.20690122134015476 0.8262610759635558 0.808438626077994 1.0548264537313108 1.0270474447323799
351 1280 1 6144 0.0001 128 0.2 0.6763729174931844 0.6906005674860367 0.8400703503037372 0.8210028358553327 0.41150322628999864 0.6414851723072005
262 10240 4 8192 3.1622776601683788e-06 128 0.3 34.96198210716248 -11.588619822712415 0.836420362128929 0.8224840186664574 16.74294496758847 4.091814385769285
352 160 1 256 3.1622776601683788e-06 16 0.0 0.4440991838773092 0.6320911281603998 0.7953267500993246 0.7925923294653503 0.4893211552218235 0.6995149428152507
353 160 1 6144 1e-05 256 0.2 0.07510102987289428 0.6925022331087858 0.8330310485606267 0.8148655182223365 0.40897399883561186 0.6395107495856593
354 1280 5 512 3.1622776601683795e-05 512 0.2 0.32628278732299804 -9.716144868422358 0.8394793073195218 0.8248205676885983 14.252541289156378 3.775253804601272
322 640 4 7168 0.0001 16 0.0 12.37767170270284 0.7211731156458099 0.8506672184331533 0.8360780333043303 0.37084154148524306 0.6089676029849561
318 10240 4 4096 0.0001 128 0.1 13.29533485174179 0.6783700234372704 0.8246524842606333 0.8105400678262387 0.4277699281855238 0.6540412282001218
359 160 3 4096 3.1622776601683795e-05 256 0.2 0.10922015905380249 -0.07026648476849351 0.8450245421154954 0.8275625643284238 1.4234612775264692 1.193088964631921
355 2560 2 4096 0.0001 128 0.1 1.849296542008718 0.5304771894474061 0.8420804545531845 0.8220568591979851 0.6244683443316291 0.7902330949356836
360 640 2 5120 1e-05 128 0.0 0.688922627766927 0.7291544465342132 0.8543305104357446 0.8417439416665587 0.3602263203001887 0.600188570617759
358 160 5 2048 3.1622776601683788e-06 16 0.1 0.7793487230936686 -0.5548368400200403 0.8334163729579647 0.8178251863034226 2.0679429526552795 1.4380344059358523
286 10240 1 256 3.1622776601683788e-06 16 0.3 28.209389440218608 0.6640058145089522 0.822918607679318 0.8118910315266211 0.446874418032446 0.6684866625688548
357 1280 5 256 1e-06 64 0.3 1.4875986576080322 -11.350943672707029 0.6998668605246925 0.6634179128072664 16.426834166270215 4.053003104646012
364 160 3 2048 3.1622776601683795e-05 256 0.2 0.07284913857777914 -0.23846314054508277 0.8331163943143185 0.8178255180634517 1.647163906651787 1.2834188352411644
368 160 5 1024 3.1622776601683795e-05 128 0.0 0.1076162576675415 0.7180288639015333 0.8482069834990482 0.8318980412498435 0.37502341643738724 0.6123915548383952
367 640 3 6144 1e-06 256 0.3 0.6427197456359863 -0.2283750349665814 0.8047813767706578 0.7841873365791066 1.6337466616394836 1.2781809972141986
365 1280 4 2048 1e-06 128 0.3 0.8861837347348531 -4.5683104427144565 0.7869296995932973 0.7622864194369028 7.4058885420155995 2.7213762220640496
369 640 1 7168 3.1622776601683788e-06 64 0.2 0.6621830105781555 0.7179147348136186 0.8481458320090787 0.8326715213263838 0.3751752088550684 0.6125154764208561
370 160 1 256 0.0001 512 0.2 0.04379313389460246 0.6645123943529769 0.8166530285707494 0.8004799610174546 0.446200663596325 0.6679825324035988
371 40 2 512 1e-05 16 0.1 0.13817619482676188 0.65829791899169 0.814704987381446 0.8049432392744964 0.4544659556173563 0.6741409019020848
363 5120 5 2048 3.1622776601683795e-05 512 0.2 1.6610195318857828 -4.009283842529115 0.8395850365737154 0.8294401049193074 6.662379584390685 2.581158574049778
366 5120 1 7168 1e-05 256 0.1 1.9240963617960611 0.7179490475735679 0.8490814092152776 0.8327420019014372 0.3751295726646353 0.6124782221962144
372 1280 3 6144 3.1622776601683795e-05 1024 0.3 0.7379284660021465 -0.3417043892346001 0.8400781744757192 0.8250467543039373 1.784475428449834 1.3358425911947238
362 640 5 5120 3.1622776601683795e-05 64 0.2 2.4843372186024983 0.639851889106404 0.8457523119291008 0.8394474987457031 0.47899929347244224 0.6920977484954292
374 1280 2 1024 1e-05 256 0.2 0.4067811449368795 0.48111607767544373 0.8351202001905683 0.8126432052368536 0.6901189390414529 0.8307339760967123
348 10240 5 5120 3.1622776601683788e-06 1024 0.1 7.340957295894623 -2.2692469246878644 0.8479355423317754 0.832949867990729 4.348119342419927 2.0852144595748245
376 40 4 256 1e-05 64 0.0 0.05139832496643067 0.578501252823729 0.7622026604287337 0.7704759526154125 0.5605960325489615 0.7487296124429442
361 2560 2 512 1e-06 32 0.0 4.1530823866526285 0.6815365166402352 0.8293970957988901 0.8163669903892167 0.423558471950915 0.6508136998795546
382 40 4 512 3.1622776601683795e-05 1024 0.1 0.021854082743326824 0.0678592383378448 0.4751809002916085 0.5206954855686665 1.2397531813930607 1.113442042224498
383 40 3 1024 3.1622776601683788e-06 64 0.3 0.05189580122629801 0.08452931269315866 0.5943935180647311 0.643903302128113 1.217581875764062 1.1034409253621429
230 10240 5 6144 1e-05 64 0.1 53.37457981109619 0.08360008504708549 0.8507194660991702 0.8395225502367117 1.2188177544830694 1.1040007946025534
377 5120 4 256 3.1622776601683788e-06 128 0.0 2.742523499329885 0.6393482820529542 0.8086150986293188 0.7881841233731252 0.47966909407806424 0.6925814710761935
380 1280 4 4096 3.1622776601683788e-06 64 0.3 2.9523414095242817 -8.89945289477488 0.8313555877538272 0.8148565607015531 13.166335735027197 3.6285445753121452
387 40 5 2048 0.0001 512 0.2 0.02816826105117798 -0.26667114507866296 0.8091045931778607 0.7988592395512557 1.6846807332938245 1.297952515808581
385 160 3 7168 1e-06 32 0.3 1.1240942796071371 -0.41096470788084094 0.8027345607650549 0.7802568280664406 1.876592095714617 1.3698876215641256
386 5120 4 256 0.0001 1024 0.3 0.9651370724042256 -5.484061179936073 0.5534479836160275 0.4369424819322004 8.623842885959439 2.9366380243331727
388 160 5 5120 1e-05 64 0.0 0.622151521841685 0.7243886977595384 0.8515678435691298 0.8375900849299133 0.36656479668500824 0.6054459486073123
389 160 5 4096 3.1622776601683788e-06 1024 0.2 0.09791229168574016 -0.1705636866590421 0.6542126243610388 0.68525771237968 1.5568571982315191 1.2477408377670096
344 640 5 7168 1e-06 16 0.3 15.273306814829509 -10.508933804718774 0.8130723828773198 0.7917388214973659 15.306955650560443 3.912410465500833
375 2560 2 4096 1e-05 32 0.1 6.284983511765798 0.40955513799512167 0.8318128687930163 0.8097022631662943 0.7852954470121569 0.8861689720432311
394 160 4 256 1e-05 1024 0.0 0.05526098410288493 0.18259417524714527 0.47954634951015795 0.5306767809394463 1.0871549806700331 1.0426672435010285
379 2560 5 512 1e-05 32 0.3 5.551027317841847 -3.4129040911381674 0.7433810565820118 0.7212714431206887 5.86919069649469 2.4226412645075395
390 1280 5 512 0.0001 64 0.0 1.3755231340726217 0.7022229923128915 0.8398763862260197 0.8202130106811597 0.39604532685332827 0.6293213224206917
396 160 2 5120 1e-05 256 0.2 0.10438228050867716 0.6956939601301808 0.8462146558176263 0.8303550990793362 0.40472898146092173 0.6361831351591472
395 640 1 5120 1e-06 128 0.2 0.329938018321991 0.6858039588383062 0.8284600516863769 0.8166819781056555 0.41788274650357404 0.6464385094528126
392 1280 2 4096 1e-05 128 0.1 0.9201388319333395 0.670963937849729 0.8500671034481597 0.8331407405940902 0.4376200694372071 0.6615285855027031
391 640 1 256 1e-05 32 0.1 0.9549131155014038 0.6944068422079004 0.8359676474990505 0.822524788287801 0.4064408565388122 0.6375271418055958
397 160 4 2048 1e-05 256 0.1 0.09100999434789021 0.394747311450216 0.8357758393860737 0.8191730904390933 0.8049899511295695 0.8972123222122896
350 2560 4 5120 3.1622776601683788e-06 32 0.2 15.128026978174846 -6.0664844783501 0.8508424331069748 0.8366085514412274 9.39846960203468 3.0656923528029814
399 160 3 7168 0.0001 32 0.0 1.1250738263130189 0.7104063197270367 0.8455948179048882 0.8284816501954774 0.38516144899567856 0.620613767971416
381 5120 5 4096 3.1622776601683788e-06 128 0.2 7.844890840848287 -9.402109347650644 0.849432886613789 0.8368134715642099 13.834872035799266 3.719525781037049
384 2560 5 2048 0.0001 32 0.1 6.24908081293106 0.642172215553731 0.810210435999801 0.8019301209665132 0.475913244440733 0.6898646566107971
401 40 4 6144 3.1622776601683795e-05 512 0.2 0.05037308931350708 0.15102850598617878 0.8302630251540616 0.8231458061998952 1.129137522898208 1.0626088287315365
400 2560 4 256 1e-06 1024 0.1 0.485259473323822 0.2146918983636017 0.5754673190421565 0.615342456415738 1.0444648034073816 1.021990608277484
402 640 2 8192 0.0001 256 0.0 0.6298792203267415 0.708775496592182 0.8439072071694217 0.8263426827017285 0.3873304542069947 0.6223587825418668
404 640 4 2048 3.1622776601683788e-06 64 0.0 0.6920310060183207 0.7141786778524162 0.8457121143859438 0.8314728354793198 0.3801441885349798 0.6165583415500757
408 40 1 6144 3.1622776601683788e-06 128 0.0 0.03047759532928467 0.36119571688037966 0.6211079911935329 0.6552640622629886 0.849613786734176 0.9217449683801784
407 640 1 4096 3.1622776601683795e-05 512 0.1 0.1596801161766052 0.7133017495014863 0.8459167229588347 0.8285373490181267 0.38131050885658063 0.6175034484572379
406 640 3 4096 1e-06 512 0.0 0.2743391712506612 0.6891380564295867 0.8308511781523749 0.8277027145095708 0.4134483753593552 0.6429995142761425
403 1280 2 8192 3.1622776601683788e-06 256 0.3 1.2279897689819337 0.35642536507829026 0.8444327306554357 0.8242182020625799 0.8559583851749295 0.9251801906520316
405 160 4 6144 1e-05 32 0.1 1.3736824989318848 0.46599829633877055 0.8481905519010882 0.8315075965579158 0.7102256850165187 0.8427488860962788
412 40 1 1024 0.0001 512 0.0 0.02758539915084839 0.647055314860908 0.8097924295564004 0.7986680351878656 0.46941869109630485 0.6851413657751989
414 40 1 4096 3.1622776601683795e-05 16 0.2 0.12473355929056804 0.7011596414554032 0.8393906723932523 0.8201363003900057 0.3974595903022922 0.6304439628565668
410 640 1 7168 3.1622776601683795e-05 512 0.3 0.19498097896575928 0.719891083187215 0.8497589958782781 0.834849747090233 0.3725466528638701 0.6103659991053484
416 40 3 256 3.1622776601683795e-05 32 0.3 0.09588301181793213 -1.608390797437362 0.7738301521206493 0.7501563880826309 3.4691764617964376 1.8625725386670011
415 640 5 5120 0.0001 256 0.2 0.8353805263837178 0.6505433118124608 0.8436435436966623 0.841189718106973 0.4647796328175248 0.6817474846433427
418 160 4 256 3.1622776601683788e-06 32 0.2 0.35080697139104206 -0.9404954428020575 0.7585957612874263 0.7407461254462403 2.580871363679857 1.6065090611882202
417 640 1 8192 3.1622776601683795e-05 64 0.3 0.7171114802360534 0.7055810414706449 0.842469056927971 0.8252231031904724 0.3915790999723415 0.6257628144691417
356 1280 3 7168 0.0001 16 0.0 17.57216541369756 0.7039656262060645 0.8410552477535511 0.8273579421149713 0.39372761261753825 0.6274771809536489
378 10240 3 8192 0.0001 512 0.2 11.378493988513947 0.6475155411986796 0.84442338685834 0.8356516479425924 0.46880658712029594 0.6846945210240082
420 160 2 256 1e-05 32 0.0 0.26294811169306437 0.6869957874380038 0.8304247883123903 0.8147303041644389 0.41629760683484474 0.6452112885209346
299 10240 4 512 1e-06 16 0.3 38.611689964930214 -5.6713729695032065 0.7420016944433216 0.7262675279843318 8.872968765418024 2.9787528876054865
423 2560 5 256 0.0001 1024 0.3 0.5122451225916544 -6.125395086139754 0.5406025877678544 0.4013592282599543 9.476821087592281 3.0784445890079426
428 1280 1 6144 3.1622776601683795e-05 1024 0.0 0.2885182897249858 0.6997701863140036 0.8404289726562288 0.8240397520291942 0.39930757453686366 0.6319078845344974
421 160 4 5120 1e-06 16 0.0 1.7434428890546163 0.7123110462246414 0.8466815233374939 0.8322665160554048 0.38262815055813537 0.6185694387521383
422 2560 1 5120 0.0001 64 0.2 2.224785300095876 0.6833572014749283 0.8334848331055615 0.8155138879057122 0.42113694946315267 0.6489506525639316
427 2560 3 1024 3.1622776601683788e-06 128 0.3 1.400830860932668 -4.594007551556182 0.7884919717496235 0.7596443562902624 7.440065861310515 2.727648412334426
429 160 3 2048 0.0001 64 0.0 0.1655956546465556 0.6949368992112646 0.8421405916152133 0.8271069840841326 0.405735877330448 0.6369740005137164
393 10240 2 2048 0.0001 64 0.0 9.00507448911667 0.7196300394786734 0.8494685972503986 0.8304287129435526 0.372893842667661 0.6106503440330325
434 40 2 2048 1e-05 256 0.3 0.025211652119954426 0.48627102527700694 0.713431617840741 0.7470082065806124 0.6832628257248798 0.8265971362912407
430 2560 1 5120 1e-05 128 0.0 1.2484660267829895 0.7125740214370266 0.8459542717496884 0.8306013756075432 0.38227839184186513 0.6182866583081549
426 10240 5 2048 0.0001 1024 0.0 2.6064305543899535 0.721666234258243 0.8510012301255759 0.8355773705583182 0.3701856905733294 0.6084288705948538
424 10240 1 4096 3.1622776601683795e-05 256 0.2 3.0280688285827635 0.6988191203010534 0.8393995371393397 0.8207779980105756 0.4005724984236458 0.6329079699479584
436 40 2 5120 1e-06 64 0.0 0.07260014613469441 0.5162361203177452 0.7270139816045972 0.7599253570348398 0.6434090574578881 0.802127831120382
432 2560 1 1024 3.1622776601683795e-05 128 0.1 1.1472812692324321 0.7066914723312149 0.8442584034764009 0.8265541244268887 0.3901022198178315 0.6245816358314031
438 160 2 6144 3.1622776601683795e-05 1024 0.1 0.08418219486872355 0.7090640118091535 0.842271335420784 0.8285211296389304 0.38694672712109535 0.6220504216870971
437 160 5 7168 1e-05 256 0.2 0.35725157260894774 -2.2390870552847364 0.832903299527743 0.8123784238714725 4.308006523003841 2.075573781633368
431 5120 1 512 1e-05 128 0.0 2.2037254611651105 0.6914311348619451 0.8361835841627548 0.8226181603048565 0.41039856636202 0.6406235761834089
439 640 5 5120 0.0001 512 0.2 0.6917185465494792 0.1337787075320176 0.8499622729846167 0.8349681485583664 1.1520798652905753 1.073349833600665
442 640 5 4096 3.1622776601683795e-05 256 0.2 0.6111679196357727 -5.823691816173792 0.8460845981470291 0.8285253687948566 9.075553806768703 3.012565983803293
446 640 2 4096 1e-05 64 0.0 0.8064784328142802 0.7245595667577424 0.851610189385243 0.8389253821844811 0.3663375398233439 0.6052582422597349
433 2560 1 7168 1e-06 32 0.3 4.958936889966329 0.723957426941898 0.8519102187585064 0.8360297069267699 0.36713838963384376 0.6059194580419445
304 10240 4 4096 1e-05 32 0.2 45.84054054816564 -0.3129368605812597 0.8355800389733308 0.8299504255683864 1.746214431145951 1.32144407038132
447 1280 2 6144 0.0001 256 0.2 0.8696690122286479 0.7056920937175855 0.8463426076257389 0.828682475599709 0.3914313997728567 0.6256447872178403
440 1280 2 6144 1e-05 32 0.3 4.759047798315684 -0.4036301471780952 0.7850189327853165 0.7558266830496875 1.866837083017677 1.3663224667031122
419 10240 4 512 3.1622776601683795e-05 64 0.3 10.663984334468841 -3.0897411662146173 0.7194502610795924 0.7361574418982301 5.439381937173995 2.3322482580493
373 10240 5 7168 1e-05 256 0.1 22.37642002105713 -3.6431040140835984 0.8446074996047594 0.8282975971038237 6.1753580679538445 2.48502677409195
451 160 4 5120 1e-05 128 0.2 0.2872580091158549 -1.5538604636130926 0.8370629799140052 0.8158121033095728 3.396650768659154 1.843000479831504
449 1280 4 1024 3.1622776601683788e-06 64 0.2 1.3965885361035666 -5.680658838145682 0.8277429584453744 0.8092668096970969 8.88531903016879 2.9808252263708432
450 5120 2 2048 3.1622776601683788e-06 512 0.3 1.1755846341451008 0.2921691623229228 0.8366547301799039 0.8162094780998844 0.9414195462641137 0.9702677703933661
398 5120 3 256 1e-06 16 0.3 16.779013415177662 -7.425502800172167 0.7818686337938423 0.7631624133624094 11.205972671684819 3.3475323257117053
452 5120 2 256 1e-05 256 0.0 1.6680298566818237 0.661482185227243 0.822882966003277 0.8031773175022646 0.45023086113560645 0.6709924449169353
454 2560 1 4096 3.1622776601683795e-05 512 0.2 0.6298588474591573 0.7131478820562314 0.8469811853124429 0.8287822985062177 0.3815151535439639 0.6176691295054043
445 10240 4 1024 1e-05 128 0.3 6.013253231843312 -2.7873435652824488 0.7701071537443 0.7677283897795448 5.037191191719649 2.2443687735574227
443 5120 1 1024 0.0001 32 0.0 7.337006143728892 0.7019033941697203 0.8403815242762509 0.8218758288088182 0.3964703944300936 0.6296589508853928
455 2560 2 8192 0.0001 1024 0.3 1.4481478691101075 0.6889361653433153 0.8372659603511065 0.8176494640747198 0.41371689179677995 0.6432082802613629
459 40 2 256 0.0001 256 0.3 0.0344485600789388 0.5141604627310854 0.7874130882052688 0.7828203378106549 0.6461696953383254 0.8038468108653074
461 160 2 512 0.0001 64 0.2 0.16136883894602458 -1.2915105197521175 0.7959919264339442 0.7711790627035758 3.047723663529706 1.7457730847763995
457 2560 3 512 1e-06 128 0.0 1.3051409761110941 0.6657753769773166 0.8185102588918935 0.8001347462761498 0.4445208886192311 0.6667239973326528
458 2560 4 5120 3.1622776601683795e-05 1024 0.1 2.3751775940259297 0.21156198104488566 0.8405689850154464 0.8238735033924313 1.0486276134817487 1.024025201585268
465 1280 5 512 3.1622776601683795e-05 256 0.2 0.4914542039235433 -8.40576524452918 0.8385953014470844 0.8268765951750932 12.509727999179244 3.536909385208963
441 10240 4 1024 3.1622776601683788e-06 64 0.3 10.987979551156362 -4.726697678595782 0.74594051027431 0.6970276735157922 7.61654457987171 2.759808794078262
463 2560 1 5120 0.0001 64 0.3 2.2327295978864035 0.6842656886847696 0.8351971611781553 0.816603645876582 0.419928655657132 0.6480190241475415
460 1280 4 8192 3.1622776601683788e-06 128 0.2 4.3742092728614805 -3.50062398829367 0.840756952066555 0.8226551331169792 5.985858721371197 2.446601463534917
467 2560 4 512 3.1622776601683795e-05 128 0.0 1.3739561200141908 0.6998263366811599 0.8384906360658193 0.8231859491634063 0.39923289418902186 0.6318487906050164
468 1280 3 6144 1e-06 512 0.2 0.8881053527196249 0.43661762632882883 0.8286450067792267 0.8114205589432496 0.7493021642505495 0.8656224143646868
462 1280 1 512 1e-06 16 0.1 3.5622934420903523 0.7079955121368804 0.8420369760491887 0.8280797782136614 0.38836783852669016 0.6231916547312634
469 160 5 2048 1e-06 64 0.0 0.21901026566823323 0.6893287095935051 0.8306857143525174 0.8230036285963488 0.41319480543061504 0.6428023066469309
473 160 3 7168 3.1622776601683795e-05 512 0.0 0.15117607514063516 0.6888587194712045 0.8381883704968227 0.823085499599065 0.41381989530256363 0.6432883453806416
470 1280 2 512 3.1622776601683795e-05 512 0.1 0.3110504349072774 0.6518821449075692 0.8308761967333838 0.809920266367584 0.4629989762286475 0.6804402811626069
411 10240 4 8192 3.1622776601683788e-06 256 0.3 21.37363355954488 -10.797322933019792 0.8452561406414046 0.8302153175204438 15.69051503772084 3.961125476139432
466 1280 5 1024 3.1622776601683788e-06 16 0.0 4.8557820876439415 0.7234759024341727 0.8509051646124799 0.8352011178231874 0.3677788203122606 0.6064477061645633
444 1280 3 6144 1e-05 16 0.3 14.367085854212442 -5.366070357449364 0.8183670128005018 0.8024041691857532 8.466914336571424 2.9097962706298572
425 10240 1 7168 3.1622776601683788e-06 32 0.1 19.90596360762914 0.7111257719611048 0.8456940549968209 0.8289563250725497 0.384204572917804 0.6198423774781812
464 640 5 4096 0.0001 16 0.1 6.643769546349843 0.6766504789704411 0.8249969459502768 0.8094055222514513 0.43005693333643813 0.6557872622554041
261 10240 2 6144 1e-06 16 0.3 74.22784936030706 -0.9289830131075749 0.7883490910980251 0.7617287308281251 2.5655597584735266 1.601736482219696
475 160 5 2048 1e-05 16 0.0 0.7057521263758342 0.7180114778933717 0.8485171582346851 0.835937698812056 0.37504653993956266 0.6124104342183946
218 10240 4 4096 1e-05 16 0.2 86.2434776743253 0.6056140307432609 0.8424940770414036 0.8264185082994715 0.5245358643162092 0.7242484824397005
482 160 4 1024 0.0001 64 0.0 0.17425659894943238 0.7155323716658566 0.8472415766610429 0.832149073005133 0.37834376709556944 0.615096551035339
479 5120 2 256 1e-05 256 0.1 1.6061445077260335 -0.09648258853161451 0.8318165964250213 0.809257004345128 1.458328863389901 1.2076128781152928
485 40 5 4096 1e-05 128 0.3 0.08608089685440064 -5.105499592556396 0.756728727228224 0.7265437366396011 8.120353550861289 2.84962340509431
483 40 3 4096 1e-05 32 0.3 0.1452693502108256 -0.5756566381929527 0.8161173760785208 0.798058075943405 2.0956334175318543 1.44763027653191
484 160 4 256 1e-06 32 0.2 0.3346128185590108 -0.22411918136820375 0.5595545543774214 0.6006156287276739 1.6280863491039352 1.2759648698549404
486 640 4 512 1e-05 32 0.0 1.1892446835835775 0.693891709294296 0.8352011457285715 0.8184216539733696 0.4071259866122384 0.6380642495957899
477 10240 3 2048 3.1622776601683795e-05 256 0.1 3.8307308157285056 -1.3840799935491854 0.8452183582417236 0.8275376454640223 3.170841656390736 1.7806857264522384
489 160 3 7168 1e-05 64 0.1 0.6030999660491944 0.5894522010674514 0.8438517420439742 0.8269087758979077 0.546031201267239 0.7389392405788442
474 2560 4 6144 3.1622776601683788e-06 128 0.1 6.375349771976471 -1.6281563354684714 0.8510624679574322 0.8359284095312435 3.495464753934117 1.8696162049827545
476 10240 2 6144 3.1622776601683795e-05 512 0.2 4.872289677460988 -0.6411319875322912 0.8127909951501167 0.7908210995326539 2.1827160513837653 1.4774017907745223
478 5120 3 256 3.1622776601683788e-06 64 0.2 4.9968637784322105 -4.837055717852022 0.832417176891908 0.8089529647096467 7.763321478691432 2.786273762337691
471 1280 3 6144 3.1622776601683788e-06 32 0.0 7.121616272131602 0.731476127601872 0.8555729724821279 0.8426912271360786 0.3571384696147649 0.5976106337865524
488 1280 4 1024 3.1622776601683795e-05 32 0.3 2.581427689393361 -2.3471902883772984 0.7159142231910562 0.6883564984996007 4.451784515188624 2.1099252392415764
495 160 5 512 3.1622776601683788e-06 1024 0.0 0.04608737627665202 -0.26923142432933167 0.23400378401367705 0.3068144763640454 1.6880859210903663 1.299263607236948
490 2560 1 5120 3.1622776601683788e-06 128 0.1 1.282833743095398 0.7197881501217438 0.8497073087307319 0.8345556971178476 0.37268355450001445 0.6104781359721365
494 640 2 5120 1e-06 1024 0.2 0.22582352956136068 0.5413012597118815 0.7366946491193478 0.7648178221827533 0.6100722615746891 0.7810712269535276
496 160 5 4096 3.1622776601683788e-06 32 0.1 0.8669150869051615 -0.4839268200660025 0.8370342175198136 0.8197392942219488 1.9736321720882923 1.4048601966346304
497 1280 4 4096 1e-05 256 0.3 0.9852804740269979 -8.353394339000596 0.8319043923591933 0.8144419343897328 12.440074359501777 3.5270489590451928
491 1280 2 8192 3.1622776601683788e-06 128 0.0 2.3722601652145388 0.720390180618685 0.8492937517814738 0.8338234658715815 0.37188285008435557 0.6098219822902053
493 5120 1 8192 3.1622776601683795e-05 256 0.0 2.0373534083366396 0.713104410936195 0.8460388866456638 0.8298141459209113 0.38157297041195243 0.6177159301911781
498 1280 5 512 3.1622776601683788e-06 64 0.2 1.4665454427401226 -9.778696776725132 0.8291898190537326 0.8154820758051521 14.335735727711226 3.7862561624527236
481 5120 1 7168 3.1622776601683795e-05 32 0.1 10.221098188559214 0.6943255152946707 0.837525933972517 0.8187409545701859 0.40654902185413383 0.6376119680919845
448 5120 4 7168 3.1622776601683795e-05 64 0.0 25.823082943757374 0.7259890543971745 0.8535403390564209 0.8372050589851263 0.3644363121100659 0.6036856070091997
499 10240 4 5120 1e-06 512 0.1 7.207771575450897 -0.3672836163735118 0.8401933923206923 0.820666526640826 1.8184959643252245 1.3485162084028595
92 10240 5 5120 3.1622776601683788e-06 16 0.3 144.66902693112692 0.2926089562592824 0.8552938291995961 0.842973149436292 0.9408346175128093 0.9699662971015072
456 1280 4 7168 0.0001 16 0.3 25.375498827298482 0.6555514396418737 0.8157269471779375 0.7956147731058523 0.4581187907379807 0.6768447316319901
413 10240 1 8192 3.1622776601683788e-06 16 0.0 40.552470815181735 0.7148681383388327 0.8470360706399283 0.8305934502290722 0.3792272016735153 0.6158142590696608
312 10240 2 6144 3.1622776601683788e-06 16 0.2 74.67181449731191 -2.058755983805767 0.8345210460399726 0.8156615948430754 4.06816504329919 2.016969271778623
435 10240 4 6144 1e-06 64 0.1 41.37522569100062 -1.9825594979123116 0.8489780361979578 0.8347174117008805 3.966823229184187 1.9916885371925468
330 5120 5 5120 0.0001 16 0.3 72.55642451047898 -0.29790961771875635 0.8088947862634694 0.7803827269494377 1.7262281019212382 1.3138600008833659
487 10240 3 2048 1e-06 16 0.1 35.32154246171316 -1.1694434769931172 0.8452749621251051 0.8306169314666815 2.885373715080007 1.6986387829906648
492 10240 1 8192 1e-05 16 0.0 40.6743192632993 0.7076210165309462 0.8431159473222312 0.8261024515784947 0.3888659200804318 0.6235911481735704
472 10240 2 8192 3.1622776601683795e-05 32 0.1 55.62008088827133 0.687366173583186 0.8346851946623163 0.816130740386331 0.41580499089021555 0.644829427748312
453 5120 5 8192 1e-05 32 0.3 81.3766869743665 0.6458107375479158 0.8447136707580817 0.8261838433722802 0.47107398689145935 0.6863482985274018
409 5120 5 6144 0.0001 16 0.2 96.37953930695852 0.26141307318239393 0.8174802718948582 0.7937770017002262 0.9823253417484648 0.9911232727307259
347 10240 4 5120 1e-05 16 0.1 116.62265490293503 0.6446600174480683 0.8390445497991414 0.8255563377085072 0.4726044519921755 0.6874623276894346
480 2560 5 8192 3.1622776601683795e-05 16 0.1 79.37455650170644 0.645178408393049 0.8108215144923365 0.7930663776845901 0.47191498871615795 0.6869606893528609
311 10240 5 8192 3.1622776601683788e-06 16 0.1 318.37548856337867 -0.14576922274744586 0.8545455538635744 0.8440140649584456 1.5238804024732002 1.234455508502919
