0 640 2 256 3.1622776601683788e-06 32 0.3 1.3751854459444681 0.4133270179127242 0.8174148986110121 0.7999467489263734 0.7802788225708633 0.8833339247254479
2 160 1 6144 3.1622776601683788e-06 512 0.1 0.052823952833811444 0.40457631703310193 0.6462537808338763 0.6776295540324926 0.7919173107704202 0.8898973596828008
1 160 3 256 0.0001 16 0.3 0.545045034090678 -9.145271785193353 0.8026531868617753 0.7988394813984165 13.493276433231818 3.6733195386777635
6 5120 2 256 1e-05 512 0.3 1.1119125008583068 -2.0338163893342127 0.7564155434960902 0.7256381423470611 4.034995222966873 2.008729753592273
3 2560 5 512 1e-05 128 0.2 1.6682831048965454 -7.415098656778678 0.8313383278955394 0.8194790469102977 11.192135094355033 3.345464854748146
9 1280 2 256 0.0001 128 0.0 0.6134085615475973 0.6818186339640423 0.8314407231372422 0.8145688878941699 0.4231832541038891 0.6505253677635401
8 5120 5 512 1e-05 512 0.2 1.2715728759765625 -9.45594456664372 0.8407836859817037 0.8265493323375804 13.90647322176033 3.7291384020655935
11 640 2 7168 1e-05 256 0.3 0.5376935760180156 0.36133112958692404 0.8455094100992665 0.8256253437945428 0.8494336869674411 0.9216472681929031
13 1280 4 1024 1e-06 512 0.3 0.3498383442560832 -1.1487303950078815 0.6991349595266785 0.7157668438570134 2.857825183416333 1.6905103322418153
12 10240 2 512 0.0001 1024 0.0 1.726599645614624 0.70943557264366 0.8450586434654993 0.826203896422923 0.38645254883214347 0.6216530775538263
5 5120 4 8192 0.0001 1024 0.2 5.92706614335378 0.7071495043327729 0.8409767568514025 0.8344496045814955 0.38949303432303695 0.6240937704568417
15 160 2 2048 0.0001 32 0.0 0.27246182759602866 0.703042366652683 0.8430627546605738 0.8254894696315477 0.39495555373505264 0.628454893954254
14 5120 1 5120 1e-06 128 0.3 2.571074914932251 0.725225598839977 0.852377614108316 0.8371099175812494 0.3654517128894506 0.6045260233351833
10 10240 4 4096 1e-05 512 0.0 5.3089640180269875 0.7314076812169019 0.8556098790603152 0.8428347317797411 0.3572295037450289 0.5976867940192663
16 5120 1 7168 3.1622776601683788e-06 1024 0.1 1.3791893362998962 0.7114488391701956 0.8446604995932586 0.8282739684173127 0.3837748914611535 0.6194956750947932
21 160 1 512 0.0001 16 0.1 0.4685094078381856 0.6730662877716016 0.8306552059747354 0.8084285258282217 0.43482393058002894 0.6594118065215613
4 5120 4 6144 3.1622776601683788e-06 256 0.0 7.3774161577224735 0.732381056491864 0.8564190777798706 0.8436454427039821 0.3559349083969274 0.5966028062261586
19 40 4 7168 0.0001 128 0.3 0.1860964258511861 0.5281970675667603 0.8231690438042395 0.7999723681730586 0.6275009210322272 0.7921495572379166
20 2560 3 1024 1e-05 128 0.3 1.4490762631098428 -8.251393817973723 0.8236134641441086 0.805497610282984 12.304413013439271 3.5077646747521807
24 40 5 6144 1e-05 1024 0.3 0.09896692037582397 -1.874292013174597 0.5571592227673884 0.6009958257209275 3.8228267812596677 1.9552050483925383
25 160 2 2048 0.0001 64 0.1 0.16369470755259197 0.6051024956470654 0.8418363169435805 0.8222786960707211 0.5252162092694455 0.7247180205220825
28 40 2 4096 0.0001 1024 0.0 0.0313563346862793 0.6365241206983272 0.800278870885966 0.7889333481053219 0.4834252467624752 0.6952878876857235
27 40 4 2048 3.1622776601683795e-05 64 0.1 0.06047407786051432 0.3191056055856951 0.8443251879127499 0.8276591433590933 0.9055939042539008 0.9516269774727389
31 160 2 5120 3.1622776601683795e-05 128 0.3 0.15179705222447712 0.49922437595875735 0.8464799430364065 0.8347667333585278 0.6660347863794441 0.8161095431248455
29 2560 4 1024 1e-05 512 0.2 0.6602983514467875 -6.0742207866937115 0.8340180987479426 0.8120493547849131 9.408758941666312 3.067370036638278
17 10240 2 8192 0.0001 512 0.3 7.120008496443431 0.6816940842954355 0.831119803583217 0.8142332573314811 0.4233489059606123 0.6506526769026716
33 640 2 1024 1e-06 64 0.1 0.5872757315635682 0.6871097890569265 0.8291543760995322 0.8149603278661847 0.41614598395173924 0.6450937791916298
35 40 5 512 3.1622776601683795e-05 32 0.3 0.10464687744776408 -10.450628163952269 0.7599918713067564 0.746943107890474 15.229408775017161 3.9024875111929775
30 10240 2 6144 1e-06 1024 0.2 4.09654434521993 0.6791893203809747 0.8523685272620529 0.8337404890021018 0.4266802580045397 0.6532076683601775
36 640 4 7168 1e-05 1024 0.3 0.6999854922294617 -2.812982650749599 0.8114560588432966 0.7967502041845693 5.071291339554863 2.251952783598018
39 40 5 5120 1e-06 1024 0.3 0.05059946378072103 -2.6343274017808014 0.09884583715368307 0.13281515121651633 4.833678714518825 2.198562874815916
38 1280 1 4096 1e-05 128 0.1 0.6709387024243673 0.7162143967899921 0.8481199097427066 0.8290591338193195 0.37743666931354636 0.6143587464287835
40 40 3 512 1e-05 64 0.3 0.05998398860295614 0.04430012825674845 0.7211430828353856 0.7238700088413024 1.2710869486469967 1.127424919294849
42 2560 5 512 0.0001 512 0.1 0.6472646395365397 -3.29424494121408 0.8411566391709057 0.8239851222110829 5.711373267335744 2.389847959041693
37 1280 3 8192 1e-06 256 0.1 2.373326075077057 0.5982899652137166 0.8469425432493289 0.8280079337362666 0.5342769183655918 0.7309424863596258
26 640 2 8192 0.0001 16 0.3 6.876403339703878 0.6471282025922065 0.8320037143681596 0.8144814138331858 0.46932174994698656 0.6850706167593138
43 160 2 2048 0.0001 32 0.2 0.3522451957066854 0.3736888746415252 0.8052373528517084 0.7808134108084547 0.8329978069197033 0.912687135287719
44 40 1 4096 3.1622776601683788e-06 32 0.1 0.08058957656224569 0.6133929309618844 0.7858277438918735 0.7870220048537041 0.5141898772181007 0.7170703432844652
32 2560 2 2048 3.1622776601683788e-06 16 0.2 8.221841804186504 -0.43484174734049263 0.8032774402836622 0.7781288823781001 1.908348711077694 1.3814299515638475
48 1280 5 256 1e-05 128 0.1 0.8085080464680989 -3.9990322694173246 0.8370940821326291 0.8169420779684048 6.648744926512445 2.5785160318509646
47 2560 3 2048 3.1622776601683795e-05 128 0.2 1.5425192952156066 -5.203314766911847 0.8420989789086486 0.823683515482481 8.250448359052543 2.872359371501509
51 40 4 5120 1e-05 1024 0.3 0.044349213441212974 -0.41543714107127916 0.5437502782816428 0.5945568427666386 1.8825404604943383 1.3720570179458063
52 160 1 4096 3.1622776601683788e-06 128 0.0 0.09886895815531413 0.649699286177282 0.8066753403635483 0.7970599574649948 0.46590219231650487 0.6825702837924493
53 1280 4 256 0.0001 128 0.0 0.703445307413737 0.7001537905204067 0.8402122122631313 0.8204234939884582 0.398797378486177 0.631504060546072
23 10240 2 5120 1e-05 64 0.2 16.934613374869027 -2.4611754272765314 0.8381246139148838 0.8183064963810754 4.603385479757398 2.1455501578283824
56 640 4 2048 1e-05 64 0.1 0.7564363797505697 -1.8271579865844694 0.8383130988603025 0.8228628517573691 3.7601382241014356 1.9391075844577152
46 1280 5 2048 1e-06 16 0.3 5.974740012486776 -13.068203442749256 0.8174668576431661 0.8033995967217059 18.710800655829 4.325598300331296
7 5120 5 6144 1e-05 64 0.3 26.2756530324618 0.3716848971844732 0.8513441391919625 0.8361801416688164 0.8356631097688032 0.9141461096393745
22 10240 2 2048 3.1622776601683795e-05 32 0.2 18.373079935709637 -2.6116037666227885 0.8451614155315725 0.8241166466314753 4.803456134262033 2.191678839214823
59 1280 2 512 1e-05 256 0.1 0.40164184967676797 0.702273228826858 0.8441541607999328 0.8288501618632642 0.3959785119680946 0.6292682353083576
50 10240 1 7168 3.1622776601683795e-05 128 0.1 5.775250323613485 0.6991427097012033 0.8398367646847491 0.8217701079462383 0.40014212244954356 0.6325678797169072
18 5120 1 8192 1e-05 16 0.1 20.622582618395487 0.7022469571380253 0.841873730544712 0.8251838080581465 0.39601345348245653 0.6292959983048172
49 5120 5 8192 1e-05 1024 0.0 7.155163411299387 0.7288522083072977 0.8540311190876719 0.8400772898674537 0.3606282990771805 0.600523354314535
60 160 5 8192 1e-06 64 0.1 1.374269719918569 0.11276822383107199 0.8314296644344474 0.8133254144431888 1.1800239431403703 1.086289069787766
62 40 4 5120 1e-06 16 0.3 0.4645573933919271 -0.6822256975850147 0.723364340378968 0.7280862364634029 2.2373709488718476 1.4957843925084415
65 40 4 7168 3.1622776601683795e-05 512 0.2 0.07008848190307618 0.06054473537270888 0.8197644670284361 0.815544336103931 1.2494815171705522 1.1178020921301552
64 40 3 5120 3.1622776601683788e-06 128 0.1 0.0970008651415507 0.6448851696111197 0.8156737340845329 0.8112311608289062 0.47230499817369564 0.6872444966485332
66 640 1 512 3.1622776601683795e-05 256 0.3 0.18563767274220785 0.7028615531441187 0.8400486467542421 0.8218357227075326 0.3951960368591699 0.6286461937045112
57 640 5 1024 3.1622776601683788e-06 16 0.1 2.6943620403607684 -3.6298981695405903 0.8470008149643665 0.826924331757046 6.157794210156249 2.4814903203833474
67 2560 5 1024 1e-05 256 0.1 0.9887980977694194 -3.801331594971752 0.8453255207597659 0.8274056786969244 6.385801763646785 2.527014397198161
63 640 1 7168 1e-05 16 0.1 2.3984265009562176 0.7128284615153925 0.8471837730375309 0.8303503438522538 0.38193998490849 0.6180129326385412
61 5120 1 5120 3.1622776601683788e-06 256 0.1 1.7303626775741576 0.7206636860920657 0.8502632674565531 0.8343291050180289 0.37151908605353756 0.6095236550401777
68 640 4 7168 3.1622776601683795e-05 128 0.3 1.7742538650830586 -4.298574629990032 0.8267114724846996 0.8053262746591094 7.047138184006956 2.654644643640078
72 160 1 7168 1e-05 64 0.0 0.18376239538192748 0.7056792222583967 0.8424633097522989 0.827970813475242 0.39144851889599197 0.625658468252442
69 5120 3 256 1e-06 64 0.3 4.951986118157705 -5.437204567934993 0.7424420940279088 0.714515518752012 8.56152329198089 2.9260080813252873
73 10240 3 256 1e-05 1024 0.1 1.8474916100502015 -1.05957184646814 0.8164694651295668 0.7885294118388809 2.739243742987281 1.6550660841752758
74 2560 4 5120 0.0001 512 0.2 1.860412347316742 0.5701507482119902 0.8404802612431596 0.8420159111659017 0.5717022571498258 0.7561099504369889
79 40 4 6144 1e-06 128 0.0 0.09632700284322103 0.5540913155084412 0.7508086576872087 0.7784447916501751 0.5930614054721141 0.7701048016160619
80 640 2 512 1e-05 512 0.2 0.15450889666875203 0.6495409648385302 0.8205696496680244 0.8093330879784492 0.46611276071075686 0.6827245130436996
78 1280 1 512 1e-05 128 0.2 0.5785216172536214 0.7108033967214235 0.8451959132640363 0.830779420156449 0.38463333405070904 0.6201881440746099
76 2560 4 512 0.0001 512 0.3 0.6444657603899638 -5.406384968875056 0.6149576092300186 0.5263559014593036 8.52053302789708 2.918995208611532
81 160 1 8192 0.0001 256 0.0 0.08405750195185344 0.7053087726411059 0.8412387188516341 0.8217041982871401 0.39194121925893205 0.626052089892632
86 40 1 2048 1e-05 128 0.2 0.03523953755696615 0.5554638718005463 0.7519776972262033 0.762528346222507 0.5912358968153053 0.7689186542250782
83 160 2 5120 1e-05 256 0.1 0.1123513658841451 0.7190540812128261 0.8488248730836496 0.8357493328400253 0.37365987084902785 0.6112772454860624
77 2560 1 256 0.0001 32 0.3 3.8120624303817747 0.6698544127050317 0.8244818288906568 0.8077418931548329 0.43909574498380705 0.6626429996489868
89 5120 3 512 1e-05 512 0.3 1.1746066371599833 -6.924527910958116 0.7757635018513647 0.7557343063127189 10.539672861349672 3.2464862330448394
75 10240 2 7168 1e-05 256 0.2 8.547726809978485 -0.9128374881455774 0.7891713569464158 0.763215236931474 2.544086106896264 1.595019155651826
87 160 3 7168 3.1622776601683795e-05 32 0.1 1.1572334130605062 0.6715696929874262 0.8422081955455293 0.8249515391756093 0.43681441122549414 0.6609193681724679
91 160 2 4096 3.1622776601683795e-05 256 0.0 0.09186928669611613 0.7258721855675052 0.8522018694561495 0.8383726699761389 0.36459174840182274 0.6038143327230836
54 5120 3 7168 3.1622776601683788e-06 64 0.0 18.873038121064504 0.7353120193182426 0.8577912172030748 0.8449713400910615 0.3520367090712502 0.5933268147246087
88 10240 2 1024 1e-06 256 0.2 3.1472988367080688 0.5493707632533841 0.8371504049854028 0.8159391674006865 0.5993397701964541 0.774170375431955
58 10240 2 1024 3.1622776601683788e-06 32 0.0 16.29535616238912 0.7031090549404649 0.8406247167790544 0.8220385018097128 0.3948668578853058 0.6283843233923853
90 1280 2 5120 0.0001 256 0.3 0.7264895439147949 0.461786102475805 0.821813258649366 0.8007601507930722 0.7158279298244209 0.8460661497923321
85 10240 4 256 1e-05 256 0.3 3.914299444357554 -4.183857705122527 0.6468904638465524 0.5867052256087952 6.894563939414846 2.6257501669836842
92 160 3 6144 1e-05 256 0.0 0.17075517574946086 0.7236815807704806 0.8509308758364131 0.8388906579681108 0.36750526680803797 0.6062221266235982
95 1280 5 1024 1e-06 64 0.0 1.3283350110054015 0.6897090487720507 0.8327558015760934 0.8154272616759132 0.4126889518878844 0.6424087109371139
34 10240 1 6144 1e-06 16 0.2 33.25770222345988 0.7111066729131055 0.8457573578364705 0.8272540275014381 0.38422997477393195 0.6198628677166684
97 10240 4 512 1e-06 1024 0.3 2.193633433183034 -3.162014616206484 0.753908205746417 0.732400701916318 5.53550608842117 2.3527656254759353
94 2560 1 1024 3.1622776601683788e-06 32 0.3 3.881101409594218 0.7181211461908623 0.8496758155385413 0.8324172825574803 0.37490068040170754 0.6122913362131687
101 640 1 8192 3.1622776601683788e-06 32 0.1 1.3412028630574544 0.7143469815898633 0.8474951609855164 0.8314309599912129 0.3799203434865469 0.6163767869465453
82 640 4 7168 3.1622776601683795e-05 16 0.0 12.09984982808431 0.7172897040862397 0.8482410723203517 0.8299840439179934 0.3760065037244769 0.6131936918498729
100 640 2 6144 0.0001 32 0.3 2.3748299956321715 0.6718150272242794 0.8400725578951453 0.8229580300234716 0.43648811511963453 0.6606724718948372
105 640 5 6144 0.0001 512 0.3 0.745591688156128 -0.3346457857173213 0.8499111837410485 0.8348544285928647 1.7750874405764847 1.332324074906884
104 2560 2 5120 3.1622776601683788e-06 1024 0.3 0.9190903504689535 0.5880434575667717 0.8397475687132576 0.8195425605247418 0.547904839143154 0.7402059437367103
102 5120 5 1024 1e-06 256 0.3 1.9310280919075011 -12.845134703277603 0.7967403419000739 0.7815735098971581 18.41411780405006 4.291167417387728
106 2560 2 5120 1e-06 1024 0.2 0.8597192605336507 0.7013959733535204 0.8376080878627796 0.8263462214753713 0.39714526736459227 0.630194626575467
96 5120 1 256 3.1622776601683788e-06 32 0.2 7.573304176330566 0.6892278046606688 0.8342447823309012 0.8225136526242092 0.41332900963736924 0.6429066881261769
103 1280 5 2048 0.0001 64 0.1 1.7353525837262471 0.6968225845684 0.8372830210503617 0.8211653831377911 0.4032279037316471 0.6350022863987554
108 1280 5 2048 1e-05 1024 0.1 0.37670379479726157 -0.7045268459004261 0.8287335231119912 0.8124337540718676 2.2670316189228483 1.5056665032213636
111 40 1 256 1e-06 16 0.2 0.12404562632242838 -0.3994719545195531 0.26310761837040403 0.3473119807594439 1.8613066601574209 1.3642971304512155
109 640 2 2048 3.1622776601683788e-06 16 0.0 2.007417074839274 0.7141577926801899 0.8464443050746207 0.833513786315607 0.3801719659477658 0.6165808673221752
45 10240 3 2048 1e-06 16 0.2 35.83308922449748 -4.565325766171847 0.846791750663582 0.8318911111514594 7.4019189031034145 2.720646780290197
107 1280 2 4096 1e-06 32 0.0 2.888267449537913 0.717031048872163 0.847283973022993 0.8344859537873031 0.37635051681533643 0.6134741370386664
113 640 1 6144 1e-05 64 0.3 0.623914345105489 0.7145868533406587 0.8473406270148178 0.8278897534414855 0.37960131252211976 0.6161179371858279
117 1280 1 256 1e-06 512 0.2 0.30665042002995807 0.15730323552984304 0.48411989169631037 0.5334544602135037 1.1207920924288146 1.0586746867800394
114 10240 2 2048 1e-06 1024 0.2 1.9621842543284098 0.6967586162012706 0.8444789758122597 0.8293301449008009 0.40331298206951083 0.635069273441497
119 40 3 8192 1e-06 32 0.3 0.36997267802556355 0.33087899568006574 0.7647261322693732 0.769924383136059 0.8899352200448224 0.94336377927331
120 160 3 5120 1e-05 64 0.0 0.3719811717669169 0.7192491387137957 0.8486967374268938 0.8345659079542962 0.3734004431238091 0.6110650072813932
122 40 2 512 3.1622776601683795e-05 128 0.3 0.03382602135340373 0.5458515511437808 0.7903701003278478 0.7838259393208308 0.6040203448353079 0.7771874579760715
115 160 4 7168 0.0001 16 0.1 3.376830581823985 0.7123204227656421 0.8485049780886238 0.8374920314102261 0.3826156796985675 0.6185593582660984
123 1280 5 2048 3.1622776601683788e-06 512 0.1 0.437400229771932 -0.6529849092767315 0.8225895617680574 0.8053028671459509 2.198480513196668 1.4827273900473639
112 2560 2 512 3.1622776601683788e-06 16 0.2 8.097871379057567 -1.3774288423835568 0.8065446110642622 0.77943170401205 3.1619955827539488 1.778200096376656
124 160 2 5120 1e-05 32 0.1 0.48719685872395835 0.7023077096156483 0.8497991306945017 0.8353333426258633 0.39593265229822733 0.6292317953649731
70 1280 5 7168 0.0001 16 0.2 31.374122194449107 0.6944671750362873 0.8378413907226484 0.8197437766189964 0.40636061349075386 0.6374642056545244
71 10240 2 2048 1e-05 16 0.0 29.77942248980204 0.7204260410922003 0.8500444451581614 0.8336539733589795 0.37183515542497003 0.6097828756409694
127 640 3 1024 1e-06 512 0.3 0.1776302933692932 0.028824219828407438 0.5595689519641813 0.6120630085289052 1.291670005947024 1.1365166105020306
130 1280 1 2048 1e-05 1024 0.1 0.24130000670750937 0.6974156549733894 0.8359405783221708 0.8189437705345916 0.4024391162956545 0.6343808921268471
118 2560 3 6144 0.0001 64 0.1 7.74356171687444 0.6890629094949753 0.8432847822545311 0.8303691435872312 0.41354832126354496 0.6430772280710497
128 2560 1 4096 1e-06 512 0.0 0.588411009311676 0.6726167235777711 0.8203135190642538 0.8062914751701961 0.43542185383632764 0.6598650269837973
55 1280 5 8192 0.0001 16 0.0 38.68437857230504 0.7067569359719618 0.8415596933138396 0.8306988024693979 0.3900151527564825 0.6245119316366041
133 640 1 1024 3.1622776601683788e-06 256 0.2 0.19186390638351442 0.6736548894866208 0.8214739100542325 0.8103683635801094 0.4340410865303093 0.6588179464239794
126 5120 1 256 0.0001 64 0.3 4.142045239607493 0.6557670832205184 0.8189230972336836 0.8010100766815983 0.457831983397644 0.6766328276086255
134 2560 2 2048 3.1622776601683795e-05 128 0.0 1.3064383824666341 0.7150548279173633 0.8470504533568237 0.8337572244524546 0.37897890333871914 0.6156126244146712
138 40 5 512 3.1622776601683795e-05 32 0.1 0.10333809852600098 -1.7858496007603102 0.8328836530474821 0.8194979203697262 3.705197806462802 1.9248890374415877
136 40 4 8192 3.1622776601683795e-05 128 0.0 0.18259318272272745 0.721089582601821 0.8515409659029316 0.8373546458959875 0.3709526409686001 0.6090588156890926
84 10240 1 2048 0.0001 16 0.0 27.517616844177248 0.6988802839434745 0.8397282940350038 0.8202621480276796 0.4004911503876026 0.6328437013888994
137 2560 4 1024 1e-06 1024 0.1 0.4996694763501485 0.5070085614988495 0.79495378899095 0.7946234749496686 0.6556817697699411 0.8097417920361657
98 10240 4 1024 0.0001 32 0.3 20.82852785984675 -0.47549787089395923 0.7936348766647667 0.7817248293326152 1.9624216157199523 1.4008645957836012
143 40 3 512 1e-06 128 0.1 0.04041043519973755 -5.157141892823803 0.11877598680993905 0.15110165342925644 8.189038140876223 2.8616495489273706
142 160 1 256 0.0001 512 0.1 0.050841903686523436 0.6794659912875911 0.8263139287571805 0.8111308587134668 0.42631228392725024 0.6529259406144392
125 10240 1 7168 1e-05 128 0.3 5.738153064250946 0.7009094450468453 0.8406794904706439 0.8226818582304278 0.397792353127651 0.6307078191426289
132 10240 5 512 3.1622776601683788e-06 256 0.3 3.7989554524421694 -7.5963908433891145 0.7472323944887566 0.7292835215458998 11.433254863338437 3.3813096373060008
146 40 2 1024 1e-05 1024 0.0 0.029351198673248292 -0.5221726485085432 0.2061562863805379 0.26035063646903084 2.0244993688001967 1.4228490323292196
144 640 1 4096 0.0001 16 0.3 1.7792651136716207 0.6875173076633372 0.8351167436523352 0.818543409904019 0.4156039815959217 0.6446735465302743
148 1280 1 256 1e-05 256 0.1 0.4157641331354777 0.689352436488889 0.8318248332417186 0.8178529066969583 0.413163248507834 0.6427777598111449
145 640 2 5120 1e-06 256 0.3 0.379459536075592 0.6755853583723421 0.8308112583108588 0.8218711473061866 0.43147355055174563 0.6568664632569893
140 5120 1 256 1e-06 128 0.3 2.2291362047195435 0.6859096210817133 0.8289201397944479 0.8187320339116279 0.41774221504330045 0.6463298036167762
149 40 5 256 3.1622776601683795e-05 256 0.0 0.028427934646606444 0.6121036371381213 0.7853950094743244 0.7785163412297667 0.515904646258895 0.7182650250839832
135 5120 2 8192 0.0001 512 0.0 3.4832618991533915 0.7158706161283119 0.8479258536587588 0.8294913065504523 0.3778938997947662 0.6147307539035005
141 5120 1 7168 1e-05 128 0.1 2.854242757956187 0.7099753014295169 0.8449500180268263 0.8285070482688097 0.3857347060911369 0.6210754431557707
129 640 3 6144 3.1622776601683795e-05 16 0.0 6.954779680569967 0.7134788627473596 0.8461934350381208 0.8304076646128227 0.38107494710553486 0.6173126817954859
121 1280 4 7168 3.1622776601683795e-05 32 0.2 12.62392297188441 0.6566415933973151 0.825202370385641 0.8289042387479941 0.45666887926312355 0.6757728015118125
153 40 4 512 3.1622776601683788e-06 16 0.1 0.1710308273633321 0.41674745509788524 0.7498271270504329 0.7589809836811302 0.7757296192139616 0.8807551414632568
158 160 2 256 1e-05 128 0.2 0.10005509853363037 0.6245241738905702 0.8000105528557969 0.7949883372571364 0.49938525285097224 0.7066719556137574
157 640 5 6144 3.1622776601683795e-05 256 0.3 1.3763363440831502 -6.170481654505668 0.8364100940265604 0.8201194174907515 9.536786512202685 3.0881687959376
154 1280 5 1024 1e-05 64 0.2 1.4809562007586161 -9.072122534342427 0.8453867050335508 0.8287780962125167 13.395987461234451 3.6600529314798784
151 10240 2 512 1e-05 1024 0.3 1.7223918954531352 -0.7833140543882087 0.7706766660089658 0.736661643417885 2.371819110676383 1.540071138186929
155 1280 3 1024 3.1622776601683788e-06 32 0.1 2.3884686907132466 -0.11775091701969265 0.834628863998879 0.8113842127889597 1.4866158764575306 1.2192685825762635
162 160 4 1024 3.1622776601683795e-05 256 0.2 0.07068978548049927 -2.4916089097592935 0.8105007728749931 0.7873678093906161 4.643862206321307 2.1549622285138335
131 640 3 8192 3.1622776601683788e-06 16 0.2 11.371640932559966 -0.5985490225304435 0.8390205980513644 0.8211640192354495 2.126080435277832 1.4581085128610394
93 10240 2 8192 3.1622776601683795e-05 64 0.3 29.606071432431538 0.6702529340971832 0.8293913067454283 0.8102202142960407 0.4385657089805623 0.6622429380375168
150 5120 1 8192 3.1622776601683795e-05 64 0.3 5.736591398715973 0.6940594615842234 0.8372033916826946 0.8193822835685012 0.40690287499253786 0.6378893908763006
156 5120 2 512 1e-06 64 0.0 4.407671801249186 0.678991245796374 0.828211694285947 0.8145825637798106 0.42694369847030583 0.653409288631793
152 10240 2 7168 1e-06 1024 0.1 4.9623944918314615 0.72085899474321 0.8502377677715773 0.8348767302392596 0.3712593242969784 0.6093105319104359
99 10240 4 5120 0.0001 64 0.3 32.096132242679595 -0.31168013453992915 0.8069967561471649 0.8039061205615639 1.7445429774643197 1.3208114844535233
164 10240 4 512 1e-05 512 0.0 2.4461556752522786 0.6954551482855267 0.8359881793687969 0.8201854008743005 0.40504660274339455 0.636432716587853
166 640 3 512 1e-06 1024 0.1 0.12817732095718384 -0.46466100862888426 0.20207856538842917 0.2710462111822841 1.9480085195203094 1.3957107578292536
171 640 4 2048 1e-06 128 0.0 0.4350988189379374 0.7043704433695122 0.8396868417064998 0.8247468800999314 0.3931892031981584 0.6270480070920873
116 2560 3 8192 3.1622776601683795e-05 32 0.3 23.371562564373015 0.6098294827250806 0.8379392835996317 0.8346860419470258 0.5189292861893695 0.7203674660819779
161 10240 2 1024 1e-06 128 0.3 4.975418142477671 -0.05673770006829093 0.8152888110802659 0.789721757383168 1.405467907252059 1.1855243174444206
165 640 5 5120 1e-05 128 0.0 1.2987542311350504 0.7290962841483171 0.8540865650377597 0.841566155153231 0.3603036766458373 0.6002530105262591
169 10240 3 512 0.0001 1024 0.3 1.9284934322039287 -8.106519782368924 0.8134102488472521 0.7913250798789563 12.111729618474298 3.4801910318938383
159 1280 5 5120 1e-06 32 0.3 9.281633241971333 -12.849154430967133 0.8190030690448145 0.8017936201456856 18.419464067614957 4.291790310303494
180 160 3 1024 1e-05 256 0.1 0.07748081684112548 0.6523782785422794 0.8387486556092284 0.8208542659550239 0.46233911531780053 0.6799552303775599
163 5120 1 4096 3.1622776601683795e-05 32 0.2 7.852089957396189 0.6917552591437177 0.8365464159672176 0.8203868160741391 0.4099674789919346 0.6402870285988422
172 2560 5 512 1e-06 128 0.1 1.5939148624738058 -2.2003157955563655 0.8031300428403981 0.7851380133733675 4.2564404993175105 2.0631142719969513
139 5120 1 1024 3.1622776601683788e-06 16 0.1 15.094231776396434 0.706049198339858 0.8444876500842003 0.8277546902474501 0.39095644833873733 0.6252651024475437
175 640 2 256 3.1622776601683795e-05 16 0.2 1.9560846885045369 -2.374186578853836 0.83059328306405 0.8088081698880935 4.487689754376339 2.118416803741969
182 160 2 1024 3.1622776601683795e-05 256 0.1 0.061354692776997885 0.7149111076383632 0.8476383572457449 0.8331619732359472 0.3791700522300126 0.6157678557947083
183 160 3 512 1e-05 512 0.2 0.059735023975372316 0.33503093894065794 0.6914643014757379 0.7134431228893273 0.8844131089238538 0.9404324052922963
179 40 2 6144 3.1622776601683795e-05 128 0.3 0.05796835422515869 0.5254010672067961 0.8483403056684474 0.8268589013068788 0.6312196194134253 0.7944933098607094
181 1280 4 5120 1e-05 512 0.1 0.9104757189750672 0.08334517477413239 0.8455231478142786 0.8282720515815896 1.2191567867782562 1.1041543310508075
170 2560 4 256 3.1622776601683795e-05 32 0.0 4.6954654057820635 0.7134372621185676 0.8462846833923331 0.8303402436024813 0.3811302762081919 0.6173574946562096
176 2560 3 256 3.1622776601683795e-05 32 0.2 4.8166691342989605 -4.039876114095678 0.842108817746917 0.8220874917073311 6.703067501452758 2.5890282929031034
187 160 1 6144 0.0001 16 0.2 0.5521901766459147 0.6937563116826874 0.8366262980143226 0.8190938366543835 0.40730606630261224 0.6382053480680119
185 40 5 6144 3.1622776601683788e-06 16 0.2 0.7544597188631693 -1.5625680665091748 0.8132448345716832 0.7896151518271771 3.408231936264651 1.846139739094701
168 10240 2 4096 3.1622776601683795e-05 128 0.1 7.389879182974497 -0.33589770026370047 0.8478568713911498 0.8274028034433395 1.7767524949390239 1.3329487968181764
184 5120 1 4096 0.0001 1024 0.0 1.3448384404182434 0.7100736340104585 0.8456797270313252 0.8294316634696801 0.38560392312887315 0.6209701467291912
194 160 2 7168 1e-05 512 0.0 0.11883004506429036 0.722783093182818 0.8502439696019213 0.8365659048581124 0.3687002610525346 0.6072069342922021
193 1280 1 6144 3.1622776601683788e-06 1024 0.3 0.3009941101074219 0.6677542181606072 0.8177446892413249 0.8058072898389584 0.4418890171751784 0.6647473333343868
195 1280 3 5120 1e-06 512 0.0 0.7190375566482544 0.7091555448709268 0.8423812719363692 0.8273263880499893 0.3868249875628619 0.621952560540482
196 640 4 1024 1e-06 1024 0.3 0.14157257477442423 -0.5020308339462629 0.3344646669293724 0.4109722699985251 1.9977106264668079 1.413403914833551
188 160 4 7168 3.1622776601683795e-05 16 0.0 3.3804224491119386 0.696319986329525 0.8438178818314847 0.8259116526995844 0.40389636260742545 0.6355284121165831
186 640 3 4096 1e-05 16 0.2 4.220333178838094 -2.0004109971704764 0.8092755992006575 0.7859255010955775 3.9905658374984956 1.9976400670537462
189 5120 3 7168 1e-05 1024 0.3 4.371800899505615 -1.7829849428085605 0.834878923766398 0.8163362104309689 3.701387793044923 1.9238991119715512
199 1280 3 1024 0.0001 64 0.0 1.2219259103139242 0.7180900751634827 0.8487475746392155 0.8319004004322719 0.3749420050670664 0.6123250812003918
191 1280 1 256 1e-06 16 0.1 3.6990484555562335 0.6831264488205275 0.8270007192948693 0.8161443425475207 0.4214438519709863 0.6491870700891895
167 1280 5 4096 3.1622776601683788e-06 16 0.3 13.011185530821482 -12.29359797081535 0.848345033335421 0.8360628829296717 17.680570418453556 4.2048270378760595
202 40 5 1024 3.1622776601683788e-06 16 0.1 0.18727388779322307 0.12650659709422385 0.8039493820479531 0.7981537702806637 1.1617518187352678 1.0778459160451774
201 640 2 1024 3.1622776601683788e-06 16 0.1 2.030725606282552 0.6969309159661059 0.844221496276885 0.8230462413289649 0.40308382227906575 0.6348888267083189
190 1280 4 7168 0.0001 64 0.3 7.375647600491842 0.6697410604638594 0.8218657584002145 0.8113543543863481 0.43924650419034666 0.6627567458655903
203 2560 2 6144 3.1622776601683795e-05 256 0.1 1.7241021354993185 0.5742044799963972 0.8331580956939338 0.8141373049586443 0.5663107679210194 0.752536223660376
206 40 4 8192 0.0001 64 0.1 0.27583357493082683 0.6676158207686833 0.8327582420659392 0.8147042091237834 0.44207308659257877 0.6648857695819477
200 10240 5 2048 1e-05 1024 0.1 3.4086002588272093 -3.255344113774168 0.8460954167092415 0.8312004236332714 5.659634917763459 2.378998721681762
204 1280 1 256 1e-06 16 0.3 3.601388474305471 0.6776210342913209 0.8236699817022757 0.8152249617826638 0.42876608854532183 0.654802327840488
207 160 4 6144 1e-05 512 0.0 0.18203016916910808 0.7242588853167349 0.8529161580264754 0.8393518412706699 0.3667374480651101 0.6055885138153713
210 160 5 1024 3.1622776601683788e-06 64 0.2 0.2066421945889791 -2.9782365920146834 0.7909564156234365 0.7675739001926991 5.291080139538041 2.300234800957946
205 10240 2 1024 1e-06 1024 0.1 1.7720837910970053 0.6959934234403451 0.8348124526976286 0.8173505114263502 0.40433069334097654 0.6358700286544229
177 10240 2 256 1e-05 32 0.1 16.956282019615173 -0.22231208204112418 0.8380959284899528 0.8144129975427573 1.6256828954282851 1.2750227038873798
212 160 1 512 0.0001 1024 0.2 0.056980530420939125 0.6387661878638577 0.8044919431926707 0.7959028890704598 0.48044328307663997 0.6931401612059713
213 160 1 7168 0.0001 512 0.2 0.06720844904581706 0.6920141508355105 0.8370023626120852 0.8204852382160809 0.4096231513841986 0.640018086763334
214 1280 1 512 3.1622776601683788e-06 256 0.0 0.36532227595647176 0.6716001365799191 0.8198881563166442 0.8114853627355842 0.4367739210525521 0.6608887357585633
208 1280 2 8192 1e-05 128 0.0 1.9500591913859049 0.7239987149377953 0.8512210652597552 0.8364270448548561 0.3670834763349385 0.6058741423224286
216 40 1 6144 1e-06 256 0.1 0.04020658334096273 -3.1494013369538205 0.1151600954812948 0.1590509554845325 5.5187303462538555 2.349197809094384
217 640 2 5120 0.0001 1024 0.1 0.23866221110026042 0.7142478382401274 0.8483718194607417 0.8354765155094969 0.38005220477649826 0.6164837425078606
215 5120 4 1024 1e-06 512 0.3 1.4191818674405416 -4.003768677750373 0.7900092632962985 0.7633291412081032 6.655044379922038 2.579737269553246
211 10240 1 256 1e-05 1024 0.1 1.7426443537076315 0.691279958313729 0.8338952676415118 0.8199394527871708 0.4105996321391121 0.6407804867028272
147 10240 4 5120 3.1622776601683795e-05 64 0.3 32.070752239227296 0.6212637311015498 0.8255871795540464 0.8067284768528623 0.5037216626365827 0.7097335152270764
224 160 3 4096 3.1622776601683795e-05 512 0.0 0.07799219687779745 0.7299072198381811 0.8554878929786953 0.8415762554030032 0.35922512698599696 0.5993539246438593
220 640 4 512 3.1622776601683788e-06 512 0.0 0.1676229516665141 0.6390583661018526 0.7996814801182112 0.7956503091017015 0.4800546841493255 0.6928597867890195
222 160 4 6144 1e-05 1024 0.2 0.18342839082082113 -0.09462947916556286 0.8106093949348553 0.7916415052221875 1.4558642160678215 1.2065919840889967
223 2560 3 256 0.0001 1024 0.2 0.4717896540959676 -5.360855277537839 0.8332213123676921 0.8153746592802013 8.459978246897581 2.908604175012059
160 10240 1 1024 3.1622776601683788e-06 16 0.0 27.680445913473765 0.7065495969543386 0.8435813710136201 0.8271500760256795 0.3902909149774874 0.624732674811785
174 10240 5 5120 1e-05 128 0.2 21.53639697233836 -0.371165377540982 0.8513505011893594 0.8478894275818439 1.8236587315323982 1.3504290916343584
219 640 4 512 3.1622776601683795e-05 32 0.1 1.3105261087417603 -2.2617048016431127 0.8418110387464781 0.8247764804669648 4.338088270479123 2.082807785293478
198 1280 3 6144 0.0001 16 0.1 14.159211683273316 0.7028030056832005 0.8384682462982281 0.8272916638336187 0.39527390535706314 0.6287081241379525
225 160 2 8192 3.1622776601683788e-06 1024 0.3 0.17978063424428303 0.5089993743342545 0.7137903167548353 0.7453082313297039 0.6530339759519233 0.8081051762932367
218 10240 1 6144 1e-05 512 0.1 3.268312700589498 0.7127727091447782 0.8464065445028921 0.8283866931027275 0.3820141359183826 0.6180729211981242
229 40 4 512 1e-06 128 0.3 0.04219108819961548 -5.23933785777551 0.12378348443561837 0.1560032235468552 8.298359300552624 2.8806872965583445
230 160 1 256 1e-06 256 0.1 0.0665737509727478 -3.7695958128260516 0.15299781058679268 0.19790949161213617 6.343592970192701 2.5186490367243906
226 640 1 1024 3.1622776601683788e-06 1024 0.2 0.12027322848637899 0.3738573727972262 0.6228402807064861 0.6595797810315688 0.8327737032937481 0.9125643556997765
228 40 2 7168 0.0001 32 0.3 0.2019292751948039 0.6694881760272373 0.8260886175090709 0.8106025124361447 0.43958284211024184 0.6630104389149856
233 40 2 6144 0.0001 64 0.1 0.10189069112141927 0.7012091312770075 0.8397604901714413 0.8224776046392296 0.39739376852268127 0.6303917579748971
234 160 5 256 0.0001 128 0.3 0.12007855574289958 -11.385080323843804 0.737800887063889 0.7280950465352847 16.472236130854895 4.058600267438874
237 1280 2 256 0.0001 1024 0.2 0.2604018648465474 -0.9730476377368449 0.7883530763160195 0.7652477831803594 2.6241659913708157 1.619927773504367
178 5120 3 8192 1e-05 64 0.2 24.373718559741974 -4.6623098114277095 0.8398572616832867 0.8226705046649903 7.530908304270597 2.7442500440503954
235 1280 5 2048 0.0001 64 0.2 1.7172012408574422 0.6267964660352785 0.829082875303902 0.8179863110908485 0.49636308974930365 0.7045304037082457
240 2560 5 1024 0.0001 512 0.2 0.7485622525215149 -1.3801594061548577 0.8331824216031403 0.8256421529693464 3.165627250053242 1.7792209671800863
242 40 3 2048 0.0001 16 0.1 0.1541539152463277 0.6694983136004533 0.8356691151403097 0.8159712375368248 0.439569359072955 0.6630002707940285
241 640 2 1024 3.1622776601683795e-05 128 0.0 0.33448498249053954 0.7041441879124153 0.8431898817658428 0.8266969286882676 0.393490124404783 0.627287911891169
236 5120 4 1024 0.0001 128 0.3 2.99797473748525 -2.4212810225239436 0.6998805860876105 0.697577694781677 4.5503256659975 2.133149236691493
232 160 4 8192 1e-06 32 0.0 2.373864797751109 0.7279327908128042 0.8534179932160557 0.838059672819874 0.3618511302317739 0.6015406305743394
239 2560 3 256 0.0001 64 0.0 2.338804876804352 0.7035888470767867 0.8411429052001917 0.8237810160687865 0.39422873127194796 0.6278763662314006
227 2560 5 8192 3.1622776601683788e-06 1024 0.3 4.3786838293075565 -8.547665342366637 0.7937607874079172 0.7737358266605335 12.698456037871898 3.56348930654659
245 40 4 6144 3.1622776601683795e-05 64 0.2 0.17885578870773317 0.06678800443879895 0.8339715906152896 0.8163166365892569 1.2411779293377703 1.1140816529042072
246 160 3 256 1e-05 32 0.2 0.30910278161366783 -0.6367166790249006 0.782903365524638 0.7601246342256026 2.1768436627982597 1.4754130481998116
244 1280 3 4096 3.1622776601683788e-06 512 0.3 0.5896161993344625 -1.6131351949097223 0.8154170613249293 0.7957895008649869 3.4754865408124695 1.8642656840730802
243 160 3 256 3.1622776601683795e-05 32 0.1 0.31577903827031456 -0.6902194485435462 0.8121572914573743 0.7927742814101534 2.2480026888296964 1.4993340817942131
251 40 2 7168 1e-05 64 0.1 0.1062060554822286 0.7225081225648629 0.8503801108453037 0.8355361954524945 0.369065973735018 0.6075080030213742
250 1280 3 256 3.1622776601683788e-06 128 0.3 0.7276432394981385 -2.7402670577338895 0.7544818908231765 0.724478088112265 4.974579135254991 2.2303764559497554
248 640 3 512 1e-06 32 0.3 1.2054696559906006 -0.5541846222791855 0.7996131080963439 0.789334667153756 2.067075498883873 1.4377327633756813
253 40 1 4096 3.1622776601683788e-06 1024 0.1 0.023383764425913493 -4.171195735860095 0.12167549021652484 0.15876619479295956 6.877723439222783 2.622541408485819
247 640 5 8192 1e-05 256 0.3 1.695585310459137 -8.088947713120744 0.8329455844741772 0.8132734018430842 12.088358653862423 3.4768316976613094
249 10240 1 8192 1e-05 256 0.2 4.176496501763662 0.7044066610295971 0.8420899127860606 0.8236685125567244 0.39314103347834817 0.6270095960018062
254 1280 4 6144 3.1622776601683795e-05 128 0.1 3.374157464504242 -0.5146291474699278 0.8485193018914612 0.8319154770824796 2.014466464118731 1.419319014217287
258 40 3 256 3.1622776601683788e-06 256 0.1 0.03651238679885864 -6.300494856755975 0.12444452250080673 0.15801575360732315 9.709704903654101 3.1160399393547737
256 2560 2 512 3.1622776601683795e-05 32 0.3 4.373195397853851 -5.90698252499482 0.824230345397023 0.8037706887452741 9.186330982800813 3.0308960692839357
257 640 2 512 1e-05 32 0.0 1.0645987868309021 0.6897677655378106 0.8336675073249598 0.821216511044485 0.41261085821346766 0.6423479261377495
261 640 5 256 1e-06 512 0.3 0.19213966528574625 -1.9620604051864903 0.17833611142565903 0.24032187803279528 3.9395593046056807 1.9848323114574895
262 40 4 8192 3.1622776601683788e-06 1024 0.2 0.09925059080123902 -0.13890985497155706 0.4270227795114779 0.4998434461893127 1.5147573994115817 1.2307548088110734
197 10240 3 6144 0.0001 64 0.3 31.050993688901265 0.157188207143501 0.8114354375591788 0.798000165387229 1.1209450809191621 1.0587469390365019
173 2560 4 6144 3.1622776601683788e-06 16 0.1 39.374940852324166 -1.6838924895378136 0.8506659171313937 0.8353115570506247 3.5695941957180657 1.8893369725165667
259 2560 1 1024 3.1622776601683795e-05 32 0.0 3.705527206261953 0.7100929731851615 0.8447253677623605 0.8288790618480142 0.3855782019026918 0.6209494358663126
263 10240 5 1024 3.1622776601683788e-06 1024 0.3 2.2108365416526796 -13.471041627565542 0.8215941776656492 0.8033235130883847 19.2465780209579 4.38709220565945
268 40 5 1024 3.1622776601683795e-05 16 0.1 0.19054155747095744 -0.5809426138192111 0.8286693617532147 0.8104758169672855 2.1026637989602284 1.4500564813000314
265 160 1 8192 1e-06 16 0.2 0.6551659782727559 0.6868055929895497 0.8289540739997256 0.8178651449558064 0.4165505666690803 0.6454072874310302
192 5120 3 7168 0.0001 32 0.0 35.723884220918016 0.7038265585409038 0.8408870601245493 0.8236973019547978 0.39391257350263514 0.6276245481995069
269 160 2 7168 3.1622776601683788e-06 1024 0.0 0.08983871142069498 0.5811487333927716 0.7662893217322869 0.7833522597238455 0.557074866440643 0.7463744813702053
231 10240 4 8192 0.0001 256 0.0 20.89075735807419 0.7146847422878719 0.8467188496441109 0.8286905115648562 0.3794711195955554 0.6160122722767424
264 1280 3 1024 0.0001 32 0.2 2.4037671287854514 -4.294588123331005 0.8382919963684348 0.8201068843340996 7.0418361046253395 2.6536458137108916
273 160 3 5120 1e-05 1024 0.1 0.08804860909779867 0.6680023500353027 0.8303080288402254 0.8161596403710809 0.44155900019307553 0.6644990595878038
255 5120 1 4096 0.0001 16 0.0 13.924430330594381 0.7050226354020994 0.8423580906104382 0.823716728347608 0.3923217836189123 0.6263559560017868
271 1280 2 7168 1e-05 512 0.1 0.7745420098304748 0.7054691060251012 0.8511727891231428 0.838161744322135 0.39172797483162347 0.6258817578677489
221 10240 1 256 1e-06 16 0.0 27.10962805747986 0.6589532184556522 0.8190089598742342 0.8058120819282666 0.45359440313448474 0.6734941745364132
110 5120 4 6144 0.0001 16 0.2 76.31645359198252 0.5626641517475308 0.7990077171316425 0.7846449811080229 0.581659478383311 0.7626660333221291
278 640 3 256 3.1622776601683795e-05 128 0.1 0.36151612202326455 -1.1678883602873507 0.8315132396708143 0.8090190955420974 2.8833053999041174 1.6980298583664886
274 5120 5 512 0.0001 512 0.1 1.2951880892117817 -1.5974463141124686 0.8417770638333301 0.8241766951967273 3.454620228898152 1.8586608697925913
276 5120 3 5120 0.0001 512 0.2 2.9000417192777 0.6534078476749774 0.8479683781552074 0.8379375851291958 0.4609697817791078 0.6789475545129445
272 2560 1 4096 0.0001 16 0.1 7.09956069389979 0.6729493514036888 0.825672910373442 0.8088404611975845 0.43497945669808213 0.6595297238927766
252 10240 2 6144 1e-05 64 0.1 20.544160548845927 -0.2029426096524194 0.8455096360843711 0.8267372928251314 1.5999213731309636 1.2648799836865803
283 40 2 6144 3.1622776601683795e-05 1024 0.0 0.03737554550170898 0.6329163587150693 0.8086301645470243 0.8124640548211843 0.48822359330026344 0.6987299859747422
281 640 1 7168 1e-05 256 0.3 0.2543645103772481 0.715929952929506 0.8475856983894562 0.8337112572573229 0.3778149814692518 0.6146665612096137
282 10240 4 512 3.1622776601683795e-05 512 0.2 2.4581265091896056 -4.708279131091249 0.8384114836323652 0.8242728687429168 7.592047793758993 2.7553670887486104
266 1280 2 7168 0.0001 16 0.2 11.328042650222779 0.683665245417685 0.8336752569684172 0.8177122035824296 0.4207272490469188 0.6486349119858712
41 10240 4 5120 1e-05 16 0.3 116.90173570712408 0.6595988977512788 0.8364656333650204 0.8178519449216705 0.45273564553709655 0.6728563335044834
280 10240 2 256 1e-05 512 0.1 2.2481247146924335 -0.06838020205258055 0.8315725338228661 0.8087692065157966 1.4209525094366695 1.1920371258633975
286 10240 5 1024 3.1622776601683788e-06 512 0.2 2.717590939998627 -9.943706206846736 0.8481012544350803 0.829917507601063 14.555199326307998 3.815127694626747
289 2560 5 1024 0.0001 512 0.0 0.6761181473731994 0.7045483847451594 0.842568003213012 0.8286540179616643 0.392952540029211 0.6268592665257577
290 2560 3 256 1e-06 256 0.1 0.9260110020637512 0.541507146358964 0.7983424673306889 0.7891255477487991 0.6097984310158026 0.7808959156096301
275 1280 3 7168 0.0001 32 0.0 8.939084827899933 0.7072499969096017 0.8435363573247545 0.8275099250704865 0.389359378552413 0.6239866813902465
288 1280 3 2048 3.1622776601683795e-05 32 0.0 2.2281426986058555 0.7168817509959774 0.8481109949522946 0.833718445391285 0.3765490839465992 0.6136359539226814
270 1280 4 5120 1e-06 16 0.2 14.242589437961579 -3.893484364032041 0.8320263939405587 0.812948498188 6.50836553653979 2.5511498459596194
294 160 2 4096 0.0001 1024 0.0 0.05294994513193766 0.7032046472282234 0.8423775504165101 0.8285013346238658 0.39473971953052145 0.6282831523529192
292 40 5 2048 3.1622776601683795e-05 256 0.3 0.04169538418451945 -5.317615608431284 0.7778233918998615 0.7663461300497582 8.402469210127592 2.8987012971549158
295 40 2 512 1e-05 128 0.3 0.04164440631866455 0.29137267919298204 0.556662911612869 0.5951750960118244 0.9424788739267183 0.9708135114051093
291 5120 1 4096 3.1622776601683795e-05 1024 0.1 0.9987014929453532 0.7181415652858681 0.8502220679597288 0.8336695292181177 0.3748735228746089 0.6122691588465068
297 40 1 8192 1e-06 16 0.1 0.18160933653513592 0.5253236369644774 0.7344725610797782 0.7589327310280208 0.6313226021314854 0.7945581175291618
279 5120 5 8192 0.0001 512 0.2 9.483378358681996 0.6504894746063369 0.8171077025182696 0.8043693681487479 0.4648512366463828 0.6817999975406152
277 10240 3 256 1e-06 64 0.1 9.931607739130657 -1.1383507043155787 0.8188808426837955 0.7927687889385617 2.8440201283356905 1.6864222864797804
267 2560 4 8192 3.1622776601683795e-05 64 0.0 16.266423368453978 0.726764799393409 0.8541433626308481 0.8381144869491127 0.36340456629807455 0.6028304623176193
299 2560 2 1024 1e-06 512 0.1 0.6069169998168945 0.6698211277092754 0.8186830945191834 0.8079580163826248 0.4391400142412827 0.6626764023573517
300 40 5 6144 0.0001 32 0.3 0.6962087591489156 0.6518456019901473 0.8143277220488652 0.7887063136587978 0.4630475785427985 0.680475994097366
298 160 5 4096 1e-05 16 0.2 1.6500059604644775 -3.882464559445249 0.8486259674747181 0.8260292431987584 6.4937091258809065 2.548275716220854
305 1280 2 2048 3.1622776601683795e-05 1024 0.1 0.27863938411076866 0.677289715772996 0.8439699341092657 0.8287155041537088 0.42920674429608563 0.6551387214140877
284 5120 3 512 1e-06 32 0.2 9.770064552625021 -3.4611094502499746 0.7933537934804448 0.767106929520745 5.9333041327663665 2.4358374602518875
306 1280 5 512 3.1622776601683788e-06 256 0.3 0.4972024957338969 -10.636062402195076 0.7567231452404435 0.7359285274782084 15.476037499192666 3.9339595192620713
293 640 3 4096 3.1622776601683788e-06 16 0.3 4.12805541753769 -2.7714515543954725 0.8245593866230321 0.8055449045182315 5.016054715485384 2.239655043859519
302 1280 3 256 0.0001 32 0.3 2.3747682174046836 -7.084611980906091 0.8337467179538847 0.8117351411752086 10.752585699379045 3.2791135539012743
312 1280 1 256 3.1622776601683795e-05 128 0.3 0.6021885593732198 0.6895874706295093 0.8338004221135789 0.8207072225377187 0.4128506515959144 0.6425345528420354
304 2560 5 6144 1e-05 512 0.1 3.37854905128479 -2.0705063913423793 0.8494831680408256 0.8351171242032933 4.083793160559295 2.0208397166918743
310 5120 1 1024 1e-06 512 0.3 1.10864870150884 0.6877664588842034 0.8296901690262146 0.8168321548121239 0.415272608876885 0.6444164871237273
309 2560 3 256 1e-05 128 0.2 1.367072828610738 -5.047829331661807 0.8338273019116009 0.8118398667577017 8.043651734615912 2.8361332364005594
314 1280 2 5120 1e-06 256 0.3 0.717964788277944 0.6578240659634296 0.8412066588111924 0.8257323548350135 0.4550961831789652 0.6746081701098536
316 640 4 1024 0.0001 512 0.1 0.19067319631576538 -1.499065145422557 0.8437923975064419 0.8234459753017046 3.3237726446180735 1.8231216757578397
313 640 2 5120 1e-05 512 0.0 0.26000128587086996 0.7248800944144081 0.8519029948324738 0.8373697594084206 0.36591123598767933 0.6049059728484083
317 1280 2 7168 3.1622776601683795e-05 256 0.0 1.0328143994013468 0.7155962412906777 0.8471175368763066 0.8320046468058342 0.37825882008560796 0.6150274953899281
285 2560 5 4096 0.0001 32 0.3 13.927186671892802 0.4985077554736105 0.8309358203311645 0.8075568305943994 0.666987896213122 0.8166932693570592
318 160 1 6144 1e-06 32 0.1 0.2956774870554606 0.6474140247007032 0.8053765030816487 0.7964165273198291 0.46894160471260227 0.6847931108828434
319 160 2 8192 3.1622776601683795e-05 128 0.3 0.3534081776936849 0.5745934629029383 0.8471079527654584 0.8306084900170543 0.5657934181647102 0.7521924076755296
321 160 5 256 3.1622776601683788e-06 32 0.3 0.36175721089045204 -7.303574516583671 0.6595201058879208 0.6294006033342058 11.043807273820352 3.3232224231640517
315 640 3 7168 3.1622776601683788e-06 32 0.3 4.514706540107727 -2.290342173614052 0.839285624518527 0.8169978873777305 4.376176158562035 2.091931203114011
301 10240 1 2048 3.1622776601683788e-06 64 0.1 8.50732570886612 0.7100680217004667 0.8459188647846205 0.8287963061518873 0.3856113875370971 0.6209761569795551
324 40 4 256 1e-06 512 0.2 0.03374721606572469 -28.9774343539425 0.1457845229358392 0.1707700098873032 39.87017963256045 6.314283778272912
322 40 2 1024 3.1622776601683788e-06 32 0.3 0.09131691853205363 0.4539221711776895 0.689784924360849 0.7185929600953073 0.7262870088026973 0.8522247407830268
327 160 5 1024 3.1622776601683795e-05 512 0.3 0.05843732754389445 -8.132953260538306 0.7956325706041321 0.7732259852203853 12.146886313689878 3.4852383438855195
326 640 1 8192 0.0001 512 0.0 0.2105398972829183 0.7016234635834458 0.842605460066624 0.8284739091281337 0.39684270390219956 0.6299545252652763
320 2560 4 512 1e-05 256 0.0 0.8765977064768473 0.6883409195249792 0.8326208005138455 0.8151983103936661 0.41450857254645257 0.6438234016766186
329 40 5 4096 3.1622776601683795e-05 16 0.2 0.4336977362632751 0.4255873300603188 0.8349020519071837 0.8144023074973779 0.7639725289132951 0.8740552207459751
307 10240 5 4096 1e-05 256 0.2 9.494882174332936 -3.2217016614331238 0.8516440178144893 0.8417240360648177 5.614890240741394 2.369575962222227
331 40 3 6144 1e-05 64 0.2 0.1313512404759725 0.37074828879757105 0.8463321119908571 0.8275318949568524 0.836908804920371 0.914827199486532
330 640 5 256 3.1622776601683788e-06 128 0.0 0.38975364367167153 0.6704314616500531 0.8207471248525497 0.8012350468434972 0.43832826619215537 0.6620636421010864
334 160 4 1024 3.1622776601683788e-06 1024 0.1 0.04701224168141683 0.041550347683392386 0.3812138122120389 0.4465424007185124 1.2747441744160661 1.129045691908023
335 160 2 2048 3.1622776601683795e-05 512 0.3 0.04995759725570679 0.6327125249733737 0.841482008434137 0.8248495413977992 0.488494693481841 0.6989239540048982
336 160 3 2048 1e-06 128 0.3 0.11740264495213827 0.1077180426669534 0.6699403662550072 0.7073683755846737 1.1867407164243355 1.0893762969811376
333 160 3 4096 3.1622776601683795e-05 64 0.1 0.30888074239095054 0.5671962487125797 0.8443089839991216 0.833475375876692 0.5756317604013378 0.7587040005175522
338 40 2 1024 3.1622776601683795e-05 1024 0.0 0.018032050132751463 0.35908025740163085 0.6067313765467308 0.6477783395549255 0.8524273613859382 0.923269928778111
337 160 5 7168 3.1622776601683788e-06 128 0.2 0.5574046452840169 -2.826203818613822 0.7978859615172358 0.7704071677027297 5.088875577467788 2.2558536250093417
342 160 3 512 3.1622776601683788e-06 512 0.2 0.04886593818664551 -0.12480054564311138 0.3031160750814889 0.3771461648888547 1.4959919276645806 1.2231074881892354
341 160 2 7168 1e-05 1024 0.2 0.09135450919469197 0.6863726382666157 0.8289934968643872 0.8214955212288884 0.4171263992227383 0.6458532335002576
332 40 3 256 3.1622776601683795e-05 512 0.1 0.02535844643910726 0.23348884027775108 0.5695958342428789 0.6124951443978125 1.0194647503070609 1.0096854709794831
303 2560 2 8192 0.0001 32 0.2 13.93528550863266 0.6703854102718542 0.8256350158637754 0.8087480107361651 0.43838951482002125 0.6621098963314332
340 1280 2 2048 3.1622776601683795e-05 256 0.3 0.4359861056009928 -0.6540122693693089 0.7897666734568594 0.7613653798719007 2.1998469086978556 1.4831880894538816
346 40 4 4096 0.0001 512 0.2 0.046545219421386716 -0.24005913988345706 0.8347229744770845 0.8216316902896873 1.6492865959908114 1.2842455357099014
348 40 4 2048 1e-06 16 0.3 0.1826300303141276 -0.5888048131100985 0.5976866640789875 0.6441959578993747 2.113120574357801 1.453657653767833
344 2560 1 1024 1e-05 128 0.3 1.1406915505727133 0.7131053506026472 0.8468432869024913 0.8292315015855065 0.3815717206495545 0.6177149185907319
345 5120 1 4096 3.1622776601683795e-05 256 0.0 1.517641051610311 0.7125361351759636 0.8465209349845679 0.8293005076715421 0.38232878081166 0.6183274058390587
353 40 4 2048 1e-06 64 0.3 0.061993797620137535 -0.3306789685359719 0.4108271647367877 0.49337467855686307 1.7698115483262487 1.3303426432037155
352 40 4 512 1e-05 16 0.2 0.1685036619504293 -1.0499948897137248 0.7940290203285811 0.7805618261197835 2.7265063291838354 1.651213592841288
323 5120 3 4096 0.0001 64 0.1 9.290457610289256 0.646636473203831 0.839340672332982 0.8306373531395788 0.46997575318200874 0.6855477760025254
343 2560 4 4096 1e-05 128 0.1 3.2495315710703534 -1.9325448720208915 0.847582406926319 0.8319367097243365 3.9003034565111134 1.974918594907424
354 1280 3 6144 0.0001 128 0.0 2.0125680645306905 0.7123370389925419 0.8462737057489529 0.8277472809401355 0.38259358001039917 0.6185414941702773
356 40 1 512 0.0001 256 0.1 0.03445733388264974 0.6776097160907402 0.8243495594839367 0.8158132829007874 0.4287811418245631 0.6548138222613837
347 10240 2 5120 3.1622776601683795e-05 256 0.1 5.72896058956782 -0.10048649523746778 0.8441297732219902 0.8243973893404746 1.463654084945207 1.209815723548511
359 40 2 2048 1e-05 32 0.1 0.07840084632237752 0.7018602864592851 0.8398878009916807 0.8271994714077775 0.39652772796098557 0.6297044766880616
325 10240 4 7168 3.1622776601683795e-05 1024 0.3 10.376118195056915 0.38760846225258483 0.8314547320874472 0.8332686156541633 0.8144846662715904 0.9024880421765102
362 2560 2 256 3.1622776601683795e-05 128 0.1 1.2574271996816 -0.2341650353136291 0.8382453242190306 0.8135028323342621 1.6414473991737155 1.2811898372894297
361 640 5 7168 3.1622776601683788e-06 1024 0.2 1.3808660189310709 -1.8196989841015365 0.7851545294739921 0.7600774505770312 3.750217703040062 1.9365478829711549
360 160 2 1024 3.1622776601683795e-05 256 0.3 0.06477056741714478 0.4195306424839107 0.8306082086761346 0.8099707676164455 0.7720279621701419 0.878651217588721
308 5120 4 2048 1e-06 16 0.2 20.70478913386663 -6.682222613101586 0.8470310010088818 0.832199131907289 10.217405263749532 3.196467622822032
364 40 1 7168 1e-05 1024 0.0 0.03500826756159465 -0.0738034777371186 0.3531765822700197 0.4261206540967935 1.4281655008216707 1.1950587855087593
238 10240 3 6144 3.1622776601683788e-06 32 0.0 57.76452546517054 0.731932319185717 0.8557837611120409 0.8422827568159077 0.3565317318873126 0.5971027816777549
363 5120 2 512 1e-06 1024 0.0 0.8456392168998719 0.5964798170961758 0.7734115070955727 0.7716468074822644 0.5366844269520764 0.732587487575427
366 1280 2 2048 3.1622776601683788e-06 1024 0.1 0.2677918314933777 0.6870542326339479 0.8290967977078036 0.8209608715110148 0.4162198743500217 0.6451510477012509
349 5120 3 256 1e-06 32 0.0 8.785987623532613 0.6199808615376985 0.8002005972745195 0.7802837374910163 0.5054278873705605 0.7109345169356743
287 5120 3 6144 1e-05 32 0.2 29.374751631418864 -4.7597619681966385 0.8403637086569048 0.8241153564535846 7.66052029674742 2.7677644944516904
357 10240 5 2048 1e-06 1024 0.2 2.7681153694788616 -4.883907378901439 0.7963057694433934 0.7762516735472456 7.825634487872566 2.797433553790432
370 640 4 1024 1e-06 512 0.1 0.18607675234476725 0.3918705654960217 0.6772598111614934 0.714299284937544 0.8088160416680977 0.8993420048391478
373 1280 1 2048 3.1622776601683788e-06 512 0.0 0.2709891676902771 0.6712362868283857 0.8199690198976275 0.8026414513309511 0.4372578435517766 0.6612547493604689
368 160 5 7168 1e-06 256 0.0 0.37005714972813925 0.7156035723004032 0.8467880709755935 0.8361005929863033 0.37824906979573353 0.6150195686282945
365 2560 5 512 0.0001 512 0.3 0.6633522470792135 -2.107048363845044 0.7547693558208726 0.7587253072854343 4.1323942179615845 2.0328291167635277
375 40 3 2048 3.1622776601683795e-05 32 0.0 0.08103592793146769 0.6937648404526783 0.8363876690818817 0.8185981134465814 0.4072947229839156 0.6381964611182952
371 5120 1 2048 0.0001 1024 0.3 0.8933889150619507 0.6997637882483496 0.8397365353986197 0.8201724622331685 0.3993160840051495 0.6319146176542757
358 10240 5 512 1e-06 128 0.2 6.319127170244853 -9.699486025347298 0.8404755600233398 0.8279391488235837 14.230384921202027 3.772318242301679
379 40 1 256 1e-05 256 0.3 0.02355880339940389 -0.5772102212283265 0.2383573102368374 0.3288460700954565 2.097699692916302 1.4483437758061108
376 40 4 512 0.0001 256 0.1 0.04734111626942952 0.10281017110832569 0.8230832293693633 0.8082226871613295 1.193268217021807 1.0923681691727414
378 640 3 2048 1e-05 128 0.1 0.40139607191085813 0.17805127754309924 0.8366682869288706 0.8176944728519899 1.0931970637040285 1.0455606456366022
380 40 3 256 0.0001 1024 0.3 0.029437180360158285 -0.21225732950714793 0.5761503114585727 0.6199924787068911 1.6123100101787555 1.2697676992972988
369 5120 3 256 1e-05 256 0.1 1.811415962378184 -1.2870895901494825 0.8334087899068032 0.8102357332929536 3.041843798851534 1.7440882428511275
377 2560 1 256 0.0001 512 0.0 0.5183372060457866 0.6858547421539734 0.8326177054818221 0.814697647647654 0.4178152043685775 0.6463862656094864
350 1280 3 6144 3.1622776601683795e-05 16 0.3 14.20522803068161 0.7190856834887368 0.8494514503138805 0.8364168340184075 0.37361783961972106 0.6112428646779617
374 5120 3 1024 0.0001 64 0.1 5.00474394162496 -1.0726279689427933 0.8447046500639279 0.8244369425083786 2.756608469475313 1.6603037280796886
384 5120 3 6144 3.1622776601683795e-05 1024 0.1 2.934193519751231 0.36647151443918347 0.8452542598456162 0.8295388588212782 0.8425969422006856 0.9179307937969429
372 640 5 6144 1e-05 32 0.0 6.040685820579529 0.7251778056789471 0.8529859249966812 0.8383532067211031 0.36551527809963397 0.604578595469302
328 10240 5 1024 0.0001 32 0.1 22.739945220947266 0.4427028734315771 0.8235565163706535 0.8012754109803609 0.7412087466408073 0.8609348097508935
391 160 3 1024 0.0001 128 0.1 0.10908631086349488 -0.015546515889691914 0.8453573013354285 0.8238034283018578 1.3506833685524475 1.1621890416590785
389 160 4 6144 3.1622776601683788e-06 256 0.1 0.22694427569707235 0.5103593291838588 0.8429095123603849 0.8265517283822347 0.6512252272943263 0.8069852708038272
296 5120 3 7168 1e-06 32 0.1 36.03840064605077 -0.16898949501942528 0.8381302770631234 0.8200394264615329 1.5547635132714739 1.246901565189279
393 40 1 4096 1e-05 16 0.3 0.13900377750396728 0.6983480590082962 0.8370717164149024 0.8170475039331814 0.40119901295916033 0.6334027257276056
385 5120 1 7168 3.1622776601683795e-05 128 0.3 2.911593548456828 0.6969888955742695 0.8384041448104993 0.8204436207635518 0.40300670902897184 0.6348280940766341
394 160 1 512 0.0001 512 0.0 0.053498490651448564 0.702546174201793 0.8390245750611234 0.8264203514107438 0.39561549287179554 0.6289797237366206
395 640 1 6144 3.1622776601683795e-05 512 0.1 0.19583709637324015 0.7120814877894606 0.8458875507111392 0.8274385966642479 0.38293346474676004 0.6188161800945092
392 640 4 1024 1e-06 32 0.2 1.3256876667340596 -1.4812287866443166 0.8122835217081117 0.789020084921797 3.300050173239007 1.816604022135536
398 160 5 256 0.0001 256 0.2 0.08145272334416707 -11.107984262235572 0.8214935637649152 0.7997475454600614 16.103696594704022 4.012941140199295
386 640 5 512 3.1622776601683788e-06 16 0.2 2.6679768284161884 -9.586419240797696 0.8290864633222923 0.8176958736165569 14.080005373798372 3.7523333239197143
209 2560 5 8192 1e-06 16 0.2 79.38319743871689 -7.922304744881087 0.8510441250686456 0.8379211968824516 11.866722439109298 3.4448109438849177
397 640 1 7168 1e-05 32 0.2 1.2582465926806132 0.7192390183695171 0.8496563475371066 0.8316406323295517 0.3734139032464989 0.6110760208406961
396 5120 4 256 0.0001 512 0.0 1.196840794881185 0.7077070764614937 0.8435022498557638 0.8223791824972878 0.38875145982177256 0.623499366336304
388 10240 2 5120 0.0001 256 0.0 5.546229938666026 0.7063533345820614 0.8426636627665225 0.8246551300207953 0.39055194518925984 0.6249415534186056
401 160 4 256 1e-05 1024 0.2 0.049482234319051105 -0.2710796447495294 0.3456253386692333 0.4064089107993964 1.6905440660831565 1.300209239346943
400 2560 2 6144 1e-05 128 0.3 2.738604021072388 -0.5385765252849006 0.8031222508676188 0.7789211253273928 2.046316629944753 1.430495239399542
390 2560 1 4096 0.0001 16 0.3 7.047930709520975 0.657321471980693 0.8184574403511191 0.8015573332805744 0.45576463639405207 0.6751034264422393
399 2560 4 8192 3.1622776601683795e-05 512 0.2 4.376410293579101 -2.2519184460365533 0.8432938512548331 0.8258340208527944 4.32507235486157 2.0796808300461804
402 1280 2 6144 3.1622776601683788e-06 64 0.3 2.511378598213196 0.2157531826286203 0.8444018041924506 0.8235891113231129 1.0430532885396344 1.0212998034561813
409 160 4 4096 3.1622776601683795e-05 64 0.1 0.3999594569206238 0.10949058281146062 0.8417950619278282 0.8261499301248696 1.1843832266827847 1.0882937226148026
406 2560 2 4096 3.1622776601683788e-06 512 0.3 0.8391678969065348 0.4151398816635228 0.845096207409096 0.8274610457595447 0.7778677021747581 0.8819680845556477
405 10240 1 1024 3.1622776601683795e-05 512 0.2 2.1561532219251 0.7019701236764031 0.8421354087271398 0.8230995441069602 0.3963816437589445 0.6295884717487642
411 640 2 512 3.1622776601683795e-05 512 0.3 0.1636924147605896 0.31517726747454367 0.8215774817712235 0.7990302065528758 0.9108186190943969 0.9543681779556551
407 640 3 256 1e-06 32 0.2 1.1912535349527995 0.19057293338891546 0.7883956683179514 0.7778963923222102 1.076543181254474 1.0375659888674424
387 5120 3 512 3.1622776601683788e-06 32 0.2 9.461566988627116 -4.7907146453105875 0.8386182841866947 0.8229287982786927 7.701687555495149 2.775191444836761
403 1280 5 256 0.0001 16 0.3 4.892953475316365 -2.057583638518919 0.7126780406065201 0.7295129520370778 4.066605816561299 2.0165827075925495
415 640 2 512 3.1622776601683788e-06 32 0.1 1.098441723982493 0.7076128504360444 0.8426906418563935 0.8272472079897306 0.38887678103893775 0.6235998565097155
413 160 4 4096 1e-06 16 0.0 1.2903311689694723 0.7250981082305582 0.8516205257644356 0.8391629592274827 0.36562127621628415 0.6046662519243853
418 640 2 256 3.1622776601683795e-05 256 0.2 0.22390540838241577 -0.12346795667941945 0.7846716565753833 0.7552399470072583 1.4942195758104673 1.2223827452195435
404 2560 1 1024 1e-06 32 0.0 4.3791169881820675 0.7044748287051441 0.8410809455804364 0.8238529711328578 0.3930503700334016 0.6269372935417079
419 1280 4 256 1e-05 256 0.0 0.455825936794281 0.6508722280336369 0.8145128627647087 0.7962808374679611 0.46434217213735074 0.6814265713467231
422 40 5 7168 1e-05 256 0.0 0.10505177577336629 0.7265652729953307 0.8524022741085047 0.8411574267974822 0.36366993768506156 0.6030505266435487
351 5120 2 8192 0.0001 32 0.1 27.844808673858644 0.7082728103800165 0.8445564389381996 0.8288843700084786 0.38799903008781267 0.6228956815453232
408 5120 3 4096 3.1622776601683788e-06 128 0.2 5.045296426614126 -3.7089773273207562 0.8326730246521499 0.8179779065034467 6.262969996337969 2.5025926548957123
414 5120 2 4096 3.1622776601683788e-06 128 0.0 3.6480329871177672 0.7218322926006608 0.8499139529564295 0.8364260127125437 0.36996483191466256 0.6082473443547967
367 10240 4 2048 1e-05 32 0.3 21.56722599665324 -0.5631745434962849 0.8353842083401807 0.8347321197288337 2.0790321516639727 1.441884930105025
423 160 1 512 0.0001 512 0.2 0.05393142700195312 0.6922423705936429 0.8330988639464019 0.8190298806932342 0.40931961764461944 0.6397809137858205
424 40 2 8192 3.1622776601683788e-06 1024 0.3 0.054095888137817384 0.0513427247996352 0.3496960228950496 0.4152599366135407 1.2617202501520797 1.1232632149910722
429 160 3 2048 1e-06 16 0.0 0.5299266457557679 0.6977660532496347 0.8354421995416694 0.822656275845968 0.40197308434469126 0.6340134733147957
410 10240 4 5120 1e-05 1024 0.0 5.772740769386291 0.7305863171785381 0.855435820568831 0.8423866345672154 0.3583219231751456 0.5985999692408492
420 1280 4 2048 3.1622776601683788e-06 32 0.1 2.729021656513214 -1.735626118569257 0.8380791228116378 0.8217275320758477 3.638400253573935 1.9074591092796551
421 10240 1 6144 3.1622776601683795e-05 128 0.3 5.3827040513356526 0.6913407498049441 0.8353009726953562 0.8170043014049583 0.41051877906655576 0.6407173940721103
382 5120 2 4096 3.1622776601683795e-05 16 0.0 22.834373680750527 0.7197546805082399 0.8494173329118901 0.8334556545860782 0.3727280693002766 0.6105145938470894
339 5120 4 6144 1e-06 32 0.0 39.3759103178978 0.7339646771717077 0.8568591424361323 0.8441639467671104 0.3538286827530074 0.5948350046466729
434 160 3 512 3.1622776601683788e-06 128 0.0 0.09314688046773274 0.5892001824228452 0.7682220470506202 0.7713995130292749 0.5463663876782096 0.7391660081999236
433 160 1 7168 3.1622776601683795e-05 128 0.3 0.11047411759694417 0.7098206842949442 0.8445608818285553 0.8310483669533054 0.38594034787011305 0.6212409740753688
432 40 1 1024 1e-06 16 0.2 0.1266627311706543 0.20159459507125876 0.5041176282083579 0.5486614921124573 1.0618843006466163 1.030477705070137
417 10240 2 7168 1e-05 256 0.1 8.43559807141622 0.4546247158825616 0.8335422878611403 0.8147752794944438 0.7253526198469102 0.8516763586286227
430 2560 1 7168 1e-06 32 0.0 4.8978856086730955 0.7093500154616093 0.8436695792538705 0.8274213820049644 0.386566340432083 0.6217445942121917
436 640 1 512 1e-06 64 0.2 0.5174132267634074 0.6153293119098584 0.7861985650416623 0.7902881823393763 0.5116144781588868 0.7152723104936237
441 40 5 6144 3.1622776601683788e-06 256 0.3 0.08326283295949301 -1.7062723156120096 0.6232837848220206 0.6536278955243278 3.5993595076920144 1.8971978040499664
438 40 5 8192 3.1622776601683788e-06 1024 0.0 0.09704932371775309 0.30618689201180793 0.5656694947799485 0.6115201753969824 0.9227758760241014 0.9606122402010613
439 40 2 2048 3.1622776601683795e-05 16 0.1 0.1431397755940755 0.6845726947115899 0.8351504124192742 0.8183910214640238 0.4195203356757393 0.6477038950598795
435 5120 1 4096 3.1622776601683788e-06 512 0.1 1.306441879272461 0.7102676708842001 0.8447463699433044 0.8271730780543579 0.38534585284440265 0.6207623159023127
425 2560 1 1024 3.1622776601683795e-05 16 0.1 7.175333007176717 0.69578356041705 0.8378062370250204 0.8195334186928311 0.4046098125056861 0.636089468947322
440 1280 5 6144 0.0001 1024 0.2 1.376139501730601 0.5740323277778518 0.8346597196989227 0.8213887313617704 0.5665397314739542 0.7526883362149
443 640 5 4096 1e-06 256 0.1 0.6198665380477906 -0.029961603091582356 0.8268273022080959 0.8086293512324533 1.3698555268289883 1.1704082735648225
446 160 4 5120 1e-06 128 0.0 0.2812786936759949 0.7023760626019692 0.8381311603149625 0.828198437717373 0.39584174238876485 0.6291595524100105
447 40 2 1024 1e-05 1024 0.3 0.018824021021525066 -0.843990914084269 0.16483637132974988 0.21093125706218022 2.452519722578596 1.5660522732586535
448 640 2 256 1e-06 128 0.2 0.33931670188903806 0.41650304054860776 0.6571139068289216 0.6946201647096668 0.7760546921294569 0.8809396642957206
437 1280 3 512 1e-05 128 0.3 0.7143290837605795 -6.801699699861632 0.7775846688198262 0.7556174161958287 10.376310554137453 3.22122811271376
431 10240 5 4096 3.1622776601683788e-06 512 0.2 6.61527986129125 -8.758636506436996 0.848957537494608 0.8348150965983133 12.979049036907833 3.602644728100154
450 160 2 512 1e-05 32 0.0 0.26642756462097167 0.6949086010903129 0.8354749401575136 0.821551736122694 0.4057735140125033 0.6370035431710748
412 10240 5 5120 1e-05 256 0.0 12.685600304603577 0.7332102138955554 0.8568421281166387 0.8430729354805752 0.3548321237410253 0.5956778691046237
454 160 1 1024 3.1622776601683788e-06 64 0.2 0.1412433385848999 0.6465703189027634 0.8068331739136141 0.8026154634620116 0.4700637388260064 0.6856119447807238
444 1280 1 256 1e-05 16 0.2 3.5429267565409344 0.6877798285374443 0.8331965960746182 0.8195538403657283 0.41525482715247036 0.6444026902120058
383 10240 2 8192 3.1622776601683795e-05 64 0.2 29.372773194313048 0.694396976809178 0.8378922012303371 0.8197963200847143 0.4064539775822799 0.6375374322989042
442 5120 4 4096 3.1622776601683795e-05 256 0.1 3.948524769147237 -2.3598761875313263 0.8472100196242998 0.828909030837302 4.46865684228973 2.11391978142259
457 640 1 6144 3.1622776601683788e-06 128 0.3 0.34596297740936277 0.7114988213883502 0.8442553429433193 0.8256756238700517 0.38370841479097817 0.6194420189097428
453 5120 2 512 0.0001 128 0.2 2.5191737453142804 -2.7134739519930466 0.8345215008995042 0.8130197160075624 4.938944133066716 2.222373535899561
456 2560 4 2048 0.0001 1024 0.1 0.6476177215576172 -0.4211116250807818 0.8432091136885057 0.8254976530455967 1.8900875605599983 1.374804553585708
445 1280 5 5120 0.0001 64 0.2 4.9890779733657835 0.6504244785675609 0.8118746557203554 0.7979322983056205 0.4649376817941164 0.6818633893927114
451 10240 1 5120 1e-06 256 0.3 3.4876136740048724 0.7234761992774268 0.8515732041459946 0.8362004896172629 0.3677784255088319 0.6064473806595523
460 160 3 256 1e-05 128 0.3 0.09771806001663208 -0.47735754609496284 0.7663658848615154 0.749982633374676 1.964894995644558 1.4017471225740248
464 40 1 1024 3.1622776601683788e-06 512 0.3 0.019594860076904298 -4.665681963373599 0.12297386482793761 0.15750159928679772 7.535393287950103 2.7450670825956336
463 40 5 512 3.1622776601683795e-05 1024 0.0 0.025352001190185547 0.26031960069107596 0.5362354874817488 0.5816782870624534 0.9837796671632871 0.9918566767246603
462 160 1 4096 0.0001 16 0.3 0.46384689410527546 0.6950889737262116 0.8364251066224925 0.8192166615895707 0.4055336172518542 0.6368152143690148
416 1280 4 6144 0.0001 16 0.1 19.138927630583446 0.6792445452533993 0.8287946703569227 0.816893530417492 0.4266068085706169 0.65315144382495
461 5120 1 6144 1e-06 512 0.0 1.2808192809422811 0.6958817331384091 0.835042794055747 0.8151495416694006 0.4044792421576908 0.6359868254592156
459 1280 4 8192 3.1622776601683795e-05 1024 0.3 2.377130417029063 -0.11424501894647743 0.8276547188660652 0.8122941568241023 1.481953009572321 1.217354923418935
470 160 3 4096 1e-05 64 0.0 0.29556286334991455 0.7235461911805443 0.850641134416436 0.8378856093913166 0.36768533582953616 0.6063706257970748
471 40 2 512 3.1622776601683795e-05 1024 0.3 0.021568910280863444 -0.19213245784482424 0.2572745515690246 0.34066642189375373 1.5855438020107928 1.2591837840485371
465 2560 3 8192 1e-06 1024 0.0 2.373655060927073 0.7212021237135533 0.8493685750505447 0.8321256286297489 0.3708029605694092 0.6089359248471133
467 640 5 7168 1e-05 1024 0.0 1.3770034273465475 0.7251159308277579 0.8517495063825163 0.8369295138499151 0.36559757204789267 0.6046466505719623
458 1280 3 5120 3.1622776601683795e-05 32 0.3 5.818323969841003 0.3344429390522755 0.8315281110691629 0.8265751358953931 0.8851951525402932 0.940848102798902
466 640 3 1024 3.1622776601683795e-05 16 0.0 2.094318989912669 0.7102266911667714 0.8462695758551314 0.8299346485358954 0.38540035613097096 0.6208062146362349
311 2560 4 8192 3.1622776601683788e-06 16 0.3 62.512437272071836 -10.442489894651334 0.8360632206022953 0.820385636482925 15.218584824738583 3.9011004632973223
452 640 4 8192 0.0001 32 0.1 8.382325013478598 0.7105023703012053 0.8436998372453135 0.8325775595137209 0.3850337011170342 0.6205108388392859
428 10240 5 8192 1e-06 512 0.2 19.374407585461935 -7.890158769972345 0.8297962848560594 0.8136611924547794 11.823968086653956 3.43859972760046
469 1280 3 5120 1e-05 64 0.1 3.0354777455329893 -0.12562787875625836 0.8450836575488069 0.828286796471768 1.497092286002378 1.2235572262883245
475 640 2 2048 0.0001 256 0.2 0.22147143284479778 -0.18593537476382593 0.813399567823311 0.7875844855517896 1.5773016418339059 1.2559067010864724
476 640 3 5120 3.1622776601683788e-06 512 0.1 0.36396243969599407 0.6561761395085097 0.8447747359403048 0.827834128343287 0.45728793591547856 0.6762306824712101
474 1280 1 512 3.1622776601683788e-06 256 0.2 0.3814297119776408 0.685991274369663 0.8286347558888383 0.8207789564284372 0.4176336156475114 0.6462457857870421
473 10240 5 2048 3.1622776601683788e-06 1024 0.3 2.717102297147115 -13.353698788583413 0.8266704679563669 0.8130490583390176 19.090511293779937 4.36926896560282
472 5120 4 6144 0.0001 1024 0.2 3.8052499651908875 0.7221425202769347 0.852247653255997 0.8443173304871925 0.36955222711886876 0.6079080745629792
480 160 3 256 3.1622776601683795e-05 128 0.0 0.09252073764801025 0.6587964540523509 0.8178242827582114 0.7994195822402653 0.4538029007946187 0.6736489447736251
483 640 3 5120 1e-06 256 0.2 0.5160340905189514 0.43043324353961354 0.8269897798893072 0.8097260024394818 0.7575274329580466 0.8703605189563958
381 5120 4 6144 1e-06 32 0.3 39.37888836860657 -10.513174085687353 0.850145688096243 0.8359630231609376 15.31259525139865 3.913131131382981
481 160 3 8192 1e-06 512 0.0 0.34985349973042806 0.596589284651445 0.7760984689958628 0.7844280469112712 0.536538834402661 0.7324881121237812
449 10240 3 5120 3.1622776601683795e-05 128 0.0 12.827686456839244 0.718127052172209 0.8494259990781834 0.8322946419334204 0.3748928254087012 0.6122849217551427
485 640 3 512 1e-05 32 0.3 1.2018221298853555 -6.763010775062724 0.7701181424276669 0.7459460952788272 10.32485403643449 3.213231089796451
489 160 1 1024 1e-05 256 0.2 0.06494102080663046 0.6478993112593727 0.8065817781418106 0.7995236811649258 0.4682961704823416 0.6843216864036544
486 10240 1 256 1e-05 1024 0.2 1.6944049994150798 0.6969031944921978 0.8369407145570192 0.8218088501451822 0.40312069201686057 0.6349178624175418
478 40 3 7168 0.0001 16 0.0 0.5668690204620361 0.6912548197220381 0.8378772852502503 0.8197683785178259 0.4106330666270205 0.6408065750497731
490 40 3 2048 3.1622776601683795e-05 32 0.1 0.09283771912256876 0.5340258584710839 0.8281006845406719 0.8137612733968663 0.6197485918084472 0.7872411268527878
493 640 3 256 1e-06 1024 0.3 0.12862637837727864 -4.262165029363575 0.1329870226501892 0.16624797324289983 6.998713182047584 2.6455081141526637
488 1280 4 2048 3.1622776601683795e-05 128 0.2 0.9726625919342041 -7.320701504886445 0.8364944976470391 0.8179833252505875 11.066586277925035 3.3266479041108385
468 10240 1 512 1e-06 64 0.2 8.100959245363871 0.7101411342458912 0.844548432075843 0.8286698318563808 0.38551414738355194 0.6208978558374574
426 1280 5 6144 1e-06 16 0.1 24.378386199474335 -2.300672185096034 0.8508696887587128 0.8353676613577539 4.389915139974861 2.095212433137714
482 5120 1 4096 0.0001 64 0.2 4.271581069628398 0.673757436280044 0.8291432129032963 0.8125379267209788 0.43390469863846187 0.6587144287462222
499 40 4 256 3.1622776601683788e-06 256 0.3 0.029437935352325438 -5.422840939049719 0.132649777933508 0.16147954948361318 8.54241957359493 2.9227417904417985
498 2560 3 512 3.1622776601683788e-06 1024 0.1 0.4819542368253072 0.6154608358376201 0.8130870386850111 0.8065773785907578 0.5114395504928323 0.7151500195713011
491 10240 1 7168 3.1622776601683788e-06 1024 0.1 2.528487837314606 0.7194740802260136 0.8494778980737903 0.8340208999510721 0.37310126947228656 0.6108201613177864
477 2560 1 1024 3.1622776601683795e-05 16 0.3 7.042531315485636 0.6994903184330317 0.841437195927582 0.8213305996322415 0.3996798006105159 0.6322023415098333
496 640 1 2048 0.0001 16 0.2 1.8834184328715007 0.7025188064544309 0.8414115631518377 0.8234888092076735 0.3956518921510194 0.6290086582480557
495 640 4 7168 0.0001 64 0.0 3.373922129472097 0.7121169627535683 0.8455044557053516 0.8281924291746254 0.38288628281735504 0.6187780561860247
479 2560 4 8192 1e-06 128 0.3 9.377666509151458 -7.369794116952754 0.8157128341406905 0.7966645732348574 11.13187976630717 3.3364471772091897
484 10240 4 512 1e-06 64 0.3 10.877417167027792 -9.581444271419421 0.8051120245275603 0.7937464857440749 14.073388632671152 3.7514515367616244
455 10240 4 1024 3.1622776601683795e-05 32 0.2 20.81874233086904 -1.3830631073981023 0.8173452708764806 0.8087420021934174 3.1694891912987986 1.7803059263224392
487 5120 2 8192 1e-05 64 0.1 14.97072407801946 0.45909161261217235 0.835591300587943 0.8153935327396299 0.7194116185955387 0.8481813594954435
427 5120 5 8192 3.1622776601683795e-05 64 0.2 42.37620338996251 0.6610669124882218 0.8189862030016255 0.7990756945390766 0.45078317653744493 0.6714038848096167
492 1280 5 7168 1e-05 16 0.1 31.688055113951364 0.7198013143167232 0.850910749576677 0.8429285092812766 0.3726660460364031 0.6104637958441131
355 10240 4 4096 3.1622776601683788e-06 16 0.2 86.1117800116539 -3.055814668325512 0.8466760953934563 0.8361216413170331 5.394259477754303 2.3225545155613254
494 2560 5 5120 0.0001 16 0.3 36.310977411270144 0.09188132701023133 0.8234200380216978 0.7964565228344382 1.207803649648314 1.0990012054808285
260 10240 3 7168 1e-06 16 0.1 142.42208915551504 -1.0797001394093964 0.8492215777955268 0.8353841756347539 2.7660145014781303 1.6631339397288873
497 5120 3 6144 0.0001 16 0.0 54.83792779843012 0.6992788769068485 0.8388210156871952 0.8285367744931362 0.39996101919417354 0.6324247142499837
