2 5120 5 256 3.1622776601683788e-06 128 0.3 3.1631155888239544 -9.225681190849343 0.4905526907684259 0.4431528453642713 13.600221457605798 3.687847808357308
0 10240 4 256 1e-06 16 0.3 36.38575469255447 -5.021111979392152 0.6217039090223466 0.5841684778402549 8.008117485029357 2.8298617430944146
5 1280 2 7168 3.1622776601683788e-06 1024 0.2 0.6923602938652038 0.7054573833006501 0.8495535124206898 0.8342348114453371 0.39174356613020267 0.6258942132103497
7 160 2 4096 3.1622776601683788e-06 16 0.0 0.719976802666982 0.7219206187634315 0.8500441976470774 0.8381472943297601 0.3698473575526361 0.6081507687676109
4 640 5 4096 3.1622776601683795e-05 32 0.1 3.4774497071901957 0.6902477889654008 0.8410349866376007 0.835761460512197 0.4119724239812417 0.6418507801516188
6 640 2 6144 1e-05 32 0.3 2.369271508852641 0.3390444066602143 0.8361298058538179 0.8143986212748333 0.8790751711591048 0.937590086956504
8 2560 1 512 1e-05 512 0.2 0.5449282010396321 0.7135927079252824 0.8462543076644702 0.8317311290930224 0.3809235322899609 0.6171900293183299
11 160 2 8192 1e-06 512 0.1 0.18426040410995484 0.4669298767113754 0.684608521405363 0.7201370081325779 0.7089866771561598 0.8420134661370683
12 160 2 7168 3.1622776601683788e-06 256 0.2 0.15076271692911783 0.7125002854706572 0.8444088684497892 0.8349135187402551 0.38237646114925866 0.618365960535716
9 1280 2 2048 0.0001 32 0.0 2.056766152381897 0.7124657710793796 0.8463972238010229 0.8271463160786838 0.38242236551064934 0.618403076892935
13 40 3 2048 1e-05 16 0.0 0.14742727279663087 0.7069512621882125 0.8436393609521684 0.8285389709560462 0.38975669764462223 0.6243049716641877
10 10240 1 1024 0.0001 256 0.0 2.972068778673808 0.7045561880153904 0.8427098490396941 0.8248446018595896 0.39294216162984025 0.6268509883774933
3 2560 3 1024 3.1622776601683788e-06 16 0.0 8.276779226462047 0.7172500213225718 0.8472089129590898 0.8310938918017317 0.37605928205423916 0.6132367259502965
15 160 2 512 3.1622776601683788e-06 1024 0.2 0.04328107833862305 -2.313005808951158 0.11033060942233666 0.15185935647330576 4.406318938672849 2.099123373857013
17 40 4 256 0.0001 32 0.1 0.09514316320419311 -1.7657781912771036 0.815195379537297 0.7924090504804311 3.6785027033353757 1.9179423096994799
18 640 1 256 1e-06 128 0.0 0.2898822824160258 0.4585042104640744 0.6820107408975641 0.7129988224860228 0.7201928672135726 0.8486417779096034
21 1280 4 512 0.0001 512 0.1 0.32241350412368774 -2.5106849714180615 0.8431618840106838 0.8241035605414418 4.66923349046914 2.1608409220646347
20 160 3 8192 1e-06 64 0.1 0.7428458968798319 0.7046820284660877 0.8476607348065817 0.8300818025398771 0.39277479302467183 0.6267174746444141
14 640 4 512 3.1622776601683788e-06 16 0.1 2.4844886302947997 -1.4537479321947533 0.8134732697283953 0.7885896815774857 3.263500460864564 1.8065161114323238
19 5120 5 512 3.1622776601683788e-06 1024 0.1 1.0994008938471476 -1.6487063298437303 0.7971275317228411 0.7764602031565956 3.522796378032292 1.876911393228858
16 1280 5 1024 1e-06 32 0.2 2.830397303899129 -8.01938210006391 0.8167090793147687 0.799774934093568 11.99583594307679 3.46350053314227
24 2560 4 5120 3.1622776601683788e-06 1024 0.2 1.5115872899691263 -1.5753597925727094 0.8264262627430542 0.8041473838271102 3.4252450138329973 1.8507417469309426
25 1280 3 4096 3.1622776601683788e-06 128 0.1 1.2973332802454631 0.42810874687859646 0.8452026505293267 0.8304401770956664 0.7606190284006648 0.8721347535792073
26 40 1 4096 3.1622776601683795e-05 32 0.3 0.08356926043828329 0.6882662257991026 0.8340164668719086 0.8144848420201524 0.41460791568012323 0.6439005479731503
27 160 4 8192 1e-05 1024 0.1 0.19970695972442626 0.5651788784938507 0.834859418288822 0.8183813635609569 0.5783148757092204 0.76047016753402
30 160 4 5120 3.1622776601683788e-06 512 0.1 0.13530092239379882 0.6074361600058016 0.8272326961989247 0.818508980585452 0.522112420730161 0.7225734708181314
29 2560 3 1024 1e-05 512 0.2 0.6310271819432577 -1.8144366047601777 0.8091501683085002 0.7818508981436416 3.7432187048216883 1.9347399579327678
31 640 2 4096 0.0001 512 0.1 0.23060109615325927 0.6949663225909738 0.837510167373682 0.8225493385299482 0.4056967440470406 0.6369432816562559
32 160 2 1024 3.1622776601683788e-06 512 0.2 0.058916159470876056 0.20651131103117892 0.4950129436489585 0.5422884556794918 1.0553450369387962 1.0272998768318802
33 160 2 8192 3.1622776601683795e-05 512 0.1 0.17727567354838053 0.7148063142157087 0.8462050418984822 0.8342331157829666 0.37930942815312235 0.6158810178541975
28 2560 3 4096 1e-06 128 0.0 3.3718602816263834 0.7286332492700538 0.8538647956670726 0.8423048372889501 0.36091951599868277 0.6007657746565485
22 2560 1 1024 3.1622776601683788e-06 16 0.1 7.10837973356247 0.7165225944440609 0.8490904902226235 0.8318127051979352 0.37702676446028327 0.614025051981011
36 640 4 256 3.1622776601683788e-06 128 0.3 0.40250067710876464 -5.097500511346143 0.713125093963774 0.6721685014456897 8.109714721634521 2.847756085347641
35 40 5 5120 3.1622776601683795e-05 256 0.2 0.07569210529327393 -1.7712168109798787 0.8251300738255476 0.8069819783772567 3.6857361023628785 1.9198271022055289
23 10240 4 512 1e-06 64 0.0 9.871367434660593 0.6609716328083097 0.8195450335920196 0.803288199076407 0.45090989912179213 0.6714982495299539
39 160 2 4096 1e-06 128 0.2 0.13923317988713582 0.6203735229187285 0.788765501573961 0.7967892781435424 0.5049056452196283 0.7105671292845092
40 160 5 8192 3.1622776601683788e-06 1024 0.2 0.2547560930252075 -0.23417426170357336 0.7323797460914335 0.7320443916451537 1.6414596703314166 1.2811946262498202
34 10240 3 5120 1e-06 1024 0.3 4.695025642712911 -2.0584555818181673 0.8086438097076418 0.7830954037369352 4.067765506732245 2.016870225555488
37 640 4 2048 1e-05 16 0.0 2.455228785673777 0.7209616833918518 0.8501242671101622 0.8371672752040439 0.37112274773678194 0.6091984469257796
41 5120 1 5120 1e-06 1024 0.3 1.0892247796058654 0.6863852905778907 0.8286000091327125 0.8177023245060101 0.41710957156773143 0.6458402059083435
43 5120 1 256 0.0001 512 0.2 1.0355012973149618 0.6819957828978043 0.8317962168594077 0.8156472185751514 0.42294764488772296 0.6503442510607155
38 5120 4 6144 3.1622776601683788e-06 1024 0.2 4.380023125807444 -2.4054491320798386 0.835852882023087 0.8128256363905874 4.529269150337197 2.128207966890735
42 5120 1 5120 3.1622776601683795e-05 256 0.1 1.677625290552775 0.7014136245192867 0.8420650213704244 0.8246105267280052 0.39712179120110497 0.6301760001786049
44 5120 1 2048 0.0001 256 0.3 1.5047945340474447 0.6981808135835577 0.8390219207898473 0.8203337713317218 0.40142145044491445 0.6335782906988799
45 160 4 1024 0.0001 16 0.1 0.6451944549878438 0.27791814093424383 0.8562773788991351 0.8401025773541099 0.9603734959585901 0.9799864774365972
49 40 4 1024 3.1622776601683795e-05 512 0.0 0.025320279598236083 0.6358887833408959 0.8063615534506301 0.8085195386628488 0.4842702495158457 0.6958952863152945
46 160 4 2048 1e-05 128 0.2 0.1271749218304952 -1.7843283197510802 0.8176152150522611 0.8013509416803005 3.703174492979951 1.9243633994076978
51 40 5 2048 0.0001 256 0.1 0.03995254437128703 0.2826599284120137 0.8419165017416517 0.8285318934087608 0.9540668882520754 0.9767634761046685
48 640 1 8192 0.0001 16 0.3 2.641220474243164 0.6796156097693539 0.8306512482099899 0.8162900589247101 0.42611329038851703 0.6527735368322747
53 640 1 7168 0.0001 128 0.3 0.3779511491457621 0.7031734451616428 0.841634951352163 0.8221936549166166 0.39478121847885667 0.628316177158329
54 40 3 4096 3.1622776601683795e-05 256 0.0 0.046265395482381184 0.7241515240058788 0.8535126763090798 0.8438214229682631 0.3668802392959699 0.6057063969415957
50 640 2 5120 3.1622776601683795e-05 16 0.1 3.765182606379191 0.7108298292389401 0.8454209969592932 0.8304759334543492 0.38459817863316775 0.6201598008845525
52 10240 3 4096 0.0001 512 0.1 4.453960072994232 0.6999009809335675 0.8420941086636169 0.8363442154342782 0.399133616855382 0.63177022472999
55 5120 1 2048 1e-05 512 0.0 1.0720598459243775 0.7001445169291862 0.8402738913724408 0.8227522282188047 0.39880971242187796 0.6315138259942358
56 2560 2 8192 3.1622776601683788e-06 512 0.3 1.7750631769498189 0.35457340511581736 0.8425987234454523 0.8215002027315202 0.85842150378289 0.9265103905423241
57 160 1 6144 1e-06 256 0.1 0.07812812725702921 0.1800376466702578 0.5060886179249762 0.5456828768474918 1.0905551800464308 1.0442965000642446
58 160 1 512 0.0001 1024 0.1 0.050333789984385174 0.6753932012247661 0.8230369702411569 0.8139201127263145 0.43172912078838027 0.6570609718955922
60 160 1 7168 1e-06 64 0.2 0.18730165561040243 0.620008051610122 0.7890184779790648 0.7944429606316579 0.5053917244001427 0.7109090830761291
59 1280 5 7168 1e-06 128 0.0 4.379029087225596 0.733557991366274 0.856658619404278 0.8430295855034503 0.3543695774781932 0.5952894904818942
61 40 2 1024 3.1622776601683795e-05 256 0.1 0.035761042435963945 0.6580275542109193 0.8172929995058341 0.807722577348699 0.45482554250689355 0.6744075492659417
62 1280 2 2048 1e-05 256 0.0 0.417907190322876 0.716121753191066 0.8474086682279115 0.8354694379622113 0.3775598858933035 0.6144590188884068
63 40 2 5120 0.0001 128 0.0 0.09909549554189047 0.7072922092943874 0.8431152673178517 0.8292303219942923 0.38930323581036735 0.6239416926367137
64 40 1 4096 0.0001 16 0.3 0.13262142737706503 0.6908580168028586 0.8350390631409195 0.8159351125558874 0.4111608170502094 0.6412182288817196
66 2560 2 1024 3.1622776601683795e-05 1024 0.2 0.4814898451169332 0.35503238513456337 0.8269348457877179 0.8006852467509651 0.8578110574191652 0.9261808988632648
67 1280 1 2048 3.1622776601683788e-06 1024 0.2 0.23862462838490803 0.6256400765495103 0.7939509529421134 0.7870643226885163 0.49790109516959474 0.7056210705255298
68 40 1 6144 1e-05 256 0.1 0.037231377760569256 0.5352335228498968 0.7355402637730519 0.7505474225701656 0.6181423904520998 0.7862203192821334
69 640 3 256 1e-06 512 0.0 0.15829859574635824 -0.2005235598332924 0.3073493628314917 0.36148860287049606 1.596704021382647 1.2636075424682487
65 10240 1 6144 3.1622776601683795e-05 64 0.3 9.9278213818868 0.6828917501566354 0.8304643370929021 0.8124518534245617 0.42175600269670954 0.6494274422109906
70 640 5 7168 1e-06 32 0.1 8.379706958929697 -0.8562071310535426 0.8419758100944333 0.8209128031690328 2.468767369366662 1.5712311635678124
72 40 3 8192 3.1622776601683795e-05 1024 0.0 0.05703991651535034 0.5875938976941608 0.7890311061310507 0.7834006598258564 0.5485027566522029 0.7406097195231798
47 10240 5 256 3.1622776601683795e-05 16 0.2 39.02952128251393 -1.2033667126152299 0.8195778546313625 0.8075547067740164 2.9304918356637133 1.7118679375651946
73 160 1 7168 0.0001 64 0.2 0.1856154481569926 0.6960297711192638 0.8389510933960418 0.8269743906592023 0.40428235069528506 0.6358320145252873
74 160 4 256 3.1622776601683795e-05 16 0.2 0.5915446877479553 -7.235707347327933 0.8306175244556746 0.8118243846230142 10.953543504165102 3.30961379985114
75 5120 1 5120 0.0001 256 0.1 1.6945104956626893 0.697444348423093 0.8399892715280912 0.8222732035991297 0.4024009538238281 0.634350812897586
77 2560 3 6144 3.1622776601683788e-06 512 0.3 1.7708677212397257 -2.366846500166748 0.828423193897515 0.8050577333467328 4.477927402724892 2.1161113871261343
71 10240 1 2048 0.0001 32 0.2 15.134271697203319 0.6641520279815675 0.8220326939884708 0.8056762779078884 0.44667995317768094 0.6683411951822819
76 10240 2 5120 3.1622776601683795e-05 256 0.2 5.766886671384175 -2.394420594801635 0.8346001000668106 0.8163236404120916 4.514601125142821 2.124759074611242
80 640 5 6144 0.0001 512 0.2 1.3801488399505615 0.4604921899813069 0.8455076230569549 0.8282805667556676 0.7175488417268656 0.8470825471740435
78 1280 3 7168 3.1622776601683788e-06 128 0.2 3.3782688220342 -0.8281549534654071 0.8417088667805795 0.8226158748468789 2.4314577935598067 1.5593132442071436
81 2560 1 256 3.1622776601683795e-05 1024 0.2 0.4655522306760152 0.7037942287179886 0.8402281039188084 0.8248114627189131 0.39395557237411616 0.6276588025146435
82 40 3 7168 3.1622776601683795e-05 1024 0.1 0.054789463678995766 0.2559815875197049 0.8052251466995732 0.8111294579488999 0.9895492524569742 0.9947609021553744
84 2560 5 256 1e-06 128 0.1 1.6022260745366415 -3.200983619870958 0.77318900657609 0.7489781239084644 5.587335112808647 2.3637544527316385
86 160 3 2048 3.1622776601683788e-06 128 0.0 0.1147015372912089 0.6994655281165552 0.8363822081712047 0.8237081394490791 0.3997127718901589 0.6322284174965239
79 5120 3 256 3.1622776601683795e-05 32 0.3 9.332024852434794 -6.4486007798627805 0.8290068425741655 0.8089166185553566 9.906686729690122 3.1474889562459345
85 5120 5 512 3.1622776601683788e-06 64 0.1 5.8927785356839495 -3.5115452232209394 0.8355718258823241 0.8184586267854924 6.0003840337517875 2.449568132090183
83 2560 4 7168 3.1622776601683788e-06 128 0.1 7.377734792232514 -1.5115360234547386 0.8464844054197822 0.8300987591635826 3.3403589922503696 1.827664901520618
89 640 5 6144 3.1622776601683788e-06 256 0.0 1.052505044142405 0.7357304917747022 0.8577778144589947 0.8468214183239874 0.35148013802473144 0.5928576034974431
90 2560 1 6144 0.0001 1024 0.0 0.5787072777748108 0.7007429493286335 0.8403414383746493 0.8206537723108214 0.3980137934989243 0.6308833438116149
92 40 3 1024 1e-06 64 0.2 0.06269343694051106 -0.12234334364913213 0.28572687499369026 0.3633623835143841 1.4927238332794266 1.2217707777154545
93 40 2 4096 1e-05 128 0.1 0.05121512810389201 0.7021497996114066 0.8381275566911031 0.8301213557077811 0.3961426736149471 0.629398660321856
87 2560 3 7168 0.0001 64 0.0 9.474772620201112 0.7112821133349074 0.8459585747912299 0.828640526387151 0.38399663788961186 0.6196746225960943
94 5120 3 4096 3.1622776601683788e-06 128 0.0 4.983463708559672 0.7298122782362853 0.8545246628319084 0.8426173920985095 0.35935139992441784 0.5994592562671944
96 40 5 512 1e-06 512 0.0 0.03193811178207397 -26.80487664307616 0.09734067458725726 0.13049235180446658 36.980663966489 6.081172910425176
95 2560 4 1024 0.0001 32 0.0 4.721867680549622 0.7209697265966302 0.8510767137593613 0.8351380465554487 0.37111205022292715 0.6091896668714327
97 160 2 6144 0.0001 512 0.3 0.0989297072092692 0.60129031866138 0.8309158219476536 0.8121786674717789 0.5302864290693061 0.7282076826491919
88 10240 2 7168 3.1622776601683788e-06 128 0.1 13.165881899992625 0.5518976730797547 0.8385006429970974 0.819271107096555 0.5959789639478891 0.771996738301328
100 640 4 5120 3.1622776601683795e-05 64 0.0 1.964851180712382 0.7160895648596564 0.8489098934092545 0.8349412022715653 0.37760269658017626 0.6144938539807996
99 1280 1 4096 1e-05 16 0.2 3.450587280591329 0.711377020625024 0.8457047308035774 0.8273332075616968 0.38387041058607724 0.6195727645612558
102 640 3 256 1e-06 256 0.0 0.24069080352783204 0.3654987062839683 0.6167375403537207 0.651747565416556 0.8438907832758925 0.9186352830562805
98 2560 5 8192 1e-06 512 0.2 4.708460946877797 -4.3691718081120205 0.7992507532127091 0.7762700309355179 7.141032882934231 2.672271109549746
104 160 5 8192 0.0001 128 0.1 1.3782371362050374 0.7023791356583127 0.84067102090759 0.8237119362583001 0.3958376552041515 0.6291563042711655
103 10240 2 2048 1e-05 256 0.3 3.266635537147522 -4.265071373191566 0.8115900447023411 0.7936969429130751 7.002578637947774 2.646238582960307
107 640 4 1024 0.0001 256 0.2 0.24618382056554158 -7.207619782619286 0.8419649323081662 0.8186779938891235 10.916186863261386 3.303965324161467
106 160 1 7168 0.0001 32 0.1 0.33256853421529137 0.6862304614441042 0.8394854082103704 0.8208716649254347 0.41731549530701934 0.6459996093706399
109 40 3 1024 3.1622776601683795e-05 256 0.3 0.03514941930770874 -0.1445728641234898 0.7943331852365008 0.781661536891524 1.522289237843202 1.2338108598335493
105 2560 3 256 3.1622776601683788e-06 32 0.1 4.708675992488861 -1.138349609440937 0.8254311923408457 0.7980832675527184 2.8440186721454066 1.686421854740209
110 40 5 512 0.0001 128 0.2 0.054341653982798256 -7.267733454791438 0.818562816033692 0.8115768916413675 10.996138432150781 3.3160425859977707
111 160 3 1024 3.1622776601683795e-05 256 0.2 0.07771835327148438 -0.12239620441762766 0.8226919770374497 0.7969414454101849 1.4927941384399868 1.2217995492060008
101 640 5 8192 0.0001 32 0.3 10.382093151410421 0.6716256050950216 0.820303546294711 0.8091862657344966 0.4367400477643939 0.6608631081883705
112 40 3 2048 1e-05 512 0.1 0.03532206614812215 0.38385377572481283 0.6556172270083911 0.6926352444560582 0.8194784233943222 0.9052504755007434
114 160 5 7168 1e-05 1024 0.0 0.21217541297276815 0.7131309209840847 0.8454266270337889 0.8341758687468486 0.38153771187851865 0.6176873900918802
115 5120 2 5120 3.1622776601683795e-05 512 0.3 2.0416747609774273 -1.082947047518426 0.7602072904664534 0.7294582484945155 2.7703329100526926 1.6644317078368498
116 40 4 7168 0.0001 16 0.0 1.3796263337135315 0.6702311253264305 0.831662264058686 0.8025400064865228 0.43859471478530226 0.6622648373462857
117 160 5 6144 1e-06 1024 0.3 0.18196940024693806 -1.3346167195361556 0.36317597397756735 0.4277822189087869 3.1050551852461594 1.7621166775347652
118 1280 4 6144 3.1622776601683795e-05 256 0.2 1.7048761208852132 -3.895328010342717 0.8322715020770253 0.8127377199828978 6.5108175979376295 2.551630380352458
121 160 2 7168 1e-06 1024 0.2 0.09793870051701864 0.178246259005842 0.4494889748699743 0.5048032586231166 1.092937737110138 1.04543662510462
122 40 5 8192 0.0001 256 0.1 0.18615747690200807 0.6328490596628441 0.8415749483544439 0.8247486126245273 0.48831310147063056 0.6987940336541452
119 5120 5 512 1e-05 128 0.0 2.909001898765564 0.7017710691623983 0.8400596007525959 0.8207312935709351 0.3966463875370925 0.629798688103661
120 5120 2 6144 3.1622776601683788e-06 512 0.3 2.4184659322102866 0.2346921285511161 0.8458248957271126 0.8252336457869499 1.0178643691989788 1.0088926450316598
113 5120 1 7168 3.1622776601683788e-06 32 0.1 9.99724399248759 0.7168988035521793 0.8484867749208029 0.8303090950219792 0.3765264039376652 0.6136174736247861
124 40 4 512 3.1622776601683795e-05 32 0.1 0.09735027551651002 -0.1705711976417732 0.8153213981970981 0.795931567881857 1.5568671878866436 1.2477448408575544
125 2560 2 5120 0.0001 256 0.1 1.440639356772105 0.6156504003725554 0.8370061763136264 0.8194434380005166 0.5111874284476099 0.7149737257043856
91 1280 5 8192 1e-05 16 0.2 40.07337995767593 0.7094883324307699 0.8447294391789398 0.8354755570916352 0.3863823779774729 0.6215966360731635
126 160 1 8192 3.1622776601683788e-06 1024 0.1 0.056410574913024904 0.15941454019096657 0.486837338184967 0.5356628024155425 1.1179840437110968 1.057347645626119
127 160 5 6144 1e-05 128 0.1 0.6992381811141968 0.09409501536323606 0.8497906396622015 0.830209382702147 1.204859429964844 1.0976608902410818
128 40 4 4096 3.1622776601683795e-05 64 0.0 0.10504906177520752 0.7127210973418077 0.846578683570264 0.8278913753794052 0.3820827799467973 0.6181284493912227
129 160 2 7168 0.0001 32 0.3 0.7429644505182902 0.6941061972979815 0.8366166474478108 0.8186417583215098 0.40684071619399653 0.6378406667765835
131 40 4 5120 3.1622776601683795e-05 128 0.1 0.08327495654424032 0.620316877154439 0.8412984888059302 0.8264977252219556 0.5049809844488292 0.7106201407565291
123 5120 4 6144 3.1622776601683795e-05 64 0.3 20.916251015663146 0.6557846364530986 0.8184696487998762 0.8063587118694101 0.457808637485921 0.6766155758522863
132 40 5 1024 1e-05 1024 0.2 0.0393573800722758 -0.6789853674140227 0.22071842270949749 0.30067053866222887 2.2330612889969936 1.4943430961452573
130 1280 2 4096 3.1622776601683788e-06 16 0.0 5.638952096303304 0.7251884103328813 0.8518641858649233 0.8388805577183384 0.36550117384200115 0.6045669308207332
135 160 5 8192 1e-05 256 0.3 0.7011971672375997 -6.038435906766494 0.815807022189225 0.7978771561409146 9.361164822236937 3.059602069262756
134 2560 3 6144 0.0001 256 0.0 2.460088857014974 0.7055072881557686 0.8417874735875805 0.8249961793306249 0.3916771923533604 0.6258411878051495
136 1280 4 1024 1e-06 64 0.0 1.2687723716100057 0.6903690413030051 0.83285952216507 0.8131770071235418 0.4118111575958643 0.6417251417825737
137 1280 2 2048 1e-06 32 0.2 2.188999513785044 0.6345370630880576 0.8462839118351266 0.8292702069222252 0.4860680461070187 0.6971858045793953
138 2560 1 6144 1e-06 1024 0.2 0.5971502582232158 0.6362698421337489 0.7984339695467004 0.7916247329096093 0.48376343888147866 0.6955310481074721
108 5120 2 7168 1e-06 16 0.3 44.82252888679504 -0.13185699678516483 0.8341297735985111 0.8131355739821403 1.5053770528650985 1.2269380802897505
139 2560 3 512 1e-05 128 0.1 1.3860273122787476 -1.1778672560955923 0.8316810107820007 0.8134182335268627 2.8965773952227183 1.701933428551986
141 160 1 6144 1e-05 128 0.3 0.10836179256439209 0.703548720271573 0.8396658943137874 0.8209732203565394 0.39428210017980925 0.627918864328672
145 40 1 4096 0.0001 1024 0.2 0.03367855151494344 0.5947662039096886 0.7727091836070805 0.7821672497624221 0.5389635434621584 0.7341413647671396
133 10240 2 4096 1e-05 64 0.3 13.386707345644632 -4.918935345581261 0.8341159033555094 0.8158923155121441 7.872221907836483 2.805748012177231
146 2560 1 6144 3.1622776601683788e-06 256 0.1 0.8952172676722209 0.7094671208987806 0.8443106975271033 0.8258555852546805 0.38641058945083345 0.6216193284083382
144 5120 3 256 1e-05 128 0.1 2.7785921613375346 -1.2631822436694295 0.8359165759345377 0.813369870287077 3.0100468749572706 1.7349486663752536
148 1280 5 1024 0.0001 256 0.2 0.5200676957766215 -1.889028074426057 0.8359881880792683 0.8262462142577355 3.8424258370772932 1.9602106614028232
143 5120 2 6144 3.1622776601683795e-05 32 0.2 18.80109746456146 0.6906229284865122 0.8367694117930149 0.8173161558322342 0.4114734860161916 0.641461991092373
147 5120 1 6144 3.1622776601683788e-06 16 0.1 16.947802146275837 0.7076832580299655 0.8438960085329612 0.8258099866818036 0.3887831384882117 0.6235247697471302
151 640 3 4096 3.1622776601683788e-06 256 0.3 0.4077406088511149 -1.5491039944413854 0.8160643566572572 0.7934981817934684 3.390324634205697 1.8412834203907058
140 5120 4 5120 3.1622776601683795e-05 32 0.0 29.598272693157195 0.72231041547939 0.8509831431717374 0.8355289704563069 0.36932892542459084 0.6077243827793902
154 160 1 5120 0.0001 256 0.3 0.08224472602208456 0.703755949829918 0.8426824405513351 0.8273015429100384 0.3940064835403452 0.6276993576070834
155 40 4 2048 1e-05 128 0.2 0.0604797085126241 -0.36583290557781556 0.8053294859466528 0.795508205222606 1.8165665096782264 1.3478006194086076
152 10240 3 5120 3.1622776601683788e-06 512 0.1 5.6063125967979435 0.0995786726976784 0.8429101375234798 0.824944572215 1.1975661305988539 1.0943336468366738
153 10240 1 8192 3.1622776601683788e-06 1024 0.0 2.6924549619356792 0.707419501109956 0.8431224552277864 0.8255395653959292 0.3891339368806273 0.62380600901292
156 40 2 8192 1e-05 32 0.3 0.23758106231689452 0.6098088064249119 0.8444025479445283 0.8308144024083975 0.5189567858009818 0.7203865530400896
157 640 4 512 1e-05 1024 0.3 0.14309929609298705 -1.9085762696835062 0.736191875695756 0.7167799283989548 3.8684250619343854 1.9668312235508123
142 10240 1 6144 3.1622776601683788e-06 16 0.1 34.3490975022316 0.7038868542157486 0.8416487506616847 0.8236352628293716 0.39383237986902564 0.6275606583184017
160 160 4 256 3.1622776601683795e-05 64 0.3 0.18997204701105755 -9.503157651668236 0.76877239660555 0.7551000179994638 13.969266927142499 3.7375482508112854
158 5120 3 512 1e-06 256 0.3 1.7587435404459635 -1.701115246421614 0.7942695718039604 0.7701933667951409 3.5925005726487096 1.8953892931661056
161 40 3 1024 3.1622776601683795e-05 32 0.0 0.09205475250879923 0.7106829809359752 0.844119970277231 0.823025119273784 0.3847934878163628 0.6203172477179422
149 2560 5 4096 1e-05 16 0.1 26.723113814989727 0.47909837904045305 0.8523231054911268 0.843350655487088 0.6928024911450662 0.8323475783259456
163 40 2 5120 3.1622776601683788e-06 64 0.2 0.0893366813659668 0.6691889867789345 0.8180571441319875 0.8196023879166412 0.43998076572615646 0.6633104595332087
165 40 5 7168 1e-06 512 0.3 0.08818331956863404 -1.4724637828214244 0.16786565913896262 0.2573152902391035 3.2883926620333215 1.8133925835387443
167 160 1 2048 3.1622776601683795e-05 256 0.0 0.07312777042388915 0.7024846285819271 0.840058163465769 0.8222763000260672 0.3956973489402863 0.6290447908855825
166 5120 5 1024 3.1622776601683795e-05 64 0.3 5.928801031907399 -0.49367326119192234 0.7409233928944483 0.768962975175703 1.986595001191027 1.40946621144
168 160 4 512 1e-05 128 0.1 0.12477702299753825 0.2745303240246072 0.8237381919571702 0.8067136951004584 0.9648793141401809 0.982282705813444
162 1280 4 4096 3.1622776601683788e-06 16 0.2 10.672705888748169 -5.843010010411967 0.846193699869042 0.8279068575140924 9.101247128797493 3.0168273283032776
171 160 5 512 3.1622776601683788e-06 128 0.2 0.12908182541529337 -1.1231425448191787 0.7271183840150084 0.7250889689123617 2.823793178829508 1.6804145854013253
172 640 3 1024 3.1622776601683788e-06 32 0.1 1.216560177008311 0.4227774819599244 0.8396760729967265 0.8167555182454208 0.7677096448779309 0.876190415878838
159 2560 2 6144 3.1622776601683795e-05 16 0.1 18.414508473873138 0.7038435310380806 0.8425960604391132 0.827109490715463 0.39388999997271706 0.6276065646348172
173 40 2 256 3.1622776601683788e-06 16 0.3 0.14599330425262452 0.23086063668802848 0.5205112856022418 0.5651531357059899 1.0229602779094555 1.0114149879794423
1 10240 4 8192 3.1622776601683795e-05 16 0.1 245.53754793008167 0.6420600086671249 0.8105192406309962 0.7989498100391774 0.4760624803183662 0.689972811289232
174 160 5 7168 1e-06 32 0.3 1.9654030958811441 -6.3747576989380725 0.7117614856810484 0.6696739485366652 9.808474959252115 3.131848489191665
176 640 3 4096 3.1622776601683795e-05 1024 0.1 0.27761374711990355 0.7002624633627643 0.8416959624574276 0.828128473213476 0.39865284291002256 0.6313896126085878
177 1280 2 512 3.1622776601683795e-05 256 0.0 0.3983810345331828 0.695019722168402 0.8367812865926811 0.8196666756378196 0.40562572226715 0.6368875271719097
169 640 5 7168 1e-05 16 0.3 15.726974133650462 0.4594253763929309 0.8377515031071445 0.8440880474449163 0.7189677106300816 0.8479196368937811
179 1280 1 1024 1e-05 1024 0.3 0.22682164907455443 0.6962747548891004 0.834575782724536 0.8211894541710075 0.4039565207128014 0.6355757395565075
180 10240 2 512 3.1622776601683788e-06 1024 0.2 1.9652844508488974 0.6568469328806723 0.8377272075168607 0.8194693521450053 0.45639577643549495 0.6755707042460434
175 1280 5 5120 1e-06 32 0.1 9.339409104983012 -1.9064450613336503 0.8421766069685448 0.8274338782993906 3.8655905411832125 1.96611051092842
182 1280 4 512 3.1622776601683795e-05 128 0.0 0.7282048026720683 0.6970391052772756 0.8374745456408585 0.8207050108041919 0.4029399298024871 0.6347754955907539
183 1280 3 7168 1e-06 1024 0.1 0.9547809878985087 0.6942528036461971 0.8414429856222483 0.8311028493225152 0.4066457288121674 0.6376877988578481
184 640 2 8192 3.1622776601683788e-06 128 0.1 0.9990221341451009 0.7155884230992344 0.849992388539645 0.8341074893186458 0.3782692183302864 0.6150359488113573
178 2560 5 4096 1e-05 64 0.1 7.412304604053498 -3.4690260170122356 0.8525911121225958 0.8356468189910591 5.943833217248974 2.4379977886062516
188 1280 2 256 1e-06 64 0.2 1.1925429542859396 0.6277946723601249 0.8098175750881351 0.8038048231660374 0.4950354689458661 0.7035875702042114
187 2560 3 256 3.1622776601683795e-05 64 0.2 2.5354442874590557 -4.4153329324826736 0.841860767727258 0.8222183157454401 7.202427473911188 2.683733867936832
185 2560 2 5120 3.1622776601683795e-05 32 0.0 7.658183638254801 0.7230193847718756 0.8514316302949433 0.8348818909508222 0.3683859917261422 0.6069480964021077
189 640 1 4096 3.1622776601683795e-05 64 0.1 0.5584478934605916 0.7150402814847603 0.8491481284386146 0.8320482916807627 0.3789982501872202 0.6156283377064609
164 5120 5 8192 1e-06 64 0.3 41.28662956953049 -13.857711813031292 0.8456433369112616 0.8307328631657103 19.760851843428885 4.445317968765439
190 160 2 6144 3.1622776601683795e-05 256 0.1 0.12400510708491007 0.7121224843535137 0.8464579881962988 0.8295413285903829 0.38287893905407344 0.6187721220724747
191 640 2 1024 0.0001 1024 0.0 0.13072656393051146 0.6993347382683694 0.8415373485902973 0.8278876891568606 0.3998867232256773 0.6323659725393811
186 10240 4 2048 0.0001 64 0.3 11.861996893088023 -0.8565653861768212 0.7806608220006026 0.7886247375538852 2.4692438509744856 1.5713827830845308
170 2560 3 7168 3.1622776601683795e-05 16 0.3 36.09865437348684 0.7159947479192883 0.8465104866950106 0.8353410468309818 0.377728803717967 0.614596455992033
193 160 5 5120 3.1622776601683795e-05 256 0.2 0.22719258864720662 -2.2190807203073217 0.8446281334919932 0.8239386020825694 4.281397969385782 2.0691539259769396
194 1280 2 256 3.1622776601683795e-05 1024 0.0 0.22964008251825968 0.6734370570368664 0.824596803227893 0.8075314098475344 0.4343308050832369 0.6590377872954152
192 2560 2 7168 3.1622776601683795e-05 256 0.3 2.1211528539657594 -0.6166898601056201 0.7708839028332515 0.7412804065418596 2.150207865406364 1.4663587096636226
195 2560 1 5120 3.1622776601683795e-05 128 0.2 1.3360000451405842 0.7046662292691301 0.8425258628472098 0.825873057949542 0.39279580605778575 0.6267342387789148
198 1280 5 256 1e-05 32 0.1 2.79633598725001 -3.497042165429293 0.8380321796826886 0.8209939369272402 5.981094874027606 2.445627705524209
199 40 1 2048 1e-05 64 0.1 0.05946902831395467 0.6383809712531535 0.8065209181769282 0.7962606369684165 0.480955623635371 0.6935096420637358
200 1280 2 6144 1e-06 1024 0.0 0.5151620626449585 0.6843265024063624 0.8285930063868572 0.8283477665926561 0.41984777301803083 0.6479566135305903
181 5120 3 4096 3.1622776601683788e-06 16 0.2 33.614521622657776 -4.443316923192621 0.8453732352230445 0.8299296352732347 7.239646360733461 2.6906590941130877
202 640 5 7168 1e-06 512 0.2 1.382823884487152 -1.3819114894786884 0.7705634310998795 0.7418248984739273 3.1679575320923106 1.7798757069223432
203 160 4 1024 1e-06 512 0.2 0.07000388701756795 -0.5951966312997585 0.1625683267450167 0.23878422999263024 2.1216217334760734 1.4565787769551202
196 5120 3 2048 1e-05 16 0.2 18.143987560272215 -5.214162550115847 0.8417046290689225 0.8239925683806231 8.264875980170881 2.8748697327306645
205 5120 4 5120 3.1622776601683788e-06 512 0.0 3.5370904167493182 0.7262688842501555 0.8523850521541634 0.839759611208557 0.36406413661388537 0.6033772755199563
201 2560 2 8192 1e-06 32 0.2 13.735323484738668 0.5071536080112671 0.845966590242032 0.8277019772650619 0.6554888569797108 0.8096226633313267
206 2560 4 2048 1e-06 32 0.2 5.362445084253947 -5.40352574213349 0.8287167831399892 0.8128257101150382 8.516730238023522 2.9183437491192707
207 640 2 512 3.1622776601683795e-05 256 0.0 0.20982280174891155 0.692882757097823 0.8360450372880934 0.8197647291575068 0.4084678994937442 0.6391149344943711
209 2560 3 512 0.0001 512 0.0 0.5882846236228942 0.6914619254159846 0.8344735156882161 0.8175826328599857 0.4103576147279993 0.6405916130640482
208 5120 3 256 1e-06 512 0.1 1.2140225489934287 0.5444010053775172 0.7975797899576087 0.788299907623252 0.6059495799921042 0.7784276331118418
212 40 4 7168 3.1622776601683788e-06 16 0.0 1.373300345738729 0.7168408311970642 0.8526944965708539 0.8368673641378125 0.3766035075411581 0.6136802975011973
204 2560 4 8192 1e-06 128 0.0 9.380940580368042 0.7275530225252503 0.8530772625263741 0.8380950605563027 0.36235622448583 0.6019603180325345
197 10240 5 8192 3.1622776601683795e-05 256 0.3 27.380178026358287 0.6618057576112646 0.8255028491652193 0.8005927594273203 0.4498005077930637 0.670671684054921
211 2560 2 5120 1e-05 128 0.2 2.3566595196723936 0.12433898863183634 0.821709126829067 0.7993665743600735 1.1646347518691729 1.0791824460531096
210 2560 5 1024 3.1622776601683788e-06 64 0.0 2.7092312494913737 0.7089793113380334 0.8432203744427215 0.8284607493136493 0.38705937929001166 0.6221409641632768
213 640 3 1024 0.0001 16 0.3 2.2608696659406027 -4.0892020728117755 0.7396110083670197 0.6978204638287611 6.7686713423732 2.6016670314191246
216 40 3 8192 1e-05 256 0.3 0.0843273639678955 -0.12930488623988312 0.8160768956166307 0.7997152172883449 1.5019827294990247 1.2255540500112692
215 640 3 512 1e-05 256 0.2 0.2313532829284668 -0.49518007618288973 0.8053025088152387 0.7825575614286299 1.988599074776964 1.4101769657659864
221 40 4 1024 1e-06 256 0.0 0.025920939445495606 -2.7078134840782133 0.10932371269312208 0.15033646735344144 4.9314156744967095 2.2206791020984347
214 1280 3 1024 1e-06 16 0.0 4.185135543346405 0.7048995425038425 0.841000808357848 0.8241051087549106 0.39248549796174265 0.6264866303136426
222 160 2 8192 3.1622776601683795e-05 64 0.3 0.4727809230486552 0.6397763074790419 0.8364367112623496 0.8208997908034503 0.4790998175207736 0.6921703674102017
219 2560 3 6144 0.0001 512 0.2 1.8133084734280904 -0.2631001672384463 0.8468504967999704 0.8307614682526567 1.6799313099018054 1.2961216416300614
218 5120 3 7168 1e-05 512 0.3 4.627917424837748 -4.053388619123743 0.8108179083977977 0.7885113493484124 6.721039219658989 2.592496715457705
224 160 3 512 1e-05 16 0.3 0.5739982962608338 -3.2263520012941083 0.7541707627874893 0.7231901588173957 5.621075222532057 2.3708806850054804
225 5120 4 512 1e-05 1024 0.0 0.9272403041521708 0.6867374648324116 0.8328398266805908 0.8151338383613604 0.4166411775542901 0.6454774802843939
227 40 3 4096 3.1622776601683795e-05 1024 0.3 0.028970229625701904 -0.3061825089144379 0.7186728677459728 0.723258906867853 1.737231100181797 1.3180406291847748
217 1280 4 5120 1e-06 32 0.3 7.432227357228597 -7.410874558167885 0.8158283970354849 0.7937125356344388 11.186517016156294 3.344625093512918
223 10240 5 512 1e-06 512 0.3 2.6092640161514282 -11.62258719307924 0.7651832001367197 0.744645374791728 16.788121787665233 4.097331056634944
226 640 4 1024 3.1622776601683795e-05 64 0.2 0.7041299740473429 -7.200332836342421 0.8427875013710866 0.8217895712012737 10.906495178055737 3.302498323702184
229 1280 3 2048 0.0001 512 0.3 0.3627214550971985 -4.523735004957937 0.8133989670680102 0.7954124740231219 7.346602924388396 2.7104617548285748
230 640 5 1024 1e-06 64 0.2 0.7592542330423991 -3.628972237643149 0.7907055771702441 0.7657988365885564 6.156562714804023 2.4812421717365725
228 5120 4 1024 3.1622776601683795e-05 128 0.1 2.9936375697453816 -2.1254777337902855 0.8462505076740756 0.8288992992097841 4.156905397989739 2.0388490375674553
220 10240 4 8192 0.0001 1024 0.0 11.377038947741191 0.7105754017630818 0.8448189677015132 0.8273067404838265 0.3849365688051271 0.6204325658805533
233 2560 1 2048 3.1622776601683788e-06 128 0.3 1.237619686126709 0.7177492890106071 0.8486316213801791 0.8310764559690956 0.3753952528324027 0.6126950732888283
232 5120 2 5120 1e-05 256 0.2 2.8636516332626343 0.108931547890324 0.8179744189843879 0.7957261346994448 1.185126746707328 1.0886352679880107
235 640 3 512 3.1622776601683795e-05 512 0.3 0.16977390845616658 -3.4957216656589516 0.7592723125082733 0.7277626229862096 5.979338600878055 2.445268615280958
236 640 4 7168 1e-05 256 0.1 1.3807722647984824 0.3273161799439225 0.8495445477465944 0.8315645855584558 0.8946737877861629 0.9458719721961122
234 2560 4 4096 3.1622776601683795e-05 64 0.1 6.0522893587748205 0.48640190186889753 0.8518236427301548 0.8409127722071947 0.6830887590196787 0.8264918384471069
239 1280 5 8192 0.0001 1024 0.3 2.3803872068723044 0.545793573657656 0.8396281493769724 0.8274101021639779 0.6040974552630766 0.7772370650342639
237 5120 4 7168 1e-06 512 0.3 6.122050456206003 -6.342462487345166 0.8002424270949118 0.7730886734305977 9.76552212105129 3.124983539324854
241 2560 1 8192 1e-05 256 0.2 1.0603383739789327 0.7177359206752512 0.8488268577286182 0.8311257776267427 0.37541303280402183 0.6127095827584401
238 5120 5 4096 1e-06 128 0.3 7.872746245066325 -14.333352785455155 0.8404290543619614 0.8228940003378713 20.393457382223136 4.515911578211329
242 40 2 4096 1e-05 16 0.0 0.19810824791590373 0.7111218972956462 0.847406755594779 0.8350345742886208 0.38420972624767286 0.6198465344322519
243 1280 4 512 3.1622776601683788e-06 512 0.0 0.32915449142456055 0.6782813486059432 0.8246607080815649 0.8112884815894754 0.4278878662789629 0.6541313830408712
150 5120 5 7168 1e-05 16 0.3 127.38034048477809 0.6530617253598693 0.8327522155353964 0.8114685166985554 0.46143012667438016 0.6792864835063187
231 5120 2 6144 1e-06 32 0.2 18.63043258190155 0.41200548868361175 0.845789013452717 0.8286563771440929 0.7820364649071716 0.8843282563093705
244 5120 4 256 3.1622776601683795e-05 256 0.0 1.868745172023773 0.6921340462283596 0.8346112318771566 0.8173216483038257 0.40946368974403385 0.6398934987511858
246 1280 1 6144 3.1622776601683788e-06 64 0.2 1.2188401540120444 0.7155292329559544 0.8474811692219728 0.8301899194471112 0.37834794159983615 0.615099944399149
249 1280 5 2048 1e-05 256 0.1 0.6646456519762675 -3.115082421038724 0.8443878742399962 0.8293602613389905 5.4730859683469895 2.3394627520751405
247 2560 5 256 1e-06 64 0.2 2.9555981477101643 -9.662586569262604 0.7966144134605925 0.7768794003843713 14.181308408346716 3.7658078028952455
248 10240 1 4096 1e-05 512 0.0 2.3168524344762167 0.7083768951815262 0.8439167836893842 0.825650963041228 0.3878605966353626 0.6227845507359367
250 2560 3 2048 3.1622776601683788e-06 256 0.0 0.9057275454203287 0.7149611496348749 0.8462593682790108 0.831403387046579 0.3791034960542393 0.6157138101863879
245 1280 4 512 3.1622776601683788e-06 16 0.2 4.933986671765646 -7.0811970913728945 0.8285021649844687 0.811173065961603 10.748043874434778 3.2784209422273367
251 160 3 8192 3.1622776601683788e-06 32 0.3 2.379046003023783 -1.4508502646791048 0.8232182285362346 0.8021500778657515 3.259646544515344 1.8054491254298317
254 2560 4 1024 3.1622776601683788e-06 1024 0.2 0.5131738384564718 -1.0960211414554433 0.8124601004713066 0.7900367450996069 2.787721538700737 1.6696471299950588
255 160 3 4096 3.1622776601683788e-06 32 0.2 0.5578260978062948 -0.158922706314232 0.8365419465074806 0.8187006272955475 1.5413746198371596 1.2415210911769319
252 2560 2 1024 0.0001 32 0.1 4.292146285374959 -0.2648808715983735 0.8404715404739658 0.8211253138987309 1.682299658102139 1.2970349486818538
253 1280 5 6144 0.0001 128 0.2 4.380361938476563 0.6869756811597132 0.8293218413766421 0.8162704113585472 0.4163243483137093 0.645232011228294
258 40 5 2048 1e-05 128 0.2 0.05824923515319824 -1.7335734044884754 0.7824626212900287 0.7654394298904549 3.6356701307032204 1.9067433311023327
257 640 5 512 3.1622776601683788e-06 256 0.0 0.23996323744455975 0.6739790580872369 0.8231514129561504 0.8055446464826533 0.4336099402158781 0.6584906530968212
256 2560 3 512 0.0001 256 0.0 1.2664466500282288 0.6956649602044882 0.8367642568235223 0.8220210659770769 0.40476755154777594 0.6362134481035244
259 40 2 2048 1e-06 512 0.2 0.03135435978571574 -4.851496943398514 0.1006917728423847 0.14039741609302328 7.7825284011336535 2.7897183372400973
260 160 2 1024 3.1622776601683795e-05 1024 0.1 0.05058498779932658 0.6562303111470005 0.8108963630034897 0.8001298804623908 0.4572158872894315 0.6761774081477667
261 640 5 512 3.1622776601683795e-05 512 0.1 0.1937803268432617 -3.1958288718567927 0.8381636347505763 0.8205491941772302 5.580479264944591 2.3623038045400917
265 640 3 7168 1e-05 512 0.2 0.5956079284350078 -0.11139574329475144 0.8433860334509415 0.8228798083810746 1.4781634547119646 1.2157974562861877
263 40 5 1024 3.1622776601683795e-05 64 0.2 0.08301969766616821 -4.378854991585077 0.824993533451775 0.8070664665979798 7.153911578953625 2.6746797152095847
266 1280 3 256 1e-06 128 0.1 0.7133669972419738 0.5510360330705694 0.7941470122981672 0.7880969073477191 0.5971249506770804 0.7727386043657197
269 2560 1 2048 1e-05 256 0.3 0.7755850990613301 0.7160043962829084 0.8482902859349619 0.8303722031519434 0.377715971332575 0.6145860162195158
262 2560 5 4096 3.1622776601683788e-06 64 0.3 7.2404823184013365 -13.3868411438334 0.8485970448861266 0.833071107850222 19.13459083846884 4.374310327179456
270 160 2 4096 3.1622776601683795e-05 1024 0.3 0.06507410605748494 0.6143819078598789 0.8297598005770126 0.8155277481024799 0.5128745316114709 0.7161525896144416
271 640 4 4096 0.0001 128 0.2 0.8499679803848267 0.2760700148482369 0.842405636488146 0.8358041838314894 0.9628315154863029 0.9812397849080025
275 40 2 1024 1e-05 32 0.0 0.07877870003382365 0.6775305865402457 0.8240272340721295 0.8046571515428075 0.42888638463337764 0.6548941781947505
273 10240 4 5120 3.1622776601683788e-06 512 0.0 7.030186462402344 0.7286031448737667 0.8536750119510448 0.8416484685026525 0.3609595550384994 0.6007990970686452
278 160 4 2048 3.1622776601683795e-05 256 0.1 0.09900346199671427 -0.06378644695056912 0.8386037248002226 0.8188878136763641 1.4148427857377466 1.1894716414180486
276 5120 4 8192 1e-05 512 0.0 7.331634084383647 0.7318932345572167 0.8559504590363788 0.8404963027841021 0.35658371469347205 0.597146309285649
264 10240 2 7168 1e-05 64 0.0 24.28167380094528 0.7291741505476211 0.8547244453458954 0.8384623926328753 0.3602001138361939 0.6001667383620938
267 5120 5 512 3.1622776601683788e-06 16 0.1 21.740045634905496 -2.4272197269111415 0.8379127074922755 0.8209985447054211 4.558224180857265 2.1349998081632853
277 10240 5 256 3.1622776601683795e-05 128 0.1 6.370350968837738 -0.7986763415978562 0.8452729794152838 0.8236430776211663 2.3922510510280457 1.5466903539584276
279 1280 1 512 1e-06 16 0.2 3.5668654163678486 0.7103242737958315 0.8434415015274501 0.8298893079985965 0.3852705706095113 0.6207016760163543
282 640 1 8192 0.0001 32 0.1 1.3838667750358582 0.7034168996370763 0.8425301597404931 0.8255132826291859 0.39445742246772103 0.6280584546582595
284 160 2 4096 1e-06 512 0.1 0.07529970407485961 0.25489955836988476 0.5198684897248089 0.559029795860466 0.9909883581543344 0.9954839818672797
281 5120 2 8192 3.1622776601683795e-05 1024 0.1 2.8654424071311952 0.6927270059798111 0.8409141997436187 0.8264324790829157 0.4086750494779552 0.6392769739932412
280 1280 3 512 3.1622776601683788e-06 16 0.0 4.181155439217886 0.6665706956913799 0.8206702349289503 0.8072542427744033 0.44346310963719926 0.6659302588388661
274 5120 5 256 3.1622776601683795e-05 16 0.0 17.430498977502186 0.7132131290132215 0.8455916652790358 0.8266295076779263 0.38142837467339874 0.6175988784586632
268 5120 5 6144 1e-06 64 0.3 27.38292735417684 -14.278716037649202 0.8476406945345341 0.8330541143642911 20.320790157808858 4.507858710941244
285 5120 1 512 3.1622776601683795e-05 1024 0.2 0.9514667153358459 0.7080263011358083 0.8436265527288465 0.825499238121291 0.38832688896097795 0.6231587991523332
286 40 4 256 1e-06 256 0.1 0.039294517040252684 -23.311918614119406 0.133822723859031 0.1590662533080927 32.33500742299683 5.686387906483063
289 40 2 2048 1e-05 16 0.3 0.1492895444234212 0.564599069247465 0.8352710110684414 0.8210261545122802 0.5790860257193605 0.7609770204936287
287 2560 1 6144 3.1622776601683788e-06 256 0.2 0.9488294084866842 0.715513686451039 0.8474623437069857 0.8285627839536848 0.3783686185509159 0.6151167519673935
290 10240 1 512 3.1622776601683788e-06 512 0.3 2.106931217511495 0.7145893581503766 0.8473846265280385 0.8319446719650329 0.3795979811091571 0.6161152336285454
292 640 4 512 1e-05 512 0.3 0.1750515580177307 -4.198728437557584 0.7495404602024083 0.718837983307849 6.914342108768938 2.6295136639251258
291 1280 2 512 0.0001 512 0.3 0.2993539651234945 -4.153585520625016 0.788683289992876 0.761646048856449 6.85430174020409 2.618072141902146
293 1280 2 8192 0.0001 256 0.0 1.2283821026484172 0.7062961943192373 0.8430943174502581 0.8265345505851767 0.3906279421046781 0.6250023536793107
296 160 3 6144 3.1622776601683788e-06 256 0.1 0.1792798360188802 0.6798888823856096 0.84627861787467 0.8349023126237194 0.425749836059166 0.6524950850842985
295 640 5 256 0.0001 256 0.1 0.28269567489624026 -3.552276350610459 0.8447953761273275 0.8274590551993707 6.054556693976236 2.4606008806745225
294 2560 2 2048 0.0001 1024 0.1 0.5176447868347168 0.50438946806795 0.8323093605255307 0.8106660629128141 0.6591651808027698 0.811889882190171
298 1280 2 8192 3.1622776601683795e-05 256 0.1 1.2625405351320902 0.7038436000669328 0.8422546085852811 0.8280489982554137 0.39388990816390157 0.6276064914927997
297 1280 5 5120 1e-06 256 0.1 1.6118963599205016 -0.6042236470410876 0.8305544383568245 0.8099172436650973 2.13362772221091 1.4606942603470823
299 640 2 8192 0.0001 512 0.3 0.47840168078740436 0.6802308338765857 0.8347557120376391 0.8204872656384804 0.4252950383866946 0.6521464853747926
305 160 1 5120 1e-06 128 0.3 0.10125674406687418 0.44101931994270316 0.6725472191330024 0.7026217005384003 0.7434478835605951 0.8622342393808049
303 40 3 7168 1e-05 64 0.2 0.16793303489685057 0.22847288447717506 0.8457909372726269 0.8274744267473817 1.0261360036383735 1.0129837134122017
301 1280 5 4096 0.0001 128 0.1 2.0283133149147035 0.7064463118070005 0.8437728426723435 0.8344806824890644 0.3904282848847692 0.6248426080900448
302 10240 4 1024 1e-06 1024 0.1 2.1208316961924236 0.22491334104954264 0.8348440964615798 0.8131095123887496 1.0308702191884425 1.0153177922150496
288 1280 3 6144 1e-06 16 0.2 14.050212124983469 -0.750535930346097 0.8419803863530891 0.823608279680345 2.328223995826087 1.5258518918381583
307 40 2 512 1e-06 64 0.0 0.0576835831006368 -2.1123826579945812 0.12098799192636334 0.16485907831253294 4.139488863335297 2.0345733860776063
309 640 3 8192 1e-05 512 0.0 0.6989664077758789 0.7238565533897912 0.853196669287736 0.8378396053339594 0.36727255210402693 0.6060301577512681
311 40 4 4096 1e-06 16 0.2 0.34944745699564617 0.13089734229753136 0.7602757271766742 0.7623516287137172 1.1559120995014684 1.0751335263591535
304 10240 1 512 1e-05 64 0.2 7.985773952802022 0.6696590564134723 0.8273233951069219 0.811011683138599 0.43935557010242327 0.6628390227667825
310 1280 3 7168 3.1622776601683795e-05 1024 0.1 1.3781364599863688 0.6695905267861973 0.8484160383804721 0.8350544798903619 0.43944671494548576 0.6629077725788752
308 10240 3 1024 0.0001 128 0.2 5.557942473888398 -4.425809219672413 0.8382734162713785 0.8190897080851337 7.216361002951917 2.6863285359300186
272 10240 5 2048 0.0001 16 0.1 48.41079918940862 0.5959476175523623 0.7964515294160139 0.7759825793014874 0.5373922557529566 0.7330704302813997
316 40 4 5120 3.1622776601683788e-06 128 0.2 0.09646870295206705 0.140578743763496 0.7821959385737256 0.7773237376499014 1.1430357735629153 1.0691285112477897
306 1280 2 6144 0.0001 16 0.2 9.24829520781835 0.6736340395287204 0.8324562975569042 0.818079351347875 0.43406881710781653 0.6588389917937587
313 5120 1 256 1e-06 64 0.0 3.9620301286379496 0.6775660109388955 0.8255853475152971 0.8124513373534055 0.42883926995635535 0.6548582059929885
314 10240 5 256 3.1622776601683795e-05 256 0.2 4.13987432718277 -2.722187927630532 0.82357929602081 0.8103110428195405 4.950533776459084 2.224979500233448
319 40 1 256 3.1622776601683795e-05 1024 0.2 0.030102757612864177 -0.7454346711014956 0.2271529339436837 0.31337731639583405 2.321439288368033 1.5236270174711504
318 160 1 5120 1e-05 1024 0.2 0.05752571821212769 0.5280922580751183 0.7323888443421469 0.7476579033041039 0.6276403183271934 0.7922375390797847
315 10240 4 512 3.1622776601683788e-06 128 0.2 5.97445132335027 -6.418418541539524 0.8414851637613883 0.8265651462322972 9.86654415946704 3.1411055632479212
312 1280 3 7168 1e-06 32 0.3 9.137209864457448 -2.834632994127449 0.8303439945956563 0.8085889133711387 5.100086434871883 2.2583370950484523
323 160 2 6144 1e-06 64 0.1 0.3313128352165222 0.7085488678114592 0.8420107074598532 0.8341148249015093 0.38763187193643217 0.6226008929775416
324 1280 4 2048 3.1622776601683788e-06 512 0.1 0.39273165067036947 0.2208987134158752 0.8344912670665893 0.8176664575606507 1.036209699646386 1.017943858789072
322 1280 2 6144 3.1622776601683795e-05 128 0.3 2.377436649799347 -0.6544033877915656 0.7675986556590237 0.7370948851535557 2.2003670987037403 1.4833634412050676
325 2560 1 4096 0.0001 512 0.0 1.0194154620170592 0.7119263279180709 0.8461582233048397 0.8294996005511777 0.383139828369178 0.6189828982849025
328 1280 1 5120 1e-06 64 0.2 1.103518283367157 0.71640782805857 0.846932688425571 0.8322503704006594 0.3771794044878212 0.6141493340286394
326 5120 4 512 3.1622776601683795e-05 64 0.0 4.947337472438813 0.7052832463025052 0.841566751811364 0.8240548286794019 0.3919751694527131 0.6260792038174667
327 2560 5 1024 1e-05 32 0.2 5.650949199994405 -3.2490661293505863 0.840520156522353 0.8269987934524478 5.651285158282934 2.377243184506569
330 40 4 8192 0.0001 128 0.1 0.1868245760599772 0.7022031560497994 0.8423522172584609 0.82468358765884 0.39607170921024987 0.6293422830306652
332 640 4 256 1e-05 32 0.2 1.322259787718455 -6.908795722560557 0.8303785067146168 0.8114939147718879 10.518748950049655 3.2432620846995475
329 5120 4 4096 1e-06 128 0.3 7.377866812547048 -9.25496241198619 0.8262276934930222 0.8099492400767848 13.639165669201853 3.693124106931942
317 10240 2 6144 3.1622776601683788e-06 64 0.2 20.299804997444152 -1.1908015676592325 0.7896895315116725 0.7641561083737661 2.9137801124191625 1.7069798219133003
320 1280 5 5120 1e-06 16 0.0 17.53473360935847 0.7302539737228206 0.8549006935415446 0.8417017712806482 0.35876394209920387 0.5989690660620162
333 5120 3 2048 0.0001 64 0.0 4.902077376842499 0.7032514878506169 0.840678763069733 0.8230301325364446 0.3946774212028234 0.6282335721710703
335 640 5 512 3.1622776601683788e-06 256 0.3 0.26945656538009644 -7.089097546750239 0.7365970033015589 0.7147357705490539 10.758551530672285 3.280023099106512
283 5120 3 6144 1e-06 16 0.1 56.36293728351593 -0.5705485641384835 0.8399227844402437 0.8259363872528588 2.088839646333042 1.4452818570552395
334 1280 5 4096 3.1622776601683795e-05 32 0.2 7.011903043588003 0.7000002735255271 0.8383418518839906 0.8258015452321762 0.3990015570723174 0.6316657004083073
300 10240 4 4096 0.0001 32 0.0 42.65354313850403 0.7192867547643935 0.8488857741326933 0.8415704680336082 0.3733504135356631 0.6110240695223578
240 10240 2 8192 3.1622776601683788e-06 16 0.0 109.16258828639984 0.7291553581631119 0.8546458911423209 0.8387607923478633 0.3602251078279165 0.6001875605408
336 5120 5 7168 3.1622776601683795e-05 512 0.1 7.8560889999071755 0.6743847253737905 0.8507953602931387 0.8448573620899814 0.4330704001273244 0.6580808461939341
338 10240 1 512 0.0001 64 0.3 8.204260897636413 0.6490376254350938 0.8144626016592733 0.79455174105895 0.4667822053401474 0.6832146114802782
341 1280 4 1024 0.0001 32 0.3 2.606267293294271 0.36194205137917845 0.827246965102971 0.8226239476742515 0.848621157072086 0.9212063596567742
342 40 5 5120 1e-05 512 0.0 0.05604488849639892 0.6790288075153563 0.8245633615777841 0.8198839047323749 0.4268937411435563 0.6533710593097588
343 160 5 512 1e-06 256 0.0 0.07891709009806315 -0.13702840068055044 0.2896798087841279 0.35938203727291457 1.512255053157823 1.2297377985399258
344 5120 1 6144 1e-05 512 0.3 1.3246758699417114 0.7125823801728562 0.8465162594145201 0.8287757738923136 0.3822672746696917 0.6182776679370618
337 640 3 8192 1e-06 16 0.3 11.374194061756134 -2.34762682271549 0.829423540805255 0.8058779178629136 4.452365108653494 2.110062821020619
346 160 2 7168 3.1622776601683795e-05 64 0.0 0.3975434462229411 0.7199297017520667 0.8500800384191058 0.838597898173616 0.37249528992534736 0.610323922130984
339 2560 4 6144 3.1622776601683795e-05 64 0.2 11.379404032230378 0.6551125277476748 0.8305081172315565 0.8339118983504273 0.4587025463675639 0.6772758273905573
347 2560 2 8192 1e-05 1024 0.2 2.3770037293434143 0.6065985408832645 0.8453648637352961 0.8273705858582994 0.5232264595263073 0.7233439427591187
349 1280 2 256 3.1622776601683788e-06 256 0.0 0.6260600487391154 0.6708269718675126 0.8204546733252912 0.8063639463054236 0.4378022350705311 0.6616662565603079
348 5120 3 4096 0.0001 1024 0.0 1.7363163630167644 0.7076002171859518 0.8435089150297996 0.8299956923812344 0.3888935833424501 0.6236133283874312
331 10240 1 2048 3.1622776601683788e-06 16 0.3 27.972201983133953 0.6971353488440108 0.8396871280299328 0.8218814687293117 0.4028119252424935 0.6346746609425127
340 5120 5 8192 1e-06 256 0.3 13.298183902104695 -13.320181156148626 0.8177938684082029 0.7984840926828883 19.045932628032403 4.364164596808008
353 40 4 2048 1e-06 128 0.3 0.05677805741628011 -0.45901667705299576 0.2250466650630047 0.32590446450483923 1.9405015223844182 1.3930188521281464
355 640 4 4096 0.0001 128 0.1 0.8373488664627076 0.3614258090323097 0.8483174128014487 0.8326158593659598 0.8493077626988574 0.9215789508766232
356 1280 4 2048 1e-05 256 0.0 0.5234841585159302 0.7276596882641306 0.8533794786550761 0.8416123803839407 0.36221435837015165 0.6018424697295395
354 640 3 4096 1e-06 16 0.1 4.172732988993327 0.5126408877294937 0.8489431807759515 0.8324213005400541 0.6481907398200938 0.8051029374062013
352 10240 5 5120 0.0001 1024 0.0 7.133625864982605 0.7230117658387158 0.8516179971790651 0.8359608114274107 0.3683961249560275 0.6069564440353422
359 1280 2 2048 1e-06 1024 0.1 0.26998026768366495 0.5386669701686669 0.7365375456783736 0.7707625932804832 0.6135758835341956 0.7833108473232039
358 5120 2 256 1e-06 256 0.1 1.628538930416107 0.6835775601358212 0.8300714084494467 0.8176512703237666 0.4208438710332358 0.6487248037752493
361 1280 5 2048 0.0001 256 0.1 0.6799012621243795 -0.45382034995109377 0.8488909448480065 0.8323790932919181 1.9335903740674465 1.3905360024348332
364 640 2 5120 0.0001 256 0.1 0.3957921942075094 0.7084331799792138 0.8450977471285857 0.827065219182702 0.38778573749405354 0.6227244474838398
362 1280 5 256 1e-06 32 0.2 2.770090075333913 -8.649546362912439 0.7623552132383338 0.7377874895074669 12.833958447529431 3.5824514578050364
366 5120 3 512 3.1622776601683795e-05 512 0.0 1.1836796998977661 0.6958119548253476 0.8362891732020106 0.822490358969234 0.4045720477608444 0.636059783165737
360 10240 1 6144 1e-06 64 0.3 11.57484116156896 0.7151252983976162 0.8475397692503228 0.8280982830508355 0.3788851771487691 0.6155364953833112
367 2560 3 5120 3.1622776601683795e-05 512 0.2 1.481050399939219 -1.7742439382223396 0.826453667597286 0.8062371033876627 3.689762200977674 1.9208753736194533
368 160 5 2048 3.1622776601683795e-05 16 0.2 0.7955528418223063 -1.1297002961048084 0.8474287382277035 0.8262632077436661 2.832515030027868 1.6830077332050106
363 5120 2 1024 3.1622776601683788e-06 16 0.1 16.096038579940796 -0.11741893410008841 0.8373915870644649 0.8152109172747687 1.4861743370488112 1.2190875018015774
370 40 2 6144 0.0001 128 0.3 0.06454999446868896 0.6345143491343016 0.8414024333017973 0.8217572061673318 0.48609825581094884 0.6972074697039246
369 1280 2 2048 1e-06 16 0.1 4.108400173981985 0.7090581986393889 0.848789500089087 0.8322460206580566 0.38695445867410316 0.6220566362270425
371 1280 2 5120 1e-06 128 0.3 1.1393277208010355 0.5548703965257233 0.8428420250301478 0.8234295347491557 0.592025222730769 0.7694317531339404
321 5120 5 5120 3.1622776601683788e-06 16 0.1 72.92376966079077 -3.1270193317627086 0.8499693638029645 0.8347943063031616 5.488962136040456 2.3428534175318045
350 5120 3 7168 1e-05 32 0.0 36.04429138104121 0.7269066241711535 0.8541506611609083 0.8380110515445103 0.3632159384355878 0.6026739901767686
376 160 3 512 3.1622776601683788e-06 1024 0.2 0.049477219581604004 -1.507048917894398 0.14145293015450353 0.18002434531005573 3.334391113124733 1.8260315202987962
372 10240 2 6144 3.1622776601683788e-06 512 0.2 6.59436004559199 0.4704861017340274 0.8472855051993942 0.829524077068874 0.7042568751059624 0.8392001400774206
377 640 4 5120 1e-06 256 0.1 0.6771103580792744 0.48323296013841843 0.8383778036237313 0.8205106731516387 0.6873034718115592 0.8290376781615895
374 10240 3 1024 1e-06 512 0.2 2.4374020377794903 -0.4610644279006395 0.8250527973962355 0.8015424409414943 1.9432250441232808 1.3939960703399707
380 160 4 1024 1e-06 128 0.0 0.135997998714447 0.47980675746926293 0.6963120780340922 0.7341879300548579 0.6918603432990893 0.8317814275992758
357 10240 1 7168 1e-05 16 0.1 38.95721176862717 0.6984745271755173 0.8387280264090834 0.8221100145270788 0.40103080948699626 0.6332699341410393
351 10240 5 8192 3.1622776601683795e-05 128 0.0 43.70481678644816 0.7274632893952689 0.8545986873101401 0.8397447557317024 0.3624755701232554 0.6020594406894184
379 5120 1 5120 0.0001 512 0.2 1.3112977941830952 0.7058814986460638 0.8430614070575736 0.8269895410338606 0.3911794900052441 0.625443434696731
375 10240 2 512 0.0001 64 0.0 8.595080626010894 0.7034173322064541 0.841574093675564 0.8253031310819163 0.3944568471476789 0.6280579966433665
373 10240 1 8192 3.1622776601683788e-06 64 0.2 11.381025830904642 0.7064572968825773 0.8431060873489358 0.8241895969756337 0.3904136746639161 0.6248309168598463
384 40 3 8192 0.0001 16 0.3 1.3739451487859091 0.6248923664146846 0.8378496391303318 0.8190723828391738 0.4988955544364088 0.7063253884976872
382 2560 4 256 1e-05 32 0.1 5.399655357996623 -1.8706894341178826 0.83716557563443 0.8159745919993405 3.818035328047368 1.953979357119048
365 10240 4 1024 3.1622776601683795e-05 16 0.0 35.21135534445445 0.7292455740408554 0.8556123939629401 0.8389690639216352 0.3601051201328765 0.6000875937168477
381 1280 3 4096 1e-05 16 0.0 8.135768934090931 0.7225479724276433 0.8519338995173924 0.8388666237971198 0.3690129731623661 0.6074643801593358
387 1280 5 6144 3.1622776601683795e-05 1024 0.2 1.3796878298123678 -1.1826876414571106 0.8417320760606892 0.8271677698938936 2.902988538617871 1.703815875796992
389 2560 4 256 1e-05 256 0.3 1.3943073113759359 -9.704755006198123 0.7855106512291945 0.7782968266772337 14.237392699470261 3.7732469703784646
390 160 5 6144 3.1622776601683795e-05 1024 0.1 0.17546103398005167 0.43574771179911564 0.8225709361566849 0.8037993306944459 0.7504591561450236 0.8662904571476149
378 5120 2 2048 0.0001 16 0.0 15.206825264294942 0.6933960702710555 0.8364269050100274 0.8198687543577163 0.4077851896866639 0.6385806054733136
392 1280 2 512 3.1622776601683795e-05 128 0.0 0.6082780957221985 0.7013993747334334 0.8404015009775649 0.8245649281551283 0.3971407435075295 0.6301910373113295
391 10240 2 6144 1e-06 512 0.0 4.6614760478337605 0.7321137609129206 0.8558864420032031 0.8447547376543387 0.35629041322838284 0.5969006728329118
393 1280 4 2048 0.0001 512 0.2 0.6036012808481852 -3.900473310897847 0.8352794649203538 0.8181869890461784 6.517660880620677 2.5529709909477383
398 160 3 512 0.0001 256 0.3 0.07285969654719035 -5.167696950797038 0.7379831208130397 0.7133151003803524 8.20307643556336 2.864101331231729
397 160 2 4096 3.1622776601683788e-06 16 0.2 0.7325015584627788 0.678762090279063 0.8520886419763682 0.8372934546017466 0.4272484767755839 0.6536424686138317
395 40 5 4096 1e-05 32 0.0 0.23760650555292764 0.7301586225173542 0.8563751610905512 0.842963491533225 0.3588907598129962 0.5990749200333763
394 5120 5 256 1e-06 128 0.0 2.9683557232220967 0.6504325501751816 0.8134276342404405 0.7944883748934078 0.46492694650429933 0.6818555173233545
396 40 5 6144 1e-05 128 0.0 0.12947338422139484 0.7083676074376806 0.849079149490632 0.8355088068189879 0.38787294939414574 0.6227944680182586
383 5120 3 1024 1e-06 16 0.0 16.474727443854015 0.7049829119245169 0.8408730625059939 0.8240370979489621 0.39237461609844143 0.6263981290668431
402 160 4 2048 3.1622776601683795e-05 1024 0.1 0.06565892299016317 0.3872923462120713 0.8191006646869203 0.8007173168871036 0.8149051026295254 0.9027209439408866
404 640 4 512 3.1622776601683795e-05 32 0.3 1.333664317925771 -5.237190689984953 0.7537187927071611 0.7375372318589117 8.295503553643131 2.8801915828019378
401 2560 5 256 1e-05 128 0.0 1.475772988796234 0.6720022102834374 0.8260391771751541 0.8051470505189893 0.43623916045244426 0.6604840349716594
405 640 1 7168 3.1622776601683788e-06 1024 0.1 0.18899676005045574 0.6242132365305251 0.7914198854072685 0.7937838786707696 0.49979880153072576 0.7069644980695464
408 5120 2 4096 1e-05 512 0.1 1.6896643400192262 0.6842075401617764 0.8484538982984605 0.8326849391764463 0.4200059935650309 0.6480786939601015
406 1280 3 7168 0.0001 128 0.0 2.528662319978078 0.7140890432245978 0.8483063473141901 0.8301390127137699 0.3802634031638977 0.6166550114641879
399 1280 2 5120 0.0001 16 0.0 7.296192117532095 0.7002043197368081 0.8398829386042566 0.823701025039568 0.39873017430483093 0.6314508486848608
409 160 1 6144 1e-06 1024 0.2 0.059302147229512533 -2.476657505173831 0.12917146724864456 0.17838637232234794 4.623976742490642 2.1503434010619427
403 10240 4 4096 1e-06 1024 0.3 6.206651083628336 -5.793764428696571 0.785084842473724 0.7601899909513189 9.035750189802627 3.005952459671082
407 1280 1 6144 1e-06 16 0.3 4.184623265266419 0.7160322406001658 0.8475640969044815 0.8299851129225313 0.37767893821233894 0.6145558869723232
410 640 3 6144 1e-05 256 0.2 0.6463438709576924 -0.2571478597992687 0.8466450429666523 0.828839987889041 1.6720147028958083 1.2930640753248883
411 1280 3 2048 0.0001 128 0.2 0.7914478778839111 -4.515207151155682 0.8316391458094072 0.8158958542857871 7.3352608242286 2.7083686647553358
416 40 3 6144 1e-06 512 0.0 0.0489127516746521 -0.09595395748936286 0.2504308899531432 0.31999729287706447 1.457625780718947 1.2073217386922788
413 40 5 512 1e-06 256 0.0 0.043686938285827634 -13.758342602717779 0.1018201092724199 0.1359286453643899 19.628690157463108 4.430427762356938
412 1280 1 5120 1e-05 64 0.2 1.1210210959116618 0.722884311374951 0.8519298431906737 0.8348173083318402 0.36856564020891014 0.6070960716467453
415 2560 1 5120 1e-05 128 0.1 1.3065041422843933 0.722006659004413 0.8517392313867145 0.8369254221428906 0.3697329234812256 0.6080566778526699
417 40 5 256 1e-06 64 0.1 0.07146579027175903 -4.662532456651144 0.1419049623358384 0.1733985814594302 7.531204423843336 2.744303996251752
414 2560 3 6144 3.1622776601683788e-06 1024 0.1 1.8974636713663737 0.562762525995945 0.8465827802701633 0.8270896957003984 0.581528640003042 0.7625802515165483
388 10240 3 5120 3.1622776601683795e-05 64 0.3 24.415405615170798 0.3325317111534196 0.803938773976647 0.7926817940865085 0.8877370978831282 0.94219801415792
421 5120 2 512 3.1622776601683788e-06 256 0.0 1.5262335220972696 0.6818444494419198 0.8298156256957463 0.8148154961824059 0.4231489193530187 0.6504989772113547
420 2560 5 5120 0.0001 512 0.2 2.2648479024569195 0.7091731883070774 0.843182401012195 0.8318233952433144 0.38680152167981285 0.6219336955655425
400 10240 5 8192 0.0001 1024 0.1 15.379448727766674 0.6698590542820929 0.8232316601531402 0.8006230233144117 0.43908957165659623 0.6626383415231843
423 40 4 4096 3.1622776601683795e-05 64 0.2 0.12421837250391642 0.004082006732319399 0.8384694982849505 0.825569608109668 1.3245773077861618 1.1509028229117182
422 2560 2 2048 1e-06 512 0.0 0.604476801554362 0.697310476988043 0.8352523891005595 0.8255981763343889 0.4025790036896068 0.6344911375973716
419 10240 3 2048 0.0001 256 0.1 3.823265290260315 -1.2984252435204984 0.8441391540967365 0.8259889159241199 3.056920290415776 1.7484050704615839
418 10240 1 4096 1e-05 128 0.2 4.983671120802561 0.6992834126954612 0.8399942896534736 0.8222826403288441 0.3999549865662764 0.6324199447884897
427 160 1 2048 0.0001 64 0.1 0.15446347792943318 0.7062709953671302 0.8453743669001417 0.8276543144075599 0.39066145687232623 0.6250291648173917
428 640 2 2048 1e-05 512 0.0 0.16722455819447835 0.7118774442578516 0.8443682549329 0.8320976870628607 0.38320484395026566 0.6190354141325565
429 160 1 8192 3.1622776601683795e-05 64 0.3 0.22647480567296346 0.6974828233397273 0.8389560785221079 0.8209814774950394 0.40234978193835425 0.6343104775568147
425 10240 3 1024 3.1622776601683788e-06 256 0.2 3.5452003439267474 -4.374813092615511 0.8353863921580962 0.8170122267834293 7.148535827444323 2.673674592661628
430 160 5 6144 1e-05 32 0.1 1.5610485076904297 -0.008452933378913174 0.8499909934337431 0.8341814718051163 1.3412488583937776 1.1581229893209863
432 160 2 8192 0.0001 32 0.1 0.8978870709737142 0.6909491989220337 0.833914968406172 0.8214664737952366 0.41103954424787864 0.6411236575325221
386 10240 1 7168 3.1622776601683788e-06 16 0.0 37.87905354499817 0.7153669247559473 0.8469976305634881 0.8316320065687971 0.37856381254508487 0.6152753956929246
426 2560 3 6144 1e-05 128 0.2 4.138517649968465 -3.9523803568110605 0.8243570988841636 0.8073463246135684 6.586697584039667 2.5664562306884697
435 40 1 5120 1e-06 1024 0.0 0.03349060217539469 -13.541671736972182 0.10923664013903028 0.14595052604538597 19.340516518704618 4.3977854107157865
434 5120 2 256 1e-06 1024 0.2 1.770526643594106 0.4435169504833195 0.6765922971633935 0.7099519383795307 0.7401260189495549 0.8603057706127252
385 2560 4 6144 1e-05 16 0.3 39.38055334091187 0.6579209054683807 0.8418480283313439 0.8429629385998434 0.4549673860173287 0.6745127026360057
439 40 3 1024 0.0001 32 0.2 0.09794076681137084 -0.38697085571496936 0.8094828598892058 0.7817646773983228 1.84468011870433 1.3581900156842304
438 640 2 256 0.0001 32 0.2 1.083944555123647 -2.633650209376204 0.8277734814747355 0.8020109746086415 4.832778044284732 2.1983580336889466
433 1280 2 2048 1e-05 16 0.1 4.109652650356293 0.3674313142120108 0.8347706562913059 0.8139030823781582 0.8413204023573455 0.9172351946787397
440 40 3 4096 3.1622776601683788e-06 128 0.2 0.06490152676900228 0.4395368631047647 0.7633617934791487 0.7743178074758802 0.7454195606470416 0.8633768358295476
437 10240 3 4096 0.0001 512 0.3 4.494411015510559 0.5789793248684681 0.8160754364691751 0.8242799831524279 0.5599601936684221 0.7483048801580958
444 40 2 2048 1e-06 256 0.1 0.02781896193822225 -1.5459015551519308 0.11991962022271328 0.15913717622985146 3.3860653694458986 1.8401264547432328
442 2560 1 1024 3.1622776601683788e-06 32 0.1 4.17274229923884 0.7165192073277116 0.8493904117279142 0.831288008280932 0.37703126934671505 0.614028720294674
431 2560 5 5120 3.1622776601683788e-06 64 0.2 9.78595722913742 -8.749821930502835 0.8528375342675204 0.8405817862849121 12.967325594476755 3.601017299941331
446 1280 2 2048 3.1622776601683788e-06 1024 0.0 0.2686358094215393 0.6886778151864044 0.8300547145920617 0.8224548975083548 0.41406049915965576 0.643475329099458
447 160 5 7168 1e-06 1024 0.3 0.22296762466430664 -0.9534512284611609 0.39061587408290227 0.4515181744959347 2.5981026415607626 1.6118630964076206
443 5120 2 2048 1e-05 64 0.2 4.715902145703634 -2.3729376568584915 0.8416289225336904 0.8236591126892356 4.486028680125837 2.1180247118779887
449 40 4 2048 1e-06 512 0.0 0.03583022753397624 -2.518340954496629 0.09578620866921594 0.13157164090330978 4.679415996983951 2.1631957833224322
450 40 4 6144 0.0001 16 0.0 0.6977738936742147 0.7019225939648547 0.8405169179786248 0.8176509385637377 0.39644485857963085 0.6296386730336939
445 5120 5 1024 3.1622776601683788e-06 64 0.0 5.332067354520162 0.7134031174878068 0.845079735532202 0.8298272473053461 0.3811756887857276 0.617394273366483
441 10240 2 2048 1e-06 64 0.3 9.53414614200592 -0.4116868681067116 0.8116756272619334 0.7875232205330979 1.877552573438928 1.370238144790506
454 160 1 2048 1e-06 128 0.0 0.09699355761210124 0.27600553708636144 0.5650401139449176 0.6052429807501775 0.9629172713224403 0.9812834816312972
451 5120 5 1024 3.1622776601683795e-05 1024 0.2 1.0701512773831685 -8.872899298968818 0.8382236625328975 0.8185837371786572 13.131019282585731 3.623674831243241
456 160 3 512 3.1622776601683788e-06 64 0.3 0.21139180262883503 -0.12912367539865688 0.7569820072072093 0.7564359419118645 1.501741717919923 1.2254557184655523
448 10240 4 1024 1e-05 256 0.1 3.696706676483154 -2.297703886811194 0.8460147662009083 0.8295184002861554 4.385967284250376 2.094270107758399
455 5120 5 2048 0.0001 1024 0.0 1.3170790553092957 0.7142126308839409 0.846585107142247 0.8305607165728759 0.3800990307856547 0.6165217196382092
466 160 3 2048 3.1622776601683795e-05 1024 0.3 0.05667517979939778 -0.3587502901485209 0.8065373337498167 0.7954342964605862 1.807146585808151 1.344301523397244
462 160 1 1024 1e-06 512 0.2 0.05779747168223063 -3.297917200524078 0.13273333190040545 0.16890986826683035 5.716257395731065 2.3908695898628736
465 40 2 6144 1e-05 128 0.0 0.09385462999343872 0.7253318985110567 0.8516735185599584 0.8412402930802854 0.36531033364629073 0.6044090780640962
469 40 2 256 0.0001 16 0.3 0.13668237129847208 -1.0068345726915693 0.7300206792407764 0.6935049349410134 2.669102831194179 1.6337389115749734
460 160 2 8192 1e-05 128 0.3 0.2960910161336263 0.5813501943801564 0.8484956984568521 0.8299850023358549 0.5568069220374915 0.7461949624846655
475 2560 1 7168 0.0001 256 0.2 1.011467413107554 0.6952175538332035 0.8408107204585877 0.8236963066747108 0.4053626048862725 0.6366809286340156
468 1280 5 4096 1e-05 256 0.3 1.1823752005894979 -12.740081184982285 0.8466965446750911 0.8314996343172194 18.27439595207256 4.274856249287519
459 1280 4 512 0.0001 128 0.1 0.7629471858342488 -2.142011565919168 0.8418763522392791 0.8235716017660258 4.178895500585242 2.0442346980191
476 640 1 2048 3.1622776601683795e-05 1024 0.2 0.12998958826065063 0.6999831431145915 0.8385848875259738 0.8231112662946521 0.3990243406285455 0.6316837346556784
458 10240 5 512 0.0001 1024 0.1 2.0089924256006877 -1.3154793543108791 0.8498340580249277 0.8353037791210555 3.079602366962352 1.7548795875963548
472 10240 1 512 3.1622776601683788e-06 1024 0.0 1.6780776540438334 0.6961535801497811 0.8353901488548584 0.8222338347423531 0.404117683891963 0.6357025121013469
477 5120 1 8192 3.1622776601683795e-05 1024 0.1 1.3448078234990437 0.7038576111564687 0.8409874855225253 0.821215921248878 0.3938712733251076 0.6275916453595504
486 40 5 7168 3.1622776601683795e-05 512 0.2 0.07538297176361083 -1.4754749808679888 0.8288026112954264 0.8214462732956921 3.292397574715582 1.814496507220552
487 160 1 6144 0.0001 128 0.0 0.09759697914123536 0.6989917845917397 0.8393898557189641 0.8224983580721559 0.400342853811485 0.6327265237142229
482 160 3 7168 1e-06 128 0.1 0.3349647561709086 0.6923578532431045 0.8402067190864524 0.8284448248322563 0.4091660249814144 0.6396608671643236
473 5120 3 4096 3.1622776601683788e-06 256 0.0 2.982599977652232 0.7295453076637151 0.8541534530246977 0.8422332139849079 0.35970647249531573 0.5997553438655764
485 40 1 6144 3.1622776601683795e-05 1024 0.0 0.04294954538345337 0.46641973543343695 0.6910410522276962 0.7165665329758459 0.7096651683221897 0.8424162678404244
464 2560 5 4096 1e-06 128 0.2 3.8808198889096577 -7.785060040429732 0.8302983919706505 0.8136892446083441 11.684186103428072 3.418213876197344
481 1280 1 7168 1e-05 32 0.1 2.5093355814615887 0.7159853334353345 0.8482296851911764 0.8323049633565454 0.3777413250419053 0.6146066425299236
470 2560 4 5120 0.0001 128 0.1 4.338018580277761 0.6869380755420265 0.8289237837227286 0.8268590455643627 0.4163743640260167 0.645270767992799
479 1280 2 4096 3.1622776601683788e-06 32 0.2 3.0379828929901125 0.5096165272920512 0.8461086381113361 0.8287054776283874 0.6522131585664993 0.8075971511629417
480 40 5 7168 0.0001 16 0.1 1.3763293822606404 0.7138337664279637 0.8482366109313528 0.8303839990640862 0.38060292293792686 0.6169302415491777
489 640 3 2048 1e-05 256 0.1 0.24965351819992065 0.45843818313041274 0.840764125778878 0.8229324476390119 0.7202806839901075 0.8486935159349973
463 2560 1 8192 1e-06 32 0.0 5.21719632546107 0.7059930376787751 0.8420868201847636 0.8251528437887716 0.3910311423775674 0.6253248294906956
483 640 3 1024 3.1622776601683788e-06 16 0.2 2.262298027674357 -1.4661356094052902 0.8167351847262145 0.7911247336836554 3.2799761508713488 1.8110704433763334
467 5120 4 7168 3.1622776601683795e-05 1024 0.1 5.374326697985331 0.21966940073119268 0.8500985587490879 0.834340016236761 1.0378446933881516 1.018746628651183
490 5120 1 7168 1e-06 1024 0.3 1.292536183198293 0.6928032881320584 0.8327090100560672 0.819828758843107 0.40857359372704105 0.63919761711621
484 2560 5 256 1e-05 64 0.0 2.6836628635724384 0.6717796948312208 0.8235687872840443 0.8037980405165552 0.4365351074286315 0.6607080349357283
461 2560 5 6144 3.1622776601683795e-05 128 0.3 6.965824886163076 0.6816550256539762 0.8462144391759232 0.8272302882282506 0.42340085420384094 0.6506925957807119
494 1280 1 4096 0.0001 256 0.2 0.4022138158480326 0.7012930515884964 0.8410754744335318 0.8225248251500265 0.3972821539710696 0.6303032238304589
492 5120 1 512 0.0001 128 0.2 2.2831321040789287 0.6829382565080229 0.8324477822477672 0.812653969006684 0.4216941489515898 0.649379818712893
495 1280 1 8192 0.0001 64 0.2 1.4416980465253195 0.6895503274562281 0.8362540399451369 0.8181895325397341 0.41290005225420157 0.642572993716824
457 5120 2 8192 3.1622776601683795e-05 128 0.1 8.374485560258229 0.5811457234058235 0.8381570113069903 0.8170086846368182 0.5570788697425567 0.7463771631973721
496 160 4 2048 0.0001 32 0.0 0.32382935682932534 0.7098512158252268 0.8437991448459075 0.8304089179284879 0.3858997407393475 0.6212082909454344
474 10240 2 8192 0.0001 256 0.2 9.98121341864268 0.6787402002580586 0.8306275974040542 0.8118860182639606 0.42727759064367893 0.6536647387183119
452 10240 4 8192 0.0001 512 0.0 15.376225197315216 0.7083426698521011 0.8432642311367279 0.8267855823404661 0.38790611654263846 0.6228210951329751
436 10240 1 512 3.1622776601683788e-06 16 0.0 27.395334541797638 0.6800041150725363 0.8300899710297183 0.8165954624625328 0.42559657584773275 0.6523776328536508
424 2560 3 7168 0.0001 16 0.3 35.90844062169393 0.5216557429246191 0.8188934426803631 0.8036700548698057 0.6362009246895702 0.7976220437585525
471 2560 2 8192 0.0001 32 0.0 13.732430406411488 0.7047138487740194 0.8429456054042027 0.8262504165514363 0.3927324718113812 0.6266837095468345
488 1280 3 8192 0.0001 32 0.2 11.377367575963339 0.6399040774485907 0.8439074713168828 0.8317775539652065 0.4789298826431784 0.6920476014286723
498 10240 5 6144 3.1622776601683788e-06 1024 0.1 9.374793863296508 -2.0792550219095767 0.8490766834871628 0.8345404730187382 4.095428895230071 2.0237166044755552
499 5120 3 1024 3.1622776601683795e-05 32 0.2 9.482372152805329 -3.845430705306052 0.8449734519648484 0.8257922928135892 6.444453862752571 2.538592890313957
497 1280 5 6144 1e-05 32 0.3 13.380931731065115 0.2848460940949832 0.8167282397988521 0.8395821195930331 0.9511592738959767 0.9752739481273847
493 10240 1 6144 3.1622776601683788e-06 32 0.2 18.079560911655427 0.7055608763869621 0.8429968969300792 0.8247195283286501 0.39160591966275415 0.6257842436996589
491 10240 5 7168 3.1622776601683795e-05 256 0.3 22.38326606353124 0.6460697369622692 0.8296952396999557 0.8100791794214831 0.47072951601202806 0.6860973079760829
345 10240 4 6144 1e-06 16 0.2 152.78519294659296 -6.828571674518419 0.843747795388543 0.8315728795591812 10.41205045248892 3.2267709017667987
478 10240 5 7168 1e-05 64 0.1 68.38170204559962 0.26906435923598027 0.8472806591793298 0.8355707722199632 0.9721490823069535 0.9859762077793528
453 10240 5 7168 1e-06 32 0.3 125.37953272660573 -6.985802994993297 0.7901422098438544 0.7779733975111675 10.621169115453272 3.2590135187589007
