2 2560 2 256 1e-05 32 0.2 3.918085320790609 0.48329316258545363 0.7125522943073247 0.7526681327855271 0.6302097985593825 0.793857542988276
12 5120 4 4096 3.1622776601683795e-05 16 0.2 38.375275333722435 0.5883414796179456 0.7824666519777665 0.7714085163356946 0.5020859303959434 0.7085802215670033
11 20480 2 1024 3.1622776601683795e-05 32 0.1 41.64885401725769 0.5081401249372932 0.7332369069633794 0.7884049458046191 0.5999048015964673 0.7745352164985575
9 10240 5 256 0.0001 16 0.25 50.71109557946523 0.5809508274435574 0.7770436221550213 0.7496469160265299 0.5111000581000575 0.7149126227029828
13 5120 5 256 1e-05 8 0.1 51.33868523041407 0.5987485998551276 0.7930578972362475 0.778375559802169 0.48939271893956815 0.6995660933318367
1 5120 2 4096 3.1622776601683795e-05 4 0.05 52.709921773274736 0.6111514889924428 0.7863695659480604 0.766251797314525 0.4742653358689418 0.6886692499806724
8 20480 5 2048 3.1622776601683795e-05 32 0.1 55.219275057315826 0.5776163623971245 0.7779500552359583 0.7564313201294044 0.5151669919841351 0.7177513441186544
10 5120 5 2048 3.1622776601683795e-05 4 0.1 83.13955102761587 0.533798496655352 0.7557929872265851 0.7446655230642333 0.5686101561593944 0.7540624351864998
4 20480 1 512 1e-06 8 0.2 115.41602892875672 0.509552904762009 0.7371280453672681 0.7578237859453839 0.5981816819776175 0.7734220594071631
14 10240 2 1024 1e-05 4 0.05 116.84568472703297 0.38492024236623135 0.681263479024288 0.7836941257642368 0.7501919117151955 0.8661361969778169
5 20480 2 256 3.1622776601683788e-06 8 0.2 125.01907039086024 0.3200876680368666 0.6500359396945795 0.7631465743580377 0.8292660029593476 0.9106404356052654
16 20480 5 256 0.0001 16 0.2 99.4057427684466 0.5798777073889364 0.7755007828578498 0.7454238926968222 0.5124089062214346 0.7158274276817246
0 20480 5 256 3.1622776601683795e-05 8 0.1 161.91815232435863 0.5828751725240797 0.7740141578052685 0.7558237486733363 0.5087529996952899 0.7132692336665657
18 5120 1 512 0.0001 32 0.2 7.426723957061768 -0.6366712130765417 0.5294114939412642 0.7684646893787809 1.996192348957429 1.4128667130898898
19 10240 1 256 3.1622776601683795e-05 16 0.25 28.511669635772705 -1.9673415785005646 0.4219443017820143 0.7726270827790072 3.6191658461515757 1.9024105356498568
6 40960 1 256 0.0001 8 0.25 222.72004491488138 0.4884095858746106 0.7321765060291269 0.750421543105917 0.6239694706656427 0.789917382177176
21 5120 5 2048 3.1622776601683788e-06 16 0.25 22.39662894407908 0.40353954804943104 0.781302056861829 0.7763977060712574 0.7274825762966072 0.8529258914446244
7 40960 2 1024 3.1622776601683788e-06 8 0.05 261.2712106267611 0.2720453805800762 0.6410797410660086 0.7842967473526873 0.8878615509725535 0.942264055863617
22 5120 3 512 1e-05 8 0.2 36.902436673641205 0.5806293620349143 0.8067870708546938 0.7973240486191249 0.5114921385521732 0.7151867857784938
25 2560 5 512 0.0001 32 0.25 5.46502826611201 0.6200357952786507 0.7920889595478512 0.7718606759601546 0.46342944892193205 0.6807565269036588
23 10240 3 4096 1e-06 16 0.25 52.73614352941513 -0.17882690206573892 0.7654261411583839 0.7578653955312531 1.4377751767414797 1.199072631970841
24 10240 4 2048 3.1622776601683795e-05 8 0.05 80.64110027949015 0.5648204024341601 0.7744133322535741 0.7512720594389499 0.5307737902045427 0.7285422363902746
3 40960 2 256 3.1622776601683788e-06 4 0.2 360.137400329113 0.4927927871216691 0.7176122910051496 0.7666609650746831 0.6186234288196011 0.7865261780891982
27 5120 4 256 1e-05 8 0.05 37.812151090304056 0.6293902617460878 0.7964726544720555 0.7764206061756362 0.45202012355365867 0.672324418382717
28 20480 4 2048 3.1622776601683788e-06 32 0.05 40.31010976235072 0.6442361840499473 0.8044962568896804 0.7911037066488964 0.4339130558179994 0.6587207722684927
20 40960 4 4096 0.0001 16 0.05 291.2547108610471 0.5090324064916893 0.748069297600824 0.7396436217099193 0.598816516058254 0.7738323565593869
29 5120 4 4096 3.1622776601683788e-06 4 0.05 128.38111686706543 0.6510538544131095 0.8077957563786069 0.7908198595823365 0.4255977745886827 0.6523785516007425
31 5120 4 4096 1e-05 32 0.2 20.381397064526876 0.639979865849653 0.8068241190650872 0.7905530662967829 0.4391043427168411 0.6626494870720426
32 5120 3 1024 1e-06 16 0.25 22.46590527296066 -0.9023888562548683 0.748395272918006 0.7512574243432305 2.320279142968127 1.5232462515851226
17 40960 1 256 1e-05 4 0.25 403.37167306343713 -2.865357714737578 0.39198160496896545 0.7639780281714358 4.714445659271136 2.1712774256808216
53 2560 4 256 0.0001 16 0.25 11.728725810845694 0.6067380756019419 0.800781881032949 0.7894066351006365 0.4796482264412903 0.6925664057989604
37 5120 1 256 0.0001 16 0.2 13.912368063131968 -0.2679545073927072 0.5703018812206622 0.7736262457705245 1.5464810930019321 1.2435759297292355
44 10240 3 256 0.0001 32 0.2 18.248893543084463 0.6207281355678169 0.8006128787839905 0.7931720706166727 0.4625850249612328 0.6801360341587798
59 2560 2 2048 1e-06 32 0.1 4.091965754826863 0.4628665829038111 0.7122231425362646 0.7504375310256106 0.6551234047559603 0.8093969389341427
34 2560 4 256 1e-05 8 0.05 24.086803098519642 0.5977012040278523 0.7805250551037721 0.762636559719812 0.4906701920936336 0.7004785450630402
30 10240 2 4096 3.1622776601683795e-05 4 0.25 105.82683424949646 0.6599411595766332 0.8146443457103322 0.7979030819319173 0.414758230012758 0.644017259095405
58 5120 4 2048 1e-05 32 0.25 12.666320876280468 0.577285094601591 0.7965957624205768 0.7828149541597532 0.5155710280749618 0.7180327486089766
36 2560 3 2048 1e-06 4 0.1 27.546126782894135 0.3545566332192105 0.7359168537949219 0.7522787654489895 0.7872253756032062 0.8872572206543073
46 5120 3 256 3.1622776601683788e-06 8 0.1 32.912261831760404 0.5164700819935242 0.7680765481864603 0.7596962173094982 0.5897450355970794 0.7679485891627638
47 20480 2 4096 3.1622776601683795e-05 32 0.2 36.339749777317046 0.6376813794296536 0.799721069941755 0.7824900304379804 0.44190772861935274 0.6647614072878725
60 5120 4 1024 0.0001 16 0.25 20.17398843765259 0.5691205356564715 0.7689261396811911 0.7550449533017968 0.5255290636099201 0.7249338339530857
39 5120 2 1024 3.1622776601683795e-05 4 0.05 47.37474253972371 0.6141098946891561 0.7874514555136469 0.7909648987102234 0.4706570688146259 0.6860445093538945
50 5120 3 4096 1e-06 8 0.25 52.48741064469019 -0.43703906690978367 0.7598079973202354 0.7559530353625709 1.7527077934767084 1.3238987096740855
55 10240 5 512 3.1622776601683795e-05 16 0.2 52.53476833105087 0.6119117787588193 0.7876541975840174 0.7742544070358189 0.47333803623630594 0.6879956658557567
56 20480 5 2048 0.0001 32 0.05 54.133372064431505 0.5137546668308002 0.7472771283556735 0.7468186397158669 0.5930569353413679 0.770101899323309
66 5120 5 2048 3.1622776601683795e-05 16 0.05 21.069313327471416 0.6078867279435519 0.7882100364807563 0.7700795922518306 0.47824725415216224 0.6915542308106879
45 10240 1 512 3.1622776601683788e-06 8 0.1 56.37425381739934 0.487196763289524 0.7333291395031077 0.7511513301479306 0.6254487092235456 0.7908531527556463
38 40960 1 4096 3.1622776601683795e-05 32 0.05 58.15052324930827 0.3672483077358176 0.7082057442393602 0.7646666155742389 0.7717457708034826 0.8784906207828759
63 10240 2 2048 1e-05 16 0.2 32.83656646410624 0.3010432303002696 0.6512628285649783 0.7818678953885704 0.8524938575194151 0.9233059392852485
72 2560 4 512 1e-05 32 0.25 6.218582228819529 0.2281048341609293 0.7943703548991481 0.7901350026941285 0.9414543446076474 0.9702857025678815
49 2560 4 4096 0.0001 4 0.05 63.36236114104589 0.5588358007659897 0.7623086674239424 0.751249148824232 0.5380730058112639 0.7335345975557417
35 5120 5 256 3.1622776601683788e-06 4 0.1 63.49459991455078 0.5558230448319956 0.788936811380673 0.7723258539741136 0.5417475620059746 0.7360350277031485
48 2560 4 4096 3.1622776601683788e-06 4 0.2 63.7944343606631 0.5760876597310574 0.7951558048668667 0.7832336326823958 0.5170314987595049 0.7190490238916294
68 5120 1 4096 1e-06 8 0.1 28.54064716498057 0.5069984778590126 0.7407185173549646 0.7540620334148126 0.6012972298035898 0.7754335753651564
51 20480 3 1024 1e-06 16 0.05 72.55036100943883 0.5301957271724218 0.7545550218212054 0.7605947383962778 0.573004331861528 0.7569704960310726
54 10240 1 512 3.1622776601683795e-05 8 0.1 73.09187883933386 -1.0944023809861871 0.4909380415891124 0.7794972558500046 2.554471524371661 1.5982714176170645
83 2560 4 256 3.1622776601683788e-06 16 0.2 9.411123482386271 -0.06684643667002255 0.764000813891254 0.7579686200999414 1.301196402416103 1.1406999616095825
81 5120 4 2048 1e-05 32 0.1 9.914923743406932 0.6419292661011805 0.8068865948428763 0.7968612434932179 0.4367267253700803 0.6608530285699539
67 20480 4 2048 0.0001 32 0.2 39.77644168933232 0.5661092038585187 0.7681629145043549 0.7572367001552823 0.5292018828342199 0.7274626332906865
43 20480 2 512 3.1622776601683795e-05 16 0.1 79.18957820336024 0.6487275811065238 0.8058411662239207 0.7858196172008344 0.42843505121399905 0.6545495024931263
86 2560 2 256 0.0001 16 0.1 7.749164462089539 0.5766298382169843 0.7706781324212847 0.7705856304074656 0.5163702220554672 0.7185890494959322
84 5120 1 4096 1e-05 16 0.05 14.135039861996969 0.5405298407246657 0.7580232526992543 0.7499906071781762 0.5604001641817719 0.7485988005479115
71 2560 5 1024 1e-05 4 0.25 32.70383323431015 0.5934549481069307 0.7958569199745359 0.7830951936957155 0.4958492063717215 0.7041656100461889
70 5120 2 512 0.0001 8 0.1 39.43485604921977 0.6524004616721304 0.8094920756697682 0.7954952192367315 0.42395536340308176 0.6511185478874656
90 2560 1 2048 3.1622776601683788e-06 8 0.25 14.23331606388092 0.5634428042436543 0.7612359298641733 0.75684479232948 0.5324539999778031 0.7296944565897449
76 5120 3 256 3.1622776601683795e-05 8 0.2 33.90556135177612 0.6243993305772924 0.805203413792009 0.7888142775434406 0.4581073929659403 0.6768363117962424
87 5120 2 1024 0.0001 16 0.25 20.342489178975423 0.6570151781176891 0.8111264739569671 0.795780952057922 0.41832695032436934 0.6467819959803839
80 5120 1 1024 3.1622776601683788e-06 8 0.2 35.13767932256063 0.5667963639362943 0.7632222581472042 0.745276999500514 0.5283637770015976 0.7268863576939641
77 10240 4 4096 0.0001 32 0.1 38.21236193974813 0.5461479829965847 0.7573698686722556 0.7434625345939555 0.5535479066672783 0.7440080017494961
42 10240 1 4096 0.0001 4 0.05 101.93610477844874 0.12917610055966045 0.6470488515920891 0.769331234626173 1.062114364487685 1.0305893287278327
97 5120 1 512 1e-06 32 0.2 7.198702561855316 0.5024834217652282 0.7146166712961868 0.7156926659368411 0.6068040905325593 0.7789763093525754
93 5120 5 512 3.1622776601683795e-05 16 0.1 21.695791959762573 0.6366240598135493 0.8007363047729974 0.783499811047961 0.44319730548195463 0.6657306553569203
62 40960 5 1024 1e-05 32 0.25 87.6362431327502 0.6179900741695132 0.7917487241269829 0.7787719782212381 0.46592454555070745 0.6825866579055786
88 10240 3 1024 3.1622776601683795e-05 16 0.25 36.347132782141365 0.6517952538445054 0.8129052662522628 0.797736627004043 0.424693514856704 0.6516851347519782
100 10240 2 1024 1e-06 32 0.25 17.077948780854545 0.40718076113403545 0.7080711055998766 0.7560630240511296 0.7230415122378413 0.8503184769472208
52 10240 2 1024 1e-05 4 0.2 118.7194727142652 0.37167516525318345 0.6734894233664344 0.783696462460192 0.7663464828857344 0.875412178853901
94 2560 2 512 3.1622776601683788e-06 4 0.05 23.804023818174997 0.30733252362430075 0.6584835793768304 0.7476050045865638 0.8448230198377402 0.9191425459838861
73 5120 3 1024 3.1622776601683788e-06 4 0.2 66.01844958861669 0.5303645891337748 0.7940302912259491 0.7840376200696536 0.5727983766564815 0.7568344446815839
89 2560 3 4096 3.1622776601683795e-05 4 0.05 44.65425041119258 0.6198948523595934 0.7916889268984255 0.7711939912491395 0.4636013522183388 0.6808827742117867
101 2560 2 512 0.0001 8 0.25 20.326888875166574 0.645334715863485 0.8058209414260169 0.7905199836014168 0.43257321383645175 0.6577029829919063
108 2560 4 512 1e-06 32 0.1 5.107931101322174 0.2608582475117345 0.7419959062201429 0.7580227330589044 0.9015061176145087 0.9494767599127999
74 10240 3 512 3.1622776601683795e-05 8 0.2 69.60917021830876 0.660476186212118 0.8169330051325575 0.805847659723809 0.4141056761780538 0.6435104320662205
109 5120 2 2048 3.1622776601683788e-06 32 0.2 10.24049208164215 0.32020191282916366 0.6727495147082816 0.7521117941748562 0.8291266624623257 0.9105639255221599
116 2560 5 256 3.1622776601683788e-06 32 0.1 5.328853670756022 0.22359174589615483 0.7448288891309635 0.7515857096276055 0.9469588052423388 0.973118083914968
95 10240 4 512 0.0001 16 0.1 39.659573590755464 0.5880856868487139 0.7795187667697818 0.753357458092316 0.5023979121579366 0.7088003330684436
15 40960 3 4096 1e-06 4 0.1 704.6008356849353 0.6624065324810355 0.8152810307199367 0.8027222918688889 0.4117512983274113 0.6416785007520599
107 2560 4 2048 1e-05 8 0.2 19.44053451617559 0.603216415001276 0.7948012227269866 0.7842883844408476 0.4839434763916208 0.6956604605636436
115 2560 3 4096 1e-05 16 0.2 14.286305781205495 0.5933570756012432 0.783359168269107 0.7708068376245594 0.49596857814625117 0.7042503660959298
75 10240 5 2048 3.1622776601683788e-06 8 0.05 84.18053169250489 0.643969512504965 0.8042241377549242 0.7906454272790128 0.4342383060536759 0.658967606224825
78 10240 5 2048 1e-06 8 0.2 84.62719115018845 0.4463870907054258 0.7839227741956537 0.7743216382878637 0.6752228822675636 0.82171946689096
41 20480 2 256 1e-06 8 0.25 149.30396000146865 0.4433380598586486 0.6917940581835452 0.7557053045966521 0.6789416817426461 0.8239791755515706
122 5120 1 4096 1e-05 32 0.05 9.063803950945536 0.5005812182412579 0.7403714521974403 0.7399475289573219 0.6091241436320282 0.780464056591992
117 5120 5 4096 1e-06 32 0.2 23.571059242884317 -0.6830931783996868 0.7644569842254806 0.7545205587526915 2.052811645039162 1.43276363892973
125 5120 1 4096 3.1622776601683788e-06 32 0.25 7.3795166373252865 0.5250944008790989 0.7464229247297662 0.7491681721912717 0.579226246461666 0.761069146964759
124 5120 5 512 3.1622776601683795e-05 32 0.1 10.614232226212819 0.6315941880001774 0.7978688385071601 0.7801849413701583 0.4493320694772324 0.6703223623580168
99 20480 3 4096 3.1622776601683795e-05 32 0.1 58.64867354631424 0.6518507200922642 0.8095481137156839 0.7929351023524637 0.42462586455619356 0.6516332285543713
119 2560 5 4096 3.1622776601683795e-05 16 0.1 22.927807172139484 0.5407761111081313 0.7541063170141048 0.7408652765423995 0.5600997965506185 0.7483981537594935
69 10240 4 1024 1e-05 4 0.2 115.05548924605051 0.6391949460685353 0.8040047651007356 0.7869594900159891 0.4400616827427998 0.6633714515584762
128 2560 4 4096 0.0001 32 0.1 10.373178287347157 0.5753952266238284 0.7740979435929058 0.7566521329089623 0.5178760359272463 0.719636044071756
112 10240 5 4096 0.0001 32 0.05 49.589165298144025 0.5150537286099033 0.7539303460235018 0.7441349233771933 0.5914725137644807 0.7690725022808192
120 20480 3 256 1e-05 32 0.25 35.57890919844309 0.5627908666371124 0.7963695930742257 0.7789624394389213 0.5332491461573037 0.7302391020462432
121 5120 3 256 1e-06 8 0.2 33.51769817670186 -0.0716629981387904 0.7495679026338345 0.746464737955084 1.3070709990213456 1.143272058182717
132 10240 2 1024 1e-05 32 0.05 16.744475452105203 0.30656838381083573 0.6562011464239145 0.7648681453517097 0.8457550152421839 0.9196493980002292
98 5120 5 512 3.1622776601683788e-06 4 0.1 81.81389181613922 0.5978426138378606 0.7962142722631164 0.7866779635150506 0.4904977193461747 0.7003554235858923
40 20480 3 2048 3.1622776601683788e-06 8 0.05 181.95088912645977 0.6658724240967031 0.8173698271977017 0.8038691996362414 0.40752406791593115 0.6383761179085031
134 5120 2 2048 1e-06 16 0.1 15.799685657024384 0.40137420742425334 0.6947991772895192 0.7533900898463572 0.7301235687905983 0.8544726846369042
106 40960 2 2048 3.1622776601683788e-06 32 0.25 66.27263212601343 0.24003544894190731 0.6301417595707587 0.7833720716690759 0.9269029785459332 0.9627580062227128
104 40960 2 4096 0.0001 32 0.2 72.3959924340248 0.603201467169781 0.7836505900016186 0.7756666071849504 0.4839617077545393 0.6956735640762406
133 2560 2 512 0.0001 4 0.2 23.122758948802947 0.6582740001210392 0.811437684628743 0.7947450578457753 0.41679160783669683 0.6455939961281368
141 2560 1 256 1e-05 16 0.2 8.814763617515563 0.3943719841190447 0.6872963963717117 0.7493983982348593 0.7386639429817433 0.8594556084997894
113 40960 3 512 3.1622776601683788e-06 32 0.05 71.00303725798925 0.6364058182363811 0.8005956344049627 0.7926427693900663 0.4434634873290397 0.6659305424209342
65 20480 5 512 3.1622776601683788e-06 8 0.1 169.5639936208725 0.6387631953055839 0.8052619196503249 0.7948439369798802 0.44058827449976 0.6637682385439665
114 5120 5 512 0.0001 4 0.1 77.97265671491623 0.519442590784932 0.7510382936866332 0.7394796900594912 0.5861195674766598 0.7655844613605084
131 2560 3 4096 0.0001 4 0.05 45.50102485815684 0.5977269243869904 0.7804991641053578 0.7680964622065257 0.49063882184424346 0.7004561526921178
139 2560 5 2048 3.1622776601683795e-05 8 0.25 27.262506461143495 0.590956771463896 0.7854854023348168 0.7685536478037426 0.49889614766409995 0.7063258084369421
82 40960 3 512 1e-06 16 0.25 146.92349259455997 0.4255129157560089 0.7928713186080232 0.7838922939791055 0.7006824052260553 0.8370677423160298
57 40960 5 512 1e-06 16 0.05 213.34449732700983 0.6269239743372952 0.7973740975646327 0.7876646231334742 0.4550281706289827 0.6745577592978845
148 5120 5 512 0.0001 32 0.05 13.451059945424397 0.6158708229782155 0.7925066102737617 0.7756360251635763 0.4685093243259358 0.6844774096534785
103 10240 4 256 3.1622776601683788e-06 4 0.05 112.26022034486135 0.6227861817840634 0.7935054919150717 0.7732859900437123 0.46007489581748756 0.6782882099944592
146 5120 1 256 0.0001 8 0.1 27.338866217931113 0.10588067924121591 0.6350889701760327 0.7610688007125255 1.0905269994934697 1.0442830073756202
105 40960 1 2048 0.0001 16 0.25 112.47969555457433 0.01979394415437885 0.5844848129974782 0.7294351438014618 1.1955240694938891 1.0934002329860228
85 40960 4 2048 3.1622776601683788e-06 16 0.25 159.33575802644094 0.6322680866089384 0.8053130709789171 0.7932558856129824 0.4485101382084267 0.6697089951676226
150 5120 3 4096 3.1622776601683788e-06 16 0.2 27.656146140893302 0.39314430422806945 0.7806807196902742 0.7711284407783958 0.7401613024915541 0.8603262767645505
91 20480 2 1024 3.1622776601683788e-06 8 0.1 157.64923559427262 0.33774129071481196 0.6626216582618496 0.7758895612738138 0.8077344783381911 0.8987404955481817
123 10240 5 256 3.1622776601683788e-06 8 0.2 99.94577415386836 0.43294084949500056 0.7869781467817255 0.7731764932911441 0.6916228064624982 0.831638627327097
142 5120 4 256 1e-06 4 0.2 54.31234305302302 0.11969493592858604 0.7734918015239306 0.7643625171427336 1.0736782193074808 1.036184452357533
153 2560 1 2048 1e-05 4 0.2 19.973194571336112 0.5630928018822108 0.7668561842938384 0.751141491428119 0.5328808859830365 0.7299869080901633
154 10240 3 2048 3.1622776601683788e-06 32 0.05 18.026321721076965 0.49609188178887864 0.7365347986250235 0.7676435662211846 0.6145996349870019 0.7839640521012439
158 2560 2 1024 3.1622776601683795e-05 32 0.2 5.107625305652618 0.37477228484972736 0.6782856767294818 0.7607481814306702 0.7625690311941355 0.8732519860808423
138 5120 5 1024 3.1622776601683788e-06 4 0.2 68.00717442433039 0.5454219743678885 0.7923028433897178 0.7796381135219718 0.5544333947593894 0.744602843641756
151 2560 5 512 3.1622776601683788e-06 4 0.05 33.55860664447149 0.5809293728682312 0.7815224356505748 0.7741986132955548 0.5111262255176636 0.7149309235986814
161 2560 5 512 3.1622776601683795e-05 16 0.2 10.516095538934072 0.6016278408519864 0.7952444961044461 0.7792894128939881 0.48588100638373355 0.6970516525937899
165 5120 3 256 1e-06 32 0.05 8.96935111284256 0.505384688832397 0.7329342923933079 0.7259590011080834 0.6032655135260768 0.7767016888909647
61 20480 3 256 3.1622776601683795e-05 4 0.05 251.63837928374608 0.6603743838504357 0.816021039979876 0.7999172318559822 0.4142298410646068 0.6436068994849315
164 2560 3 1024 3.1622776601683788e-06 4 0.2 27.538766777515413 0.2676939422089121 0.7775413938988834 0.7648012830516577 0.8931688527165302 0.9450761094835327
149 5120 4 1024 0.0001 4 0.05 73.42669838269552 0.5599561606101364 0.7641454009576938 0.7406891117635929 0.5367065409213727 0.7326025804768727
168 10240 3 1024 0.0001 32 0.2 18.195199473698935 0.6210537719619595 0.7947774362513639 0.7787599105436773 0.46218785729961814 0.6798439948250026
163 2560 4 2048 1e-06 4 0.05 37.411013845602675 0.4433002213272831 0.7292031596921149 0.7512921058305659 0.678987832115552 0.8240071796504883
169 2560 5 256 0.0001 32 0.25 6.770444273948669 0.6031380545656646 0.8005916729507089 0.7840679384173378 0.4840390499562919 0.6957291498538004
145 40960 3 1024 1e-06 32 0.05 91.76116692225138 0.5612899611777609 0.7655684444120128 0.7698837607329171 0.5350797496227574 0.731491455604751
162 5120 2 512 3.1622776601683795e-05 4 0.05 46.74970116615295 0.5297317135402767 0.7451915991508669 0.7816511155953917 0.5735702735454162 0.7573442239466914
167 10240 4 4096 3.1622776601683795e-05 32 0.25 38.29608320792516 0.6007021976870489 0.786115288162495 0.7685326742874502 0.4870099819464182 0.6978610047469469
160 5120 2 512 3.1622776601683788e-06 4 0.1 59.37111225922902 0.24727792529806225 0.633003764134276 0.7559340138376021 0.91806957585995 0.9581594730836563
126 40960 2 512 3.1622776601683788e-06 16 0.05 154.72734328508378 0.22684127108245022 0.629320288751213 0.773112131665711 0.9429954696237975 0.9710795382582199
159 2560 4 4096 0.0001 4 0.25 63.37840954462687 0.5742714426567379 0.7603952637183723 0.7367807735049552 0.5192466771037171 0.7205877303310937
176 2560 2 256 1e-05 4 0.05 28.04485599199931 0.3781660765921523 0.6840705731716941 0.7455796631187134 0.7584297385518163 0.87087871632726
129 20480 5 256 3.1622776601683788e-06 8 0.25 161.06854727665583 0.4446652109370295 0.7931867829016992 0.7826504835602386 0.6773230006004548 0.8229963551562394
174 10240 4 2048 1e-05 16 0.2 39.82239055633545 0.6391307297906963 0.8027255442711244 0.7930682077907906 0.44014000515812474 0.6634304825361318
156 10240 2 512 0.0001 4 0.05 93.37871055603027 0.665029141209704 0.8156162176980425 0.8035331828300601 0.4085525914419665 0.6391811882729078
178 10240 1 256 1e-05 16 0.2 27.490846395492554 -0.47104860408211624 0.5357008699498383 0.7698456356936477 1.7941880720766954 1.3394730576150815
130 40960 5 512 3.1622776601683788e-06 16 0.2 173.68544270197552 0.5987576778194494 0.7945542382050251 0.7869562353070506 0.4893816468544856 0.699558179749537
147 10240 5 2048 3.1622776601683788e-06 4 0.2 135.1032748381297 0.6349807955928073 0.8001129122283446 0.7888452285161808 0.44520153909867144 0.6672342460475716
166 40960 2 2048 3.1622776601683788e-06 32 0.2 80.83680793444316 0.26804152257995517 0.6398545732171882 0.7833517793094648 0.8927449207308141 0.9448517982894535
155 40960 3 4096 1e-06 32 0.1 109.29209143718084 0.5878113018456681 0.7883894580322193 0.776293235748744 0.5027325702367079 0.709036367358338
183 5120 2 256 1e-06 16 0.05 15.294033932685853 0.48821933699350994 0.7111721814317779 0.7249677090924151 0.6242015107710814 0.7900642447112016
181 2560 4 256 3.1622776601683795e-05 4 0.05 27.334607219696046 0.6301039635809664 0.7957771967651129 0.7759095666707638 0.45114964564041704 0.6716767419230898
170 20480 2 1024 1e-05 16 0.05 66.4103392680486 0.28457505902169833 0.6442632822395369 0.7836197614403287 0.872579527289222 0.9341196536253918
184 2560 1 4096 1e-06 4 0.25 20.369163533051807 0.5448602381288102 0.7522093393675335 0.752021277952591 0.5551185253913826 0.7450627660750352
189 5120 5 256 3.1622776601683795e-05 32 0.05 10.441292222340902 0.6312716054197232 0.797652170703252 0.7796283522742262 0.44972551250590237 0.6706157711431355
172 10240 4 4096 0.0001 16 0.25 74.50824917554856 0.5336614981944614 0.7474864566449653 0.7291314042943782 0.5687772485340041 0.7541732218356763
118 20480 3 4096 3.1622776601683788e-06 8 0.2 224.18541673024495 0.6563012120125719 0.8136368944725965 0.8037646632382448 0.4191977505590547 0.6474548251106441
187 10240 5 256 1e-06 32 0.2 21.301945388317108 -0.17375543524471215 0.7729007286312202 0.7677061650759848 1.431589680726617 1.1964905685907503
171 10240 4 2048 3.1622776601683795e-05 8 0.2 81.21964937051138 0.5885704435270505 0.7785471350680926 0.7640424717862008 0.501806670884387 0.7083831384811379
191 5120 1 256 1e-06 16 0.1 14.300456202030182 0.4094058020712299 0.6725275701127376 0.7174537557884226 0.7203277052988195 0.8487212176556089
190 5120 5 512 1e-05 16 0.05 21.107207214832307 0.6336134756911439 0.7992406344493517 0.785460134975724 0.4468692127917567 0.6684827692556905
196 2560 3 256 1e-05 16 0.05 10.4817977587382 0.5362476591374853 0.750875163274143 0.7474201596381063 0.5656229957760953 0.7520791153702483
26 20480 5 4096 3.1622776601683795e-05 4 0.25 651.6094841122627 0.5472290411783085 0.7610122490496297 0.7371819595871966 0.5522293766816019 0.7431213741251168
127 40960 3 4096 1e-06 16 0.2 219.17919536828995 0.6188835103765002 0.8074403507168518 0.7904941159672461 0.4648348517219044 0.6817879815029775
194 2560 4 512 3.1622776601683795e-05 8 0.25 19.487287203470867 0.5954097437310355 0.7974157178568382 0.7832177677466997 0.49346500847208447 0.7024706459860686
143 20480 2 1024 1e-05 4 0.2 188.8734998544057 0.6290032668312127 0.7933460291676109 0.7812232542675919 0.45249212812121453 0.672675351206817
96 40960 3 2048 1e-06 8 0.25 285.94627870718637 0.5809614046663376 0.8045083564514275 0.7900885557376854 0.5110871574203008 0.7149036000890615
204 5120 3 256 3.1622776601683795e-05 32 0.2 8.91068131128947 0.5546571374163307 0.7855300418978166 0.7645246100516271 0.5431695797234904 0.7370003932994137
202 2560 1 256 1e-06 8 0.05 14.024738522370656 0.37929426113894726 0.6551924098824916 0.7049737086596068 0.7570537301375846 0.8700883461681259
185 10240 1 4096 1e-05 8 0.25 57.6670207341512 -0.006551650486765981 0.6186756358419634 0.7554992244112684 1.2276568974138775 1.1079967948572222
207 5120 1 2048 3.1622776601683788e-06 32 0.05 7.197792875766754 0.468696833338475 0.7251429810797348 0.7488810865461073 0.6480124461118569 0.804992202516184
201 5120 3 512 1e-06 16 0.1 22.521860015392303 0.3799389866115813 0.7358854755232711 0.7618304406099284 0.7562673803531151 0.8696363494893226
200 10240 1 1024 1e-05 16 0.1 28.549961264928182 0.5440221021512539 0.7620190022129288 0.7589748751686562 0.5561407714065972 0.7457484638982484
206 2560 1 1024 3.1622776601683795e-05 4 0.1 25.121788171927133 0.5088292452412146 0.7488397640500046 0.7556310632567417 0.5990643049425222 0.7739924450164369
177 40960 3 4096 3.1622776601683788e-06 32 0.05 111.37989764213562 0.6642151427037104 0.815743430130097 0.8012541089050271 0.40954539780206184 0.6399573406111237
210 2560 1 2048 1e-05 4 0.25 20.359427098433176 0.5407554978196389 0.7553975884150443 0.7517812951785237 0.5601249378792166 0.748414950331176
137 20480 4 512 3.1622776601683788e-06 4 0.2 231.82849678198497 0.6034883927418571 0.8033804062544454 0.7922219181501322 0.4836117543692029 0.6954219973291058
211 2560 1 1024 3.1622776601683788e-06 4 0.05 20.20097958246867 0.5391967857252485 0.7510880181861529 0.7466233053227116 0.5620260461361406 0.7496839641716638
102 40960 4 1024 3.1622776601683788e-06 8 0.2 306.4011488676071 0.6382543879576326 0.8053582975864724 0.7916428684945631 0.44120884955903816 0.6642355377116149
152 20480 1 2048 1e-06 4 0.2 202.37797320683796 0.5606927285467393 0.7655813088093499 0.7507499103796239 0.535808173999668 0.7319891898106611
186 10240 2 512 1e-06 4 0.25 93.21115246216456 0.35924793164951163 0.6699401955750051 0.7632419279508768 0.7815035580760074 0.8840268989550076
195 40960 1 512 3.1622776601683795e-05 32 0.2 70.1739660580953 -2.555976113254888 0.4088358692131501 0.782514627237509 4.337103416764754 2.082571347340771
193 10240 4 1024 0.0001 8 0.05 76.68362808624903 0.5768127085333903 0.7706478293489525 0.7523965124758577 0.5161471813350438 0.7184338392190639
215 2560 1 512 3.1622776601683795e-05 4 0.25 20.39361689488093 -0.7041593030793771 0.5162018601287581 0.7678782196886873 2.0785052825711214 1.4417022170237241
217 2560 5 1024 1e-06 8 0.25 21.093619724114735 -1.4068290958351124 0.7441646813030849 0.7553271288038998 2.935527788335022 1.7133382002205584
216 10240 5 256 3.1622776601683795e-05 32 0.2 21.129256717363994 0.5772232204964971 0.7943321989588139 0.7834558647661366 0.5156464938216556 0.7180852970376539
192 20480 5 1024 1e-05 16 0.25 86.10637713670731 0.5988134024867959 0.7801120633020209 0.761775794720309 0.4893136813683719 0.6995096006263044
221 2560 2 2048 3.1622776601683788e-06 16 0.2 8.18267200787862 0.3554923738895601 0.6839012017269898 0.7520477195120842 0.7860840844557625 0.886613830512339
199 10240 1 512 0.0001 4 0.2 84.42126782735188 0.32762786850024084 0.693604448473607 0.7747964795027633 0.8200694762810912 0.9055768748599377
198 40960 5 256 0.0001 32 0.05 85.93912417491278 0.5557774934985785 0.7664353716072109 0.7462336510235129 0.5418031194218597 0.7360727677491266
222 2560 5 2048 3.1622776601683788e-06 8 0.2 21.24409141143163 0.3978348187058276 0.7867027290956153 0.7757291491462217 0.7344404411246738 0.8569950064759267
33 40960 2 2048 0.0001 4 0.1 476.14994923273724 0.23306327192345044 0.6030957839558307 0.748674247411469 0.9354067063005493 0.9671642602477355
214 10240 3 4096 3.1622776601683795e-05 16 0.2 56.17228733698527 0.6322059246712549 0.8011595189681122 0.7890802336415575 0.4485859550147643 0.6697655970671861
208 40960 4 2048 1e-06 32 0.25 79.73816938797633 0.5012156223444393 0.792448313667967 0.7835362553059292 0.6083503824716926 0.7799681932436043
136 40960 4 256 0.0001 8 0.2 290.1143391887347 0.564478900538248 0.7627135302958495 0.7345173987257709 0.5311903084803744 0.728828037660719
213 10240 1 1024 0.0001 4 0.1 79.24727065563202 0.6020986235441732 0.7898039003537172 0.7796467224018067 0.48530680870697573 0.6966396548481688
212 10240 4 256 0.0001 8 0.25 93.21777417262395 0.5579551799427915 0.7581722233022651 0.7359411177934936 0.539147069151265 0.7342663475546629
79 40960 3 4096 3.1622776601683788e-06 8 0.1 430.373106110096 0.6576391791922724 0.8128388785015677 0.8036031852493397 0.4175658773850566 0.6461933746062835
231 20480 4 1024 0.0001 32 0.25 39.69174681107203 0.5853773769794275 0.7772297068051038 0.7663092273874191 0.5057011458168904 0.7111266735377674
205 10240 4 512 3.1622776601683788e-06 4 0.2 115.99776076475779 0.5600392768151541 0.7966847975068297 0.7879079674701437 0.5366051669061123 0.7325333896185977
188 40960 2 2048 0.0001 16 0.2 160.45185571511587 0.6161463223518722 0.7909136252704105 0.7750814698095044 0.468173307087139 0.6842319103104875
220 40960 2 4096 1e-05 32 0.25 81.61716119050979 0.04446119211945487 0.5720772579137327 0.787723942415004 1.165438264071088 1.0795546600664034
209 20480 1 2048 3.1622776601683788e-06 8 0.1 113.67977195580801 0.5547527050862888 0.7662465461379984 0.7525311696068187 0.5430530190789004 0.7369213113208902
237 2560 3 1024 3.1622776601683795e-05 16 0.2 11.26285651922226 0.627043197796626 0.8031846943783181 0.7917070003796446 0.45488275782069804 0.674449966877231
92 40960 3 512 1e-05 4 0.1 417.1307762145996 0.6700234171707276 0.8201499358459682 0.8071689832769999 0.40246124250008797 0.6343983310981264
144 10240 5 4096 1e-06 4 0.2 322.532190434138 0.597290449135157 0.7968330603509646 0.7857347582424608 0.49117117589999854 0.7008360549372432
241 5120 1 4096 3.1622776601683788e-06 16 0.2 17.560682872931164 0.5368625552320669 0.7533526565319429 0.7521484434061537 0.5648730278719734 0.7515803535697121
234 5120 5 512 1e-05 8 0.05 53.52935372988383 0.6390525501087816 0.8010890551659536 0.7868302177041325 0.44023535826364474 0.663502342319637
219 20480 1 2048 1e-06 8 0.2 112.41240114768347 0.557086513695839 0.7631314243683988 0.7513343303364232 0.5402065519002192 0.7349874501651162
242 2560 1 4096 3.1622776601683788e-06 4 0.1 25.538005395730337 0.4995059586616113 0.7392253761831326 0.7503881324532242 0.6104356012594883 0.7813037829548045
226 20480 5 4096 3.1622776601683788e-06 32 0.1 95.12464680671692 0.6406832871747932 0.8014203262774646 0.7861227727550243 0.4382464035925263 0.662001815399721
197 40960 5 2048 3.1622776601683795e-05 16 0.2 170.86397269964218 0.379210027895166 0.7082661111877536 0.7105090134201876 0.7571564665671255 0.8701473820951975
229 10240 4 1024 1e-06 8 0.25 81.74348711570104 0.20454535154227715 0.7774223701596752 0.7669787557245926 0.9701890462221185 0.9849817491822468
236 40960 1 256 1e-06 32 0.05 55.672225908438364 0.260575515271957 0.65300162241897 0.7452944632281794 0.9018509565347134 0.9496583367373307
245 2560 5 1024 1e-06 8 0.2 20.867361291249594 -0.8476699979812277 0.754005409363406 0.7591387874029405 2.2535404080549593 1.501179672142865
243 5120 2 512 3.1622776601683788e-06 8 0.05 31.844919403394062 0.2447501508893326 0.6363257438140485 0.7506615668746504 0.9211526165429418 0.9597669594974302
248 10240 1 2048 3.1622776601683795e-05 32 0.1 14.42882088025411 0.393813665287703 0.7122296834384229 0.7528287908811147 0.7393449055174673 0.8598516764637185
252 5120 4 512 3.1622776601683795e-05 32 0.1 9.960625811417897 0.6440654286205192 0.8071724052404874 0.7966967072342893 0.4341213204218148 0.6588788359188773
256 2560 1 4096 3.1622776601683788e-06 32 0.2 3.671690018971761 0.521750492120741 0.7435246131688836 0.7499821212823388 0.5833046985207684 0.7637438697107614
258 5120 2 256 3.1622776601683788e-06 32 0.25 8.020151631037395 0.49591053737224855 0.7178303357292637 0.746366514735633 0.6148208146192402 0.7841051043190831
251 10240 1 4096 1e-06 16 0.25 29.369808987776437 0.5358668200709246 0.7507951139679891 0.7508361631566375 0.5660874922643201 0.7523878602584707
239 40960 3 256 1e-06 32 0.05 70.1594767332077 0.5435118649026413 0.7543191352717294 0.7456910046312463 0.5567630904671977 0.7461655918542464
249 10240 4 256 1e-05 16 0.25 36.75515331029892 0.5082285998737128 0.8002231060419303 0.7826915423975355 0.5997968917183293 0.774465552312257
110 40960 4 512 3.1622776601683795e-05 4 0.2 463.7736407160759 0.5879628838839519 0.7818990072106881 0.7635750636347339 0.5025476907675489 0.7089059816136051
254 5120 2 2048 0.0001 4 0.1 48.59070794979731 0.6464586598791646 0.805399913360787 0.7875258313367431 0.4312023774541471 0.6566600166403822
179 40960 1 1024 1e-05 8 0.2 285.9842363198598 -2.8374608491098248 0.3947479018025911 0.7698783904316867 4.68042079876092 2.163428020240313
227 20480 4 2048 3.1622776601683795e-05 8 0.1 157.80072822173437 0.5615838336718206 0.7702047975120465 0.7508588332068696 0.5347213233123757 0.7312464176407127
259 20480 3 1024 1e-06 32 0.2 36.83956699768702 0.12598874747329747 0.7708661900175477 0.7578083719510128 1.0660018709053383 1.0324736659621583
260 20480 3 1024 0.0001 32 0.2 36.0868714650472 0.6213236245092408 0.7936302458619658 0.785290011899109 0.4618587273033637 0.6796018888315156
265 2560 4 2048 1e-05 16 0.2 10.038519910971324 0.5794945688656306 0.793179383544667 0.7805313872915184 0.5128762072790346 0.7161537595230751
266 5120 4 1024 3.1622776601683795e-05 32 0.25 10.144750666618346 0.6202183660969517 0.797378360109012 0.7835642297288008 0.4632067734891857 0.6805929572726901
247 40960 3 1024 1e-06 32 0.1 91.01216058333715 0.5665593445613161 0.7845722793720729 0.76955002315798 0.5286528614915708 0.7270851817301538
264 10240 3 512 3.1622776601683795e-05 32 0.25 22.988445957501728 0.6397559942040124 0.8140958008325574 0.8042144567122911 0.4393773913674227 0.6628554830182992
263 20480 3 512 3.1622776601683795e-05 32 0.2 36.09766396681468 0.6490719982202514 0.8117600487346435 0.8030025888586868 0.4280149773459064 0.6542285360223187
225 40960 5 4096 0.0001 32 0.2 191.7792562921842 0.519071078388823 0.7466559565785851 0.7247592593455268 0.5865726885413737 0.7658803356539282
240 10240 5 2048 3.1622776601683788e-06 4 0.1 130.96833736101786 0.6538296027040532 0.8097993306586675 0.7960185571413683 0.422212288574911 0.6497786458286475
253 10240 2 512 1e-06 4 0.2 93.02331438064576 0.3483288966265701 0.6640733736854314 0.7591280722350535 0.794821134628125 0.8915274166441125
224 20480 3 256 3.1622776601683788e-06 4 0.05 199.47414207061132 0.6301234987505049 0.7960396367593531 0.7777924106800118 0.451125819256928 0.6716590051930578
273 5120 1 2048 0.0001 16 0.2 14.391955435276031 0.5097351782714227 0.7529419536954024 0.7618926705127358 0.5979593691624338 0.7732783258067135
276 10240 2 256 3.1622776601683795e-05 32 0.05 16.01574250857035 0.45188891203356074 0.7123666379100142 0.7790970659216743 0.6685124974616202 0.8176261355054768
255 10240 5 256 3.1622776601683788e-06 4 0.2 117.66799700260162 0.4576028368523156 0.7892856886792678 0.7750205973411346 0.6615434172244992 0.813353193406468
278 5120 4 512 3.1622776601683795e-05 16 0.2 19.697598044077555 0.6243411012787861 0.8009455199922471 0.7891342386810898 0.45817841326570174 0.6768887746636827
244 40960 3 256 0.0001 16 0.2 169.22938306729 0.5871748080720434 0.7753637474550287 0.763077448497758 0.5035088800971842 0.7095835962712105
277 10240 3 2048 3.1622776601683795e-05 16 0.25 36.301807316144306 0.6515363206522067 0.8100691562965713 0.8004262626222264 0.4250093268861625 0.6519273938761605
279 5120 5 512 3.1622776601683788e-06 16 0.2 21.140743052959444 0.31934021621244013 0.7848832331479141 0.7777521949127826 0.8301776445897578 0.911140847832956
140 20480 4 4096 0.0001 4 0.1 500.27720424334206 0.5189533674023301 0.7361540448916438 0.6920764346072023 0.586716256637854 0.7659740574183006
270 10240 2 256 1e-06 8 0.05 76.89005393981934 0.4658198729756178 0.7084186482415102 0.735087037391808 0.6515213770557782 0.8071687413767819
157 40960 2 512 1e-05 4 0.1 452.6223324497541 0.6638153495345773 0.8152337580937795 0.8020196842903545 0.4100330119661117 0.6403382012390887
280 2560 1 1024 3.1622776601683788e-06 4 0.25 19.840642134348553 0.5785712882896685 0.7669350708785395 0.7496443662301454 0.5140023012721048 0.7169395380867934
268 40960 5 512 3.1622776601683795e-05 32 0.1 86.11137218077978 0.5844747862136305 0.7710979256336713 0.7523159066162777 0.5068020051504746 0.711900277532236
135 40960 3 1024 3.1622776601683795e-05 4 0.25 525.9035514513652 0.5072014942223936 0.7204665854247685 0.7024366844542199 0.6010496176331941 0.7752738984598889
281 10240 5 512 3.1622776601683788e-06 32 0.1 27.67322204510371 0.5557051173682256 0.7897446494825082 0.7820825844537892 0.5418913941324449 0.7361327286111146
283 5120 5 2048 1e-06 16 0.25 21.114392518997192 -0.6446241993872694 0.7540861523291476 0.7622824477959322 2.0058923365285404 1.4162952857820788
287 5120 2 4096 1e-06 32 0.2 8.835708717505137 0.34331319963695506 0.6763234030117495 0.7460606125388293 0.8009386100717956 0.8949517361689375
288 2560 3 1024 3.1622776601683795e-05 32 0.05 5.6348087350527445 0.6390894659468858 0.8023492796631276 0.7905218283613815 0.44019033326840423 0.6634684116583126
182 40960 1 2048 0.0001 4 0.2 398.5524247090022 0.46859227378386104 0.7307035203416412 0.7494414836287002 0.6481399738530814 0.8050714091638589
289 2560 3 4096 1e-05 16 0.1 13.656520823637644 0.4586676954109111 0.7235078760753738 0.7684500952777271 0.6602446453695252 0.8125543953296451
285 2560 3 4096 3.1622776601683788e-06 4 0.05 45.055224235852556 0.5109226947419019 0.7387462766503237 0.7612642222847801 0.5965109956139215 0.7723412429839038
235 40960 3 256 1e-06 8 0.05 263.5598664045334 0.5856345475137359 0.7727800443532427 0.7618362208578175 0.5053874836415787 0.7109061004391358
286 5120 4 1024 0.0001 8 0.2 38.68643627961477 0.5443223533463135 0.754697009644927 0.7311256751422276 0.5557745652110251 0.7455028941667665
284 10240 1 2048 1e-06 8 0.2 55.40421627759933 0.5552208116180468 0.7590105990725321 0.753550337995286 0.5424820854242197 0.736533831825952
250 20480 5 2048 1e-06 8 0.25 214.56240743398666 0.5418922753316597 0.79318216424892 0.782387174821285 0.5587384489168445 0.7474880928261296
261 40960 5 512 0.0001 16 0.05 171.0981967528661 0.502252769972682 0.7399584410526928 0.7215425785528738 0.6070854086982822 0.7791568575699518
291 10240 1 4096 3.1622776601683795e-05 16 0.25 35.76901413202286 -0.023911387443703136 0.616569763495677 0.7591419694267871 1.248829979592192 1.1175106172167637
228 40960 4 1024 1e-05 8 0.25 313.59552905956906 0.6071109539475691 0.7924477773948841 0.7748742371545176 0.47919343937429376 0.6922379933045382
180 40960 2 1024 0.0001 4 0.25 450.287667286396 0.5717477402826266 0.767044262810095 0.763808976350966 0.5223247512642424 0.7227203824884437
274 20480 3 2048 0.0001 8 0.1 143.06932166814804 0.5725826906151548 0.7643979803645802 0.7388476556107294 0.521306390672185 0.7220155058391647
302 2560 3 512 3.1622776601683795e-05 16 0.25 10.961546238263448 0.5679903540391014 0.805450255147904 0.7922550580790411 0.5269075077833748 0.7258839492531673
293 5120 4 1024 1e-06 8 0.25 50.46706427733103 -0.5466224121812422 0.7660993295660211 0.7602894101247961 1.8863628817169729 1.3734492643403224
111 20480 5 4096 0.0001 4 0.25 652.1605880777041 0.513104739104501 0.7364533640419587 0.7191694622645468 0.5938496301381284 0.7706163962297509
301 5120 5 1024 0.0001 16 0.2 21.550203641255695 0.5585901181003605 0.7738419447654747 0.7604266758526556 0.5383726566229126 0.7337388204415196
203 40960 4 512 3.1622776601683788e-06 8 0.05 409.2117252508799 0.6531826725205363 0.8093453479539529 0.7987805727550998 0.42300132737044194 0.6503855221101112
300 10240 2 256 1e-06 16 0.05 38.313450650374094 0.4802608760149488 0.7121050362563869 0.7301803448378464 0.6339081756088022 0.7961835062401144
230 40960 5 2048 3.1622776601683788e-06 8 0.2 342.2285139322281 0.6101351962550937 0.7839888202300361 0.7723827545703564 0.4755048736395021 0.6895686141635958
246 40960 1 1024 3.1622776601683788e-06 8 0.05 277.0327496488889 0.539725907703553 0.7620694480951776 0.7576209443386048 0.5613806940114636 0.7492534244242489
308 10240 3 1024 1e-06 32 0.1 18.624418648084006 0.38662491074534777 0.7426897513368975 0.749745418081542 0.7481127855298542 0.8649351337122653
310 2560 5 2048 0.0001 32 0.2 6.952621360619863 0.5822018542376354 0.7764465685997018 0.763152698205619 0.5095742231646554 0.7138446771985173
309 2560 5 256 1e-06 8 0.2 25.395331728458405 -0.6743076645681374 0.740118306116586 0.7514506322035276 2.0420962518972297 1.429019332233553
296 40960 3 256 3.1622776601683795e-05 32 0.1 71.99045170942942 0.6371774313755338 0.8001417454436214 0.7872542211723815 0.4425223769628126 0.665223554125087
257 40960 2 4096 1e-06 8 0.05 267.340584953626 0.1880813804754251 0.6181755044608889 0.7669389499040221 0.9902695931361978 0.9951229035331253
306 5120 2 4096 3.1622776601683788e-06 8 0.25 40.50992918411891 0.22888018645477326 0.6435217161005173 0.7584662953437368 0.940508673721307 0.9697982644453984
312 2560 2 1024 3.1622776601683795e-05 8 0.25 16.161096437772116 0.45473918666595003 0.7072508888910399 0.7737245509793071 0.6650361141977466 0.8154974642497342
223 40960 4 1024 3.1622776601683795e-05 8 0.05 388.032650355498 0.5654939380450701 0.7578398685200253 0.7564732166779349 0.5299523016718999 0.727978228844723
267 20480 4 256 3.1622776601683788e-06 4 0.25 217.71090713739395 0.486900011165317 0.7930413660360607 0.7801718640717421 0.6258106477211167 0.7910819475383803
316 2560 4 1024 3.1622776601683795e-05 16 0.25 9.902499004205067 0.645119821987344 0.8088770646671389 0.7901594593040242 0.4328353126061762 0.6579022059593479
275 20480 3 1024 0.0001 4 0.2 212.70484183629353 0.5171419550694115 0.7254934414167793 0.7091586954234875 0.5889255748019966 0.7674148648560286
315 5120 5 512 0.0001 16 0.05 26.979940593242645 0.5647432716011738 0.771109400099599 0.7517734806064654 0.5308678640646105 0.7286067966088503
304 10240 1 1024 3.1622776601683795e-05 4 0.25 82.75325974623362 -0.21194321254596904 0.5871618514613375 0.7762138700755985 1.4781660170508597 1.2157985100545483
317 10240 5 256 1e-05 16 0.25 38.508188684781395 0.48544816165751103 0.7980376204329565 0.7763453626255173 0.62758141930686 0.7922003656316121
324 5120 2 256 1e-06 32 0.2 9.91144361893336 0.47868378615022034 0.6974821739280868 0.7124052626851787 0.6358316986086792 0.797390555881294
319 5120 1 2048 3.1622776601683788e-06 8 0.1 28.4397678454717 0.5368498160624691 0.7542776866234504 0.7498581534127147 0.5648885654049124 0.7515906900733353
322 2560 5 4096 0.0001 32 0.05 12.119070041179658 0.5831640568223648 0.776902234011795 0.7614303277806588 0.508400657318053 0.7130221997371842
320 20480 1 4096 1e-05 32 0.25 29.29173878033956 -0.21543053158322056 0.5901393915001837 0.7612871383030078 1.4824193817614477 1.2175464597958665
298 20480 1 2048 1e-06 8 0.1 110.34133760929107 0.5442529709716948 0.7586354650467635 0.7537712582497187 0.5558591885393147 0.7455596478748797
307 40960 5 2048 1e-05 32 0.1 85.74092939297358 0.6139234140945156 0.7856809143332786 0.7800760595375783 0.4708845128689212 0.6862102541269121
325 2560 1 256 3.1622776601683795e-05 8 0.1 17.20524870157242 -0.11982689478661634 0.5887545438424653 0.7576691540656809 1.3658148696388526 1.1686808245363027
297 10240 5 1024 1e-06 4 0.1 129.1713352362315 0.5795553855305184 0.7859490857976129 0.7732777091212043 0.5128020312562829 0.7161019698732038
333 2560 2 4096 0.0001 16 0.2 8.726956593990327 0.5907684710898642 0.7773162170054868 0.7640037318269433 0.4991258112415765 0.7064883659633586
290 5120 5 4096 1e-05 4 0.1 164.9182145635287 0.592443490497496 0.7782708566942136 0.7610777785443534 0.49708284690081284 0.7050410249771376
332 5120 2 256 1e-06 16 0.1 15.710711495081584 0.49776153156666125 0.713539336017526 0.725361831810195 0.6125632198015823 0.7826641807324405
175 40960 4 2048 0.0001 4 0.25 594.8240761041641 0.5322824277240111 0.7303218263162788 0.6939759424348934 0.5704592539971609 0.7552875306776624
233 40960 3 2048 1e-06 4 0.2 416.8140949289004 0.637057334940242 0.811043831166744 0.797553602405282 0.4426688545102585 0.6653336414989539
232 40960 5 512 1e-05 8 0.25 433.96643473704654 0.5953902030338258 0.7788092541689993 0.7603632825127137 0.4934888415974866 0.7024876095686575
326 20480 2 512 1e-05 32 0.2 33.37059052387873 0.2292793238981743 0.6247170176927951 0.7790460275626525 0.9400218593236846 0.9695472445031674
218 40960 5 256 3.1622776601683795e-05 4 0.05 488.3913741429647 0.553367764833278 0.7592604040072847 0.7314796297782787 0.5447421837166938 0.7380665171356128
271 40960 1 1024 0.0001 8 0.05 288.4301791747411 0.461108246589757 0.7322898100252303 0.7710022182021482 0.6572679879006782 0.8107206595990251
294 20480 5 1024 0.0001 8 0.2 170.61516960461935 0.5369785108567052 0.7568415335568417 0.7329884087281553 0.5647316007307907 0.7514862611723455
338 10240 5 512 0.0001 32 0.25 27.724201941490172 0.5689406075053209 0.7710010533296381 0.749915925126131 0.5257485158712046 0.7250851783557603
336 5120 3 256 1e-05 8 0.2 34.10866295099258 0.5507797793042456 0.7958069008404305 0.7773687308081318 0.547898661860252 0.7402017710464168
318 40960 3 1024 3.1622776601683788e-06 32 0.05 91.36113977829615 0.6437048439200519 0.8046996583746794 0.7918538680398526 0.43456111334691344 0.6592124948352492
327 20480 1 2048 3.1622776601683795e-05 16 0.05 56.907213457425435 0.46685153613952046 0.7379589877673185 0.7657828183368464 0.6502630924974443 0.8063889213632863
323 10240 1 4096 3.1622776601683795e-05 8 0.1 73.67772837479909 0.41428996129209517 0.7208074175025742 0.7548001423739997 0.7143706620088272 0.8452045089851492
329 40960 1 4096 1e-05 32 0.2 60.65276478528976 -1.4523717796117896 0.4667996667340816 0.7647744725401717 2.991074654547142 1.7294723630480893
334 20480 3 4096 3.1622776601683795e-05 32 0.25 58.88090565601985 0.6461798285908643 0.8059227580811236 0.7901606223411305 0.43154245851618805 0.6569189131971982
350 2560 1 256 1e-05 32 0.25 3.5637733976046246 0.4612637594858473 0.7075362174690865 0.7473956448279095 0.6570783140976202 0.8106036726401011
351 2560 3 2048 1e-06 32 0.05 5.885168242454529 0.4452495232759355 0.7211747770757042 0.745965299940656 0.6766103346654726 0.822563270919309
262 40960 2 256 1e-05 4 0.1 348.370741156737 0.6453508637963519 0.8069270396291413 0.7864723093966736 0.4325535187506076 0.6576880101922244
347 10240 1 2048 1e-05 16 0.25 28.5625137925148 0.24520968773984686 0.6675958845715319 0.7539375736091978 0.9205921350377186 0.9594749267373893
313 40960 1 512 1e-05 16 0.1 140.40726746320723 -3.1546972235225796 0.38430323557844226 0.7721029249810528 5.067343241310241 2.2510760185542917
330 5120 3 4096 1e-05 4 0.1 89.71899700562159 0.6524988284853748 0.8095341910899208 0.796323844418184 0.42383538873839605 0.6510264117056973
173 40960 5 1024 3.1622776601683795e-05 4 0.25 668.1139877438545 0.563412390070759 0.7720317011655514 0.7558011320018134 0.5324910951125792 0.7297198744124893
354 5120 2 512 3.1622776601683788e-06 16 0.2 20.06639581521352 0.37480345827864237 0.6729652579201216 0.7554909844834262 0.7625310100205525 0.873230215934236
295 20480 4 256 3.1622776601683788e-06 4 0.05 214.25201210975646 0.6420960159744813 0.8037906438234602 0.7898605844007212 0.4365233462071714 0.6606991344077662
356 2560 4 1024 3.1622776601683795e-05 8 0.1 19.196729083855946 0.6381387646415645 0.8022205844980215 0.787638550525974 0.4413498713947325 0.6643416827166067
360 2560 2 4096 1e-05 32 0.1 4.481044089794159 0.2445983845813875 0.6377170819661147 0.7535440658114062 0.9213377207595549 0.9598633865084942
344 5120 3 1024 3.1622776601683795e-05 4 0.25 51.71776692867279 0.6389328062430035 0.8089356741000424 0.7919755231514478 0.44038140579401663 0.6636123912300136
272 40960 5 2048 0.0001 8 0.2 338.3326629161835 0.5075318669374209 0.7406410686476984 0.721751912101724 0.6006466732416921 0.7750139826104379
337 10240 5 512 0.0001 8 0.25 86.16877199808756 0.5046747645631644 0.7398926364231326 0.7275363529242338 0.6041313840706669 0.777258891277975
361 5120 3 512 1e-05 32 0.2 11.380188218752544 0.49976268461931694 0.7884837292779616 0.7765170210487495 0.6101224813191751 0.7811033742848479
331 10240 4 256 1e-05 4 0.05 109.39981679519018 0.6404366171663647 0.802304020324056 0.7888663817637753 0.4385472586326883 0.6622290076949878
362 5120 1 4096 1e-05 16 0.1 17.940116262435915 0.5420650602692536 0.7600905072182524 0.7473988834065142 0.5585277089907774 0.747347114124874
364 2560 2 1024 1e-05 8 0.2 15.992198733488719 0.3657619790693558 0.6763684175069294 0.7528308406144089 0.7735585954492157 0.8795217993030165
341 10240 5 1024 1e-06 8 0.1 84.68019248644511 0.5368265774401393 0.7816713083014585 0.7701446097919179 0.5649169087641187 0.7516095454184432
366 2560 4 1024 3.1622776601683795e-05 16 0.2 9.919839147726695 0.6231865240677423 0.7947095209306094 0.7798659778598759 0.4595866119170568 0.6779281760755019
349 10240 2 2048 0.0001 8 0.25 64.01232663790385 0.6575337125797982 0.8145840673191943 0.8035272631281279 0.41769451143397834 0.6462928991053347
355 5120 5 2048 0.0001 8 0.05 53.348323567708334 0.5395915703743115 0.7568081720449715 0.7419325739086049 0.5615445406940891 0.7493627564097972
357 10240 4 1024 3.1622776601683795e-05 16 0.1 51.02415419816971 0.6205632956152685 0.7924253300380051 0.7787137407623415 0.4627860746586006 0.6802838191950479
365 10240 1 4096 1e-05 16 0.2 27.851350196202596 0.3836053574652304 0.7096320184284283 0.7553581207713059 0.7517956322170083 0.8670614927541231
363 20480 1 4096 1e-06 32 0.25 28.644209011395773 0.5302746182403616 0.748992969401871 0.7501162148344356 0.5729081111026093 0.756906936883663
346 10240 2 1024 3.1622776601683795e-05 8 0.05 79.92013866106669 0.5997362647415736 0.7785411563255863 0.7895731298035636 0.4881880975874572 0.6987045853488133
369 5120 2 512 3.1622776601683795e-05 8 0.1 31.22900234858195 0.4714136425670381 0.7135753675776935 0.7766023765241526 0.6446988460727628 0.8029314080746641
373 10240 4 1024 0.0001 32 0.2 26.063716733455657 0.6028055331797656 0.7914172277124739 0.7744569154473031 0.484444615008755 0.6960205564555942
282 40960 1 1024 1e-06 4 0.1 326.3706541498502 0.5544558361707954 0.7623539098605148 0.7466891427561165 0.543415100022841 0.7371669417593555
335 40960 2 4096 1e-05 16 0.05 137.26099157730738 0.394185395341045 0.6831113600349217 0.7912429245342282 0.7388915189836113 0.8595879937409615
376 2560 3 1024 1e-05 4 0.1 26.511665296554565 0.6365622427971687 0.8053759633097698 0.7904632469838375 0.4432727015994818 0.665787279541658
377 10240 5 1024 3.1622776601683795e-05 32 0.2 21.542470721403756 0.5946457156072111 0.779780116349559 0.761870205435833 0.494396867652463 0.7031336058335308
314 20480 4 512 1e-05 8 0.1 202.3058152238528 0.657073732110596 0.8127828955703061 0.7994086930257285 0.4182555340058638 0.6467267846671141
328 40960 2 2048 3.1622776601683795e-05 16 0.1 160.44676876068115 0.6655013644734913 0.8165375808272036 0.801676107995606 0.407976636748904 0.6387304883508411
374 10240 4 2048 3.1622776601683788e-06 16 0.05 40.33996306260427 0.6389245888152412 0.801713797317499 0.7872925145512726 0.4403914283118542 0.6636199426718987
367 5120 3 4096 3.1622776601683788e-06 8 0.05 55.29210879007975 0.5601682089001323 0.7638900266196617 0.7666399348110862 0.5364479128165233 0.7324260459708702
339 10240 4 4096 0.0001 8 0.25 144.5016402721405 0.5434546645728977 0.7398119058312794 0.7119808212022901 0.5568328557686703 0.7462123395982341
386 5120 3 256 3.1622776601683788e-06 32 0.05 11.664661220709483 0.5211286535545832 0.7486890849849309 0.7375402811821242 0.5840631339219249 0.7642402331217095
380 5120 1 2048 3.1622776601683788e-06 8 0.05 36.24760091304779 0.5034025760806828 0.7434410082323291 0.7496501054833686 0.6056830291994326 0.7782564032498753
382 2560 2 4096 3.1622776601683795e-05 4 0.2 29.748073275883993 0.5803749722006497 0.7726163454467808 0.7576433274261758 0.5118024092019863 0.7154036687087831
385 10240 5 2048 3.1622776601683795e-05 32 0.1 21.5556773463885 0.5889680637449488 0.7837342642689235 0.7661092588612567 0.5013217069952333 0.708040752354858
379 5120 1 2048 1e-05 4 0.1 50.20035016139348 0.5459408180744707 0.760507987356107 0.7465299194738347 0.5538005786940069 0.744177787020015
391 2560 1 512 1e-06 8 0.25 18.23033771912257 0.5151969714633287 0.7216375102837205 0.7199998524969591 0.5912978053161583 0.7689589100310615
378 5120 4 2048 3.1622776601683788e-06 4 0.1 59.65384512344996 0.6474225406871003 0.8081604174556621 0.7926585933310965 0.43002676473563956 0.6557642600322463
368 10240 1 512 3.1622776601683788e-06 4 0.05 81.82638712326685 0.48924825830333507 0.7344909458856098 0.7495488896533085 0.6229465703591393 0.7892696436320982
353 40960 2 256 3.1622776601683795e-05 16 0.2 126.3534230987231 0.6339227649479167 0.8059799451869949 0.7886810815422817 0.44649198317895983 0.6682005561049466
372 10240 1 256 3.1622776601683788e-06 4 0.1 77.6234512368838 0.12695901782843666 0.6313843540393564 0.7602151277902197 1.0648184650728936 1.0319004143195667
352 10240 5 512 1e-06 4 0.1 128.84379301071166 0.5464226018171501 0.7872430526317428 0.7775217229011996 0.5532129634092112 0.7437828738343006
389 20480 2 256 1e-05 32 0.25 31.938739625612893 0.3375309669585391 0.6546087881648291 0.7703426550227889 0.8079910030877689 0.898883197689093
381 20480 1 1024 3.1622776601683788e-06 16 0.2 56.87423195838928 0.5130111644966531 0.747321153966264 0.7544307804344121 0.5939637599124842 0.7706904436364085
396 2560 1 512 3.1622776601683795e-05 4 0.05 20.369221723079683 0.4412846233405462 0.723920329026675 0.7515692707665871 0.6814461885939647 0.8254975400290208
348 5120 5 4096 1e-06 4 0.25 160.96800387303034 0.3242005285472517 0.7788181902341909 0.7707802730810684 0.8242496865375986 0.9078819783086338
359 10240 3 256 1e-05 4 0.25 127.45951948563258 0.5764948145310334 0.7918447545349458 0.7770529488968506 0.5165349058640845 0.7187036286704586
395 2560 2 256 3.1622776601683788e-06 4 0.2 22.82938141822815 0.4834049866388205 0.7114245186674201 0.7457930813492898 0.630073410555502 0.793771636275511
343 40960 5 1024 3.1622776601683788e-06 16 0.25 168.75361771980923 0.6158693412535218 0.7954393680832804 0.7838667952969276 0.4685111315352721 0.6844787297902485
394 5120 4 2048 1e-05 16 0.1 25.42464468876521 0.6458123352835282 0.8060727052198717 0.7938323116099351 0.43199067763468685 0.6572599772043684
303 40960 1 256 3.1622776601683788e-06 4 0.1 322.54963825941087 -1.5402421352747129 0.45207766120687526 0.7702256152516986 3.0982471460488257 1.7601838387079987
392 5120 2 512 3.1622776601683788e-06 8 0.2 41.61850964625676 0.3379673809687753 0.6601245270076661 0.7571784889097513 0.8074587237263119 0.8985870707540321
384 20480 4 1024 1e-05 16 0.25 76.07855863571167 0.6375473816473632 0.8101740035041741 0.7985325303994008 0.44207116116808226 0.6648843216440603
393 20480 5 256 1e-06 32 0.1 52.838161846001945 0.4551685227428357 0.7789051721167449 0.7690991638226209 0.6645124675514543 0.8151763413835403
402 20480 2 256 0.0001 32 0.05 31.932413045565287 0.6516318464834092 0.8095827113608485 0.7875264462567441 0.4248928172708832 0.6518380299360288
399 5120 4 256 1e-05 4 0.25 55.06058295170466 0.5317556324454656 0.7974667150259152 0.7800465843728099 0.5711017683250831 0.755712755168975
407 2560 5 256 0.0001 4 0.25 30.81857429345449 0.6032874890420066 0.7799962537690873 0.7650565118155113 0.48385678979557 0.695598152524552
358 10240 3 4096 1e-06 4 0.1 173.48318499326706 0.5598385711756325 0.7763202819581159 0.7724719999579793 0.5368499607650159 0.7327004577349573
383 20480 1 256 3.1622776601683795e-05 8 0.25 108.02677582105001 -0.2678185148761707 0.5724070609367826 0.7672224690132551 1.5463152275435206 1.2435092390262006
406 20480 2 4096 0.0001 32 0.05 41.020404382546744 0.6641477479876579 0.8181569138427087 0.7952944641617553 0.4096275968506365 0.6400215596764194
321 20480 4 4096 3.1622776601683788e-06 8 0.05 293.27349036137264 0.6562610279979807 0.8105777847196813 0.7993078871423271 0.41924676163827235 0.6474926730382918
400 40960 1 512 1e-05 32 0.05 56.92927068869273 0.016174840774901722 0.6225542765150731 0.7583028496108691 1.1999381670954583 1.0954168919162504
390 10240 1 256 1e-05 4 0.2 97.87178740501403 -1.9845711250123617 0.4219955664260892 0.777366599085506 3.6401801394611057 1.9079256116162144
409 5120 1 1024 3.1622776601683795e-05 8 0.2 28.332344921429954 -0.04747128978581383 0.6123326483191397 0.7684916638689305 1.2775651931291252 1.1302942949201882
269 40960 5 1024 1e-05 4 0.25 531.2099905053775 0.5088187554871733 0.750390600274732 0.7419995989473266 0.5990770989396259 0.7740007099089935
410 10240 2 4096 3.1622776601683795e-05 16 0.05 40.23418476581573 0.5787363740246143 0.7685535571018407 0.76555496998388 0.513800951802286 0.7167991014240225
404 40960 1 256 0.0001 32 0.05 69.44967741966248 -0.07647079036667659 0.6076470446910444 0.7598813902152827 1.312934900081011 1.145833713974681
413 10240 2 256 0.0001 16 0.25 31.338000877698263 0.6259646818750266 0.7959837244548456 0.7778563623587862 0.45619818709795545 0.6754244495855591
292 40960 4 512 0.0001 4 0.1 450.1815659125646 0.49402785279903283 0.7267317600235923 0.6870713736588834 0.6171170611167202 0.7855679863110004
412 20480 2 2048 1e-06 32 0.05 41.51617921988169 0.3059007506979051 0.658936332526898 0.7510827460719116 0.8465693046983035 0.9200920088221087
417 5120 1 2048 1e-05 16 0.05 14.605609862009684 0.5217066694621365 0.7517945704292425 0.7493931919122925 0.5833581475306358 0.7637788603585699
418 2560 3 2048 0.0001 16 0.2 9.372526343663534 0.616156990650802 0.7912273852007249 0.7781948348783729 0.4681602953248926 0.6842224019461016
420 5120 4 2048 3.1622776601683788e-06 32 0.05 9.864585638046265 0.5031498677738262 0.7511504465536049 0.7620408662298955 0.6059912489473178 0.7784543974744557
397 20480 4 256 3.1622776601683795e-05 8 0.05 147.3013452490171 0.6178755201173952 0.7905763793992627 0.7744879285273807 0.46606426324144024 0.682688994521986
238 40960 5 4096 1e-06 8 0.2 716.3753694931667 0.6309293952172166 0.7961674520646468 0.7833418176056556 0.4501428946792558 0.670926892201569
345 20480 4 2048 0.0001 4 0.25 298.81956981023154 0.6075201519460354 0.7855574957064818 0.7599857048512871 0.47869435445899683 0.6918774128839565
421 2560 5 1024 3.1622776601683795e-05 16 0.25 10.690891925493876 0.6109571527827344 0.7893259946295944 0.7708579737732134 0.4745023611504067 0.6888413178304614
342 20480 5 2048 3.1622776601683788e-06 4 0.25 324.9180586298307 0.6234188127150517 0.7924959504083904 0.7812758094292513 0.45930329733511516 0.6777191876692847
423 2560 2 1024 3.1622776601683788e-06 16 0.2 8.142048728466033 0.40180497508042545 0.6981503989255322 0.7494372611781146 0.7295981760956217 0.8541651925099861
387 20480 5 256 3.1622776601683788e-06 8 0.05 200.73928736050922 0.6116397983779347 0.7862248069495689 0.7687751829781634 0.4736697614790123 0.6882367045421308
416 20480 1 512 1e-06 16 0.1 70.33649762074153 0.49792869295686437 0.7325044222512713 0.7530107662029604 0.6123593387254698 0.7825339217730244
388 20480 4 512 0.0001 8 0.1 196.54868540763854 0.5092884503166135 0.7375356897318004 0.7201935047490322 0.5985042280921505 0.7736305501285161
427 2560 3 1024 1e-06 16 0.05 11.37878802617391 0.4409592304509242 0.7141028314756726 0.7333621458301994 0.681843059261377 0.8257378877473026
371 40960 2 512 3.1622776601683788e-06 8 0.25 257.2706762393316 0.17760756308743342 0.6018256751659963 0.7722541952981535 1.0030441528444882 1.001520919823689
424 10240 1 2048 1e-06 16 0.25 27.839110469818117 0.5547242837377495 0.7567424590351439 0.7532667778913872 0.5430876836334229 0.7369448307936103
432 10240 4 1024 0.0001 32 0.25 20.438168136278787 0.5897809174148132 0.7816356301512024 0.7669040806869021 0.5003302969529222 0.7073402978432108
419 40960 2 512 3.1622776601683795e-05 32 0.1 82.10238962570826 0.65625866486947 0.8111513752709344 0.7971895697722587 0.4192496438659396 0.6474948987180823
340 20480 5 4096 1e-05 8 0.1 375.4992865641912 0.5597272920851901 0.7682271889865322 0.7510221559557395 0.5369856840961071 0.7327930704476586
434 10240 1 2048 3.1622776601683795e-05 16 0.2 28.273378670215607 -0.3223865321938031 0.5677161359972679 0.7611745259558326 1.6128699868604366 1.2699881837483515
428 20480 5 512 3.1622776601683795e-05 32 0.2 44.097069259484606 0.5712879854152964 0.7625639178346676 0.7456366866989539 0.5228854986771792 0.7231082205847055
311 40960 4 1024 1e-05 4 0.05 479.9782366434733 0.6156375774746337 0.7873473268165776 0.7755923909408425 0.4687938059530082 0.684685187478894
429 5120 5 256 1e-05 8 0.05 49.62442051966985 0.6095178647373016 0.7858742373896204 0.7701756837486556 0.47625781194668376 0.6901143470082938
415 10240 3 256 3.1622776601683795e-05 4 0.1 127.56502520640692 0.6452373536972149 0.806270243557356 0.789364999884886 0.4326919631673091 0.6577932526009287
426 20480 2 1024 1e-06 16 0.25 64.80033329725265 0.3689089460433701 0.6939274872875568 0.7520298868324259 0.769720346602558 0.87733707695649
437 2560 5 1024 3.1622776601683788e-06 4 0.05 39.93206390937169 0.5913527351033205 0.7817328108070641 0.7658084400030221 0.49841320424750574 0.7059838555147743
422 40960 5 2048 1e-05 32 0.2 90.57615472873051 0.6029881465294922 0.7817133051139006 0.7672084488375237 0.48422188770187197 0.6958605375374235
405 40960 1 1024 3.1622776601683788e-06 8 0.1 223.11360747416813 0.3165497248401953 0.6912232625821788 0.7591022865902144 0.8335811122395834 0.9130066331848764
431 10240 2 4096 0.0001 8 0.25 78.05097237428029 0.6593838139135381 0.8138270048854698 0.7986854649943349 0.4154380056081899 0.6445448049656362
442 10240 5 256 1e-05 32 0.25 21.089914445082346 0.4156196787885513 0.7934760937462657 0.7755834766976536 0.7127488506935837 0.8442445443670831
438 20480 5 1024 1e-06 32 0.2 42.738689434528354 0.3321426381695577 0.7778850307621932 0.7688142918894139 0.8145629648943268 0.902531420447137
436 5120 3 1024 0.0001 4 0.25 67.51537333726883 0.6109897853726376 0.7862556036420358 0.7671311169844466 0.4744625602876735 0.6888124275067005
401 40960 2 1024 1e-05 8 0.1 254.0763645807902 0.48258168160290593 0.7174293198711811 0.7820945548962266 0.6310775677743863 0.794403907199849
448 10240 1 2048 1e-06 32 0.25 18.58712411324183 0.5525693061364066 0.7544017611944758 0.7529320154498031 0.5457160366988435 0.7387259550732217
64 40960 5 4096 3.1622776601683788e-06 4 0.1 1322.5519688844681 0.620534661015431 0.7963423625163853 0.7798225075291044 0.46282099930849635 0.6803094878865767
445 2560 5 4096 0.0001 8 0.2 45.58267233769099 0.5156048134640254 0.7510690584821978 0.7479555243107143 0.5908003742653342 0.7686353974839658
414 40960 1 2048 1e-05 8 0.2 225.3179983774821 -2.0677579629938267 0.42400792729194225 0.762713465713005 3.741640303350966 1.9343320044271008
305 40960 4 4096 1e-06 8 0.2 587.5853839715322 0.6412779370592904 0.8099688356544805 0.7941851936938386 0.43752112930392284 0.6614537998257496
435 10240 5 256 1e-05 4 0.25 119.7955200433731 0.529170532174805 0.7839371531592748 0.7724991197732191 0.5742547274168974 0.7577959668782207
403 20480 4 512 1e-05 4 0.05 290.94614157279335 0.6482943017081646 0.8065872394754879 0.7927967043604495 0.42896350739570205 0.6549530573985453
398 40960 1 256 3.1622776601683788e-06 4 0.05 316.6436285376549 -0.5513040718160978 0.5401178759418045 0.7675642415427048 1.8920729431323957 1.375526424003696
411 10240 4 4096 1e-05 4 0.2 255.18611001968384 0.6238470334985314 0.7983316557040567 0.7842611639827027 0.45878101097435003 0.6773337515393353
440 40960 5 2048 3.1622776601683795e-05 32 0.1 109.25989938179652 0.4865174990809743 0.733521255950152 0.7140608732614484 0.6262771847323675 0.791376765347813
370 40960 3 1024 3.1622776601683795e-05 4 0.2 420.4326704581579 0.5668941321507914 0.7571213544709421 0.7490507551005049 0.5282445324274943 0.7268043288447684
299 40960 5 1024 3.1622776601683795e-05 4 0.2 653.0326431512833 0.512696260006565 0.7492429767629498 0.7260535811403882 0.5943478382348398 0.7709395814425666
444 40960 3 512 1e-05 32 0.1 92.94585156043371 0.6583318664862223 0.8142442290800372 0.8011927398902032 0.41672103019439605 0.6455393328019572
458 2560 5 1024 0.0001 16 0.2 10.808612044652303 0.5549308293811466 0.765383002904287 0.7478388584799925 0.5428357669199344 0.736773891312616
456 10240 2 512 1e-05 32 0.2 16.234969953695934 0.2833489935513457 0.644545123685689 0.7713214026706976 0.8740749177449739 0.9349197386647551
462 5120 2 2048 1e-06 32 0.1 10.227337090174357 0.43150551582741836 0.7041890194622319 0.7530543845274579 0.6933734342382766 0.8326904792528113
463 5120 3 256 1e-06 32 0.1 11.346963942050934 0.44102323659383913 0.7380269765178061 0.7326503144518421 0.6817649931404897 0.825690615872852
446 10240 4 512 1e-06 4 0.25 116.37293566465378 0.28991001895052293 0.7884335445409414 0.7838738873741249 0.8660726576706774 0.9306302475584368
461 2560 2 512 0.0001 4 0.05 28.292003830273945 0.6518898897824492 0.8086499911585304 0.795580488141764 0.42457809061403967 0.6515965704437369
464 2560 5 256 3.1622776601683795e-05 8 0.2 19.444655092557273 0.581187598189812 0.7915660497013844 0.7709522820040058 0.5108112768541029 0.7147106245566124
450 5120 4 4096 1e-05 8 0.1 73.07886234124501 0.6404300215608172 0.8045999692491184 0.7897239901740057 0.4385553030689963 0.66223508142426
449 20480 2 512 3.1622776601683795e-05 16 0.25 81.52315380573273 0.636941636749875 0.801364903257498 0.7852054351166053 0.4428099676675947 0.6654396799617488
375 40960 2 2048 1e-05 4 0.1 453.16409753958385 0.6201002829634807 0.7892129506427474 0.7913121192524522 0.4633507954807086 0.680698755310092
451 10240 3 256 3.1622776601683795e-05 8 0.05 82.02258429924647 0.6467612650092381 0.8059508463674177 0.7906393762742228 0.43083330024390365 0.6563789303777992
443 40960 1 1024 3.1622776601683795e-05 16 0.1 143.7086834192276 -0.6811822592078967 0.5230986091761698 0.7646640329102883 2.050480961735362 1.4319500556008795
454 10240 2 2048 1e-05 8 0.25 64.11317321459453 0.37393137579505376 0.6786709527565461 0.7868556343969787 0.763594659437424 0.8738390351989456
471 2560 3 1024 0.0001 8 0.1 22.655295785268148 0.6473227445302192 0.8077178023404072 0.7938377841190923 0.4301484827222637 0.655857059672505
475 2560 5 4096 3.1622776601683795e-05 32 0.05 12.574816664059957 0.6138240120549237 0.7897088572048189 0.7767657812623542 0.47100575016405954 0.686298586741995
472 2560 4 1024 1e-05 8 0.2 24.764613465468088 0.5584989624653085 0.7874991147853275 0.7760476777001168 0.5384838360582208 0.733814578799182
465 40960 1 1024 3.1622776601683788e-06 32 0.05 57.41904825369517 0.5585387759136791 0.7659349343041082 0.753639844798284 0.5384352769460499 0.7337814912806467
478 2560 1 256 0.0001 16 0.1 8.601914393901826 -0.16807512569426097 0.5781408877779265 0.7580843480417234 1.424661599891734 1.1935918900075244
476 5120 4 1024 3.1622776601683795e-05 32 0.05 12.72467827796936 0.6429982460334527 0.8032196175946589 0.7904031078089903 0.4354229268154643 0.659865840012547
473 5120 2 4096 1e-05 8 0.1 40.469477983315784 0.23970335468092374 0.6338832068445788 0.755603719814599 0.9273080226486287 0.9629683393801837
479 5120 2 4096 1e-06 16 0.25 16.844237260023753 0.3286400379678376 0.6779579405380266 0.7484328508693644 0.8188349675227518 0.9048950035903347
466 5120 5 2048 1e-06 4 0.1 82.93931199709574 0.5381083527126276 0.7839856604622073 0.7708801360871546 0.5633535709528461 0.7505688315889797
474 40960 2 2048 1e-06 32 0.1 64.66254446903865 0.29668812870905237 0.6581956604906329 0.7613590019522971 0.8578056271686034 0.9261779673305792
452 20480 2 256 1e-05 8 0.2 151.85344689687093 0.5465016238684739 0.7474489639589178 0.7637816637218658 0.5531165828943033 0.7437180802523919
482 2560 4 1024 3.1622776601683788e-06 4 0.25 36.87336535453797 0.2936696846568747 0.7771560518026206 0.7670703378081707 0.8614871209680739 0.9281633051182717
447 40960 1 4096 3.1622776601683788e-06 8 0.1 221.19753331740696 0.25151274447887206 0.6772210890493879 0.762226408087673 0.9129045105857462 0.955460365784864
483 5120 3 512 1e-06 4 0.1 52.02920928796132 0.4022343779609079 0.7457961641127006 0.7627143675956543 0.729074447971249 0.8538585643836156
453 20480 2 1024 0.0001 4 0.25 190.15793475310008 0.6236593939005828 0.7987830443018386 0.7919156632332558 0.4590098686256571 0.6775026705671773
469 20480 4 4096 1e-05 16 0.25 147.78717645406724 0.6346135430593896 0.8025512077366015 0.7914646971273329 0.445649464553391 0.6675698199839407
477 10240 3 256 1e-05 4 0.05 126.9578406214714 0.6377253909296525 0.8002120290365329 0.7831941548191523 0.44185404928604366 0.6647210311747656
488 20480 2 512 1e-06 16 0.05 63.92467171748479 0.27172848068723876 0.6454919570463317 0.7487636778230241 0.8882480630199419 0.9424691310700536
485 20480 5 512 0.0001 16 0.2 84.01130472421646 0.5245669134312917 0.7548976671517954 0.7346182240465715 0.5798696050049524 0.7614916972659337
492 5120 2 2048 0.0001 32 0.2 10.175609676043193 0.6473360498894327 0.8061259948048973 0.7856128811007966 0.43013225462706034 0.6558446878850666
425 40960 4 1024 3.1622776601683795e-05 8 0.25 400.9595505913099 0.5941155645423606 0.7818143496555239 0.7730192535974248 0.49504347491908496 0.7035932595747951
467 20480 1 4096 0.0001 4 0.1 199.83995634714762 0.5280321457718531 0.7555572867490502 0.7571895574695392 0.5756431786889512 0.758711525343428
459 20480 4 256 3.1622776601683795e-05 4 0.05 222.63008599281312 0.6067871455808733 0.7855952605505007 0.759283129624466 0.4795883774528535 0.6925231963283638
486 40960 5 512 1e-05 32 0.2 107.44293004274368 0.5975718280547496 0.7792718958097896 0.7667081089404463 0.49082798757850743 0.7005911700688979
481 10240 4 1024 0.0001 4 0.05 153.75719696680704 0.524686124573214 0.7494102067941465 0.7355349189772458 0.5797242072197929 0.761396222225848
490 20480 3 256 0.0001 16 0.25 67.75056215922038 0.6171291593178565 0.7963090089301258 0.7875803519587594 0.46697457418581145 0.6833553791299308
496 5120 1 4096 1e-05 8 0.1 28.53379296064377 0.550056721337335 0.7663514390703862 0.7586764749957086 0.5487805511302947 0.7407972402285896
491 40960 3 512 1e-06 32 0.2 72.75465463797251 0.4239385654774942 0.786880193210615 0.7737215173740319 0.7026025868455772 0.838213926659285
460 40960 1 256 1e-06 8 0.25 276.01003537575406 0.1038417495727404 0.619647615229032 0.7641140484728289 1.0930138128324922 1.0454730091362914
484 40960 3 256 3.1622776601683795e-05 16 0.25 178.6377534031868 0.5890946597086959 0.7819900609351892 0.7736461963079031 0.5011673021934491 0.7079317072948839
487 40960 2 4096 1e-06 16 0.2 157.52435033718746 0.3016263826118811 0.6605727384339184 0.7710209117697898 0.8517826064303661 0.9229206934674106
433 40960 2 256 1e-05 4 0.25 453.87730013132096 0.6113348202690032 0.7914286922986511 0.7783462440725188 0.4740417329310574 0.6885068866257311
455 20480 4 2048 3.1622776601683788e-06 4 0.1 299.75422921975456 0.6597180395132071 0.8126614031918853 0.8018215160754859 0.41503036198401266 0.6442285013751042
441 40960 1 4096 3.1622776601683788e-06 4 0.25 410.3784362634023 -2.436056949591578 0.4147127984079996 0.7642695822351815 4.1908420815097065 2.047154630581116
480 40960 5 2048 3.1622776601683795e-05 16 0.05 217.38731557528178 0.5267941837281642 0.754536467007717 0.7422489285052147 0.5771530789915696 0.759705916122528
497 20480 4 256 1e-05 16 0.25 93.98371498584747 0.5467144472073198 0.8022719227350786 0.7860617888041269 0.5528570094886677 0.7435435491540947
494 20480 4 4096 3.1622776601683788e-06 16 0.05 145.9653883179029 0.6525383156425225 0.8079620264421713 0.7936557885786514 0.4237872275925588 0.6509894220281608
468 20480 5 2048 1e-06 4 0.25 332.1772744735082 0.5850066588613141 0.7996111699911315 0.7914618360500328 0.5061532981276815 0.711444515143438
439 40960 5 512 1e-06 4 0.1 519.7440890431404 0.6252827044729703 0.8010648360265503 0.7878626683643454 0.457029971796843 0.6760399187894477
457 40960 3 4096 1e-05 8 0.2 430.3518560687701 0.6343226484795442 0.7978168995711383 0.7878873881478715 0.44600425880284134 0.6678355028020309
489 40960 3 1024 1e-05 8 0.05 283.2161197344462 0.6445417459953529 0.8054446241423002 0.7921091418242935 0.4335403722804155 0.6584378271943491
408 40960 5 4096 0.0001 8 0.2 742.0533678134283 0.4667929639009224 0.7213753512363977 0.7021890697086993 0.6503345310696002 0.8064332155049172
498 20480 5 2048 1e-05 8 0.2 218.2424514691035 0.5715938428193439 0.7719181372865056 0.7595916809115016 0.522512454778714 0.7228502298392897
499 20480 5 2048 1e-05 4 0.1 264.40488178332646 0.5733841279776125 0.7760221913558918 0.7588559906376015 0.5203289047126809 0.721338273428411
470 40960 5 256 1e-05 4 0.1 472.09017786184944 0.5831833813490698 0.7680531660675303 0.7485770854475421 0.5083770878484812 0.713005671680444
493 10240 5 4096 3.1622776601683795e-05 4 0.2 326.3849111398061 0.5394185717657118 0.763541044460477 0.7513771748703646 0.5617555412274325 0.7495035298298685
495 40960 5 2048 0.0001 8 0.25 422.9958434820175 0.5009502740099925 0.7336805686297506 0.6996099395856532 0.6086740188323735 0.780175633323916
430 40960 4 4096 0.0001 4 0.25 1010.2716579198838 0.5969627679224628 0.7726914544446055 0.7412974647368374 0.49157083755742315 0.7011211290193893
