9 1280 1 2048 0.001 512 0.25 0.2901599327723185 0.36205046691637033 0.7015702551042378 0.6746011379009491 0.8484769637134494 0.9211280929998007
7 1280 5 32 1e-07 512 0.0 0.30628604094187417 -36.94173120201973 -0.11982589709271706 -0.1039016011676277 50.46274543491415 7.103713496116954
1 1280 2 512 0.001 512 0.0 0.31976508696873984 0.5906624701056127 0.7875843919917322 0.7794542268317975 0.544421535697281 0.737849263533739
2 1280 5 32 3.1622776601683788e-06 512 0.1 0.3278444449106852 -0.36804288879541835 0.4836074320535681 0.5114733308687286 1.8195058015078882 1.3488905817403753
11 1280 3 2048 3.1622776601683788e-06 512 0.1 0.34879520734151204 0.5115234818053267 0.8322987489184397 0.8188377179119825 0.6496768968538483 0.8060253698574558
13 1280 4 512 1e-05 512 0.25 0.33409396012624104 -3.233431594791936 0.8141778373385948 0.7942356843379731 5.630491127213933 2.3728655940052596
14 1280 2 2048 0.001 512 0.2 0.343106218179067 0.5808015572452778 0.7824748665850014 0.768708165037609 0.557536612939736 0.7466837435887673
3 1280 1 1024 3.1622776601683795e-05 16 0.0 3.603496015071869 0.6391943752056062 0.8131759846154433 0.8038393262090551 0.4798737911704837 0.6927292336623911
8 1280 2 4096 3.1622776601683788e-06 16 0.1 5.788462849458059 0.6570456801507227 0.8340741632841937 0.8238158140096078 0.45613144129377364 0.6753750375115841
19 1280 4 4096 1e-07 512 0.0 0.6736941536267599 0.5704805497188121 0.7595327797217988 0.7720378788320247 0.5712636190340743 0.7558198323900176
16 1280 3 512 1e-05 16 0.0 4.159750497341156 0.6826693308317382 0.8288674920966593 0.8162466720853598 0.42205182182294626 0.6496551560812446
21 1280 1 1024 1e-07 512 0.25 0.27974236011505127 -11.317492535950874 0.10682109145093197 0.08910827402485837 16.382343940201025 4.047510832623061
10 1280 3 4096 1e-07 16 0.0 7.796904877821604 0.6845679806687166 0.8277108189510125 0.8167329954256731 0.4195266053829443 0.6477087349904618
24 1280 4 1024 0.001 512 0.0 0.3230675180753072 0.6120837259840965 0.800488790919271 0.7940787987064736 0.5159311282212368 0.7182834595208474
15 1280 2 4096 1e-07 8 0.2 11.583993705113729 0.6305194442663689 0.8381068911593208 0.8234481870352317 0.49141150486418284 0.701007492730415
4 1280 2 32 3.1622776601683788e-06 4 0.2 14.612295953432719 0.3016816170305099 0.7924665113981678 0.7686391447836473 0.928767920595948 0.9637260609716581
18 1280 5 32 0.001 8 0.25 11.822091170152028 0.5916487542873107 0.7932834485325817 0.7916496741600607 0.5431097714205667 0.7369598166932623
5 1280 4 32 3.1622776601683788e-06 4 0.1 17.28199121952057 0.19482539227936102 0.7909283329126109 0.7705201504237227 1.0708873837022113 1.034836887486241
6 1280 3 2048 3.1622776601683788e-06 4 0.1 17.373387026786805 0.30753651504080337 0.8271512638583991 0.8131415088004371 0.9209808687540675 0.959677481633318
17 1280 5 4096 1e-05 16 0.25 13.401588483651478 -3.355368258240956 0.8257067590921598 0.8136186534466143 5.792667670346554 2.4067961422493918
29 1280 4 1024 3.1622776601683795e-05 512 0.25 0.3349413553873698 -3.4420471176312946 0.8280637017067041 0.8117055776704006 5.9079511083297565 2.4306277189914867
27 1280 2 1024 3.1622776601683788e-06 16 0.1 4.147248303890228 0.6366930566484964 0.8217267562624647 0.8053998516611002 0.48320056086707414 0.6951262913076114
32 1280 5 2048 1e-07 512 0.1 0.43532405694325765 0.26253489655288054 0.6074372730476747 0.6573296370658738 0.9808333094828209 0.9903702890751624
26 1280 5 2048 3.1622776601683788e-06 16 0.25 6.049510316054026 -6.190871869198149 0.8265731986371249 0.812068670591047 9.563905628299715 3.0925564874872884
22 1280 2 32 3.1622776601683788e-06 4 0.25 15.463690654436748 0.21753015779692786 0.7911447880701108 0.7666170674067888 1.0406899001880325 1.0201420980373432
20 1280 3 4096 1e-07 8 0.2 16.08302161693573 -0.16500068745377172 0.8164499962313401 0.802494260464744 1.5494583736693115 1.2447724184240714
0 1280 4 1024 1e-05 4 0.2 24.03615151246389 -0.44901319917027127 0.8285383191363052 0.8202301147537667 1.9271968327493587 1.3882351503795598
25 1280 5 4096 3.1622776601683788e-06 16 0.25 13.029661774635315 -6.500895974813321 0.8272666157527704 0.8172339899317143 9.976239673814026 3.158518588486385
31 1280 4 2048 3.1622776601683795e-05 16 0.0 4.811874743302663 0.669596306127713 0.8239581411523185 0.8131865175777071 0.4394390283842656 0.6629019749437058
37 1280 5 2048 0.001 512 0.1 0.4582757592201233 0.6107504695844364 0.806702076392606 0.8017510731990041 0.517704367769461 0.719516759894765
38 1280 4 4096 1e-05 512 0.2 0.6961024562517802 -2.0611487244509035 0.8323784839945132 0.82248814396373 4.0713474036776445 2.017758014152749
12 1280 5 2048 3.1622776601683795e-05 4 0.1 23.659004628658295 0.666263878803077 0.8188196663485081 0.8134581184547957 0.4438711780631528 0.6662365781485979
23 1280 3 1024 1e-07 4 0.2 17.38783118327459 0.027206803191954454 0.8225543843414718 0.8135848876481057 1.293821180429626 1.1374626061676163
30 1280 5 32 0.001 8 0.0 8.30474716424942 0.6475932190632887 0.8143585933575215 0.804485815918933 0.4687032750630041 0.6846190729617486
42 1280 1 2048 1e-07 16 0.1 3.5035760203997293 0.6173307074771127 0.7942614033100314 0.7889336798653509 0.5089526092397495 0.7134091457500034
33 1280 4 32 1e-05 8 0.0 8.19172176917394 0.4716999649599709 0.7394094498710426 0.7380677898697607 0.7026424292432408 0.8382376925689042
36 1280 2 4096 1e-07 16 0.1 5.729532992839813 0.6897042289730353 0.8326195104198917 0.8186932917126837 0.41269536225143555 0.6424137002364096
45 1280 2 32 1e-07 512 0.0 0.2889606237411499 -28.516626691305365 -0.07541081308494045 -0.12123775834613588 39.2573024907584 6.265564818175485
34 1280 4 2048 3.1622776601683795e-05 8 0.25 10.311344714959462 0.2839721269529005 0.8197842233010796 0.8113360707225267 0.9523216557908505 0.9758696920136676
49 1280 4 1024 3.1622776601683795e-05 512 0.1 0.33875616391499835 -0.11677422546730054 0.8299904046414965 0.8146511643813661 1.4853168704392137 1.2187357672765715
44 1280 4 32 1e-07 8 0.25 8.743282047907512 -2.41122935235532 0.3874705801472085 0.4153179577563932 4.536956880313625 2.1300133521444473
40 1280 4 4096 3.1622776601683788e-06 16 0.25 10.580291291077932 -3.537696621695737 0.8317532895839892 0.8213955877357033 6.035165561167448 2.4566573959686457
52 1280 5 4096 0.001 512 0.25 0.8425979614257812 0.39997406891661114 0.7992962999060266 0.7928337703939569 0.7980383302329802 0.8933299111934965
28 1280 3 1024 0.001 4 0.2 21.787025022506715 -0.009556440231652363 0.06368020979662918 0.06794339408543437 1.342716529573539 1.1587564582661618
39 1280 2 1024 1e-05 4 0.2 16.060603614648183 0.6168121139858711 0.8265709739161594 0.8083987042878357 0.509642341903591 0.713892388181574
43 1280 1 512 0.001 4 0.1 13.606927140553791 -24.04231676956829 0.08254335579399323 0.5628256432610727 33.3064416463932 5.771173333594582
53 1280 2 512 3.1622776601683795e-05 16 0.1 4.02246531645457 0.636778361407861 0.8209056959652031 0.80891772442212 0.4830871049909232 0.6950446784134983
54 1280 3 1024 1e-07 16 0.0 4.119379647572836 0.6488518096299057 0.8073346180162657 0.7986992574928186 0.4670293415508031 0.6833954503439448
50 1280 2 32 3.1622776601683795e-05 8 0.0 7.10442761182785 0.5655758631144303 0.7787374066846453 0.766925641096 0.5777868836220058 0.7601229398077693
35 1280 5 512 3.1622776601683795e-05 4 0.2 19.798138105869292 0.6566807515924948 0.8255908465774134 0.8168536086273335 0.45661679861280924 0.6757342662710019
47 1280 4 2048 1e-07 8 0.1 9.9851096312205 0.4297705497137009 0.8187230064713156 0.8045698617929505 0.7584088199896573 0.8708667062126426
56 1280 2 512 3.1622776601683788e-06 16 0.0 4.649517035484314 0.651548894037449 0.8111641548189003 0.8014273939358761 0.4634422020196717 0.6807658936959692
55 1280 3 1024 1e-07 8 0.1 8.973053578535716 0.6076780530235317 0.8245053610430519 0.8165331284393033 0.5217907014677686 0.7223508160636136
58 1280 5 2048 3.1622776601683795e-05 16 0.0 5.51009414990743 0.6900978767521058 0.8351725394073237 0.8273527445411835 0.4121718081847936 0.6420060811120044
41 1280 4 4096 0.001 8 0.25 21.741468918323516 -0.00876878544901638 nan nan 1.3416689436693767 1.1583043398301573
51 1280 1 2048 1e-05 4 0.0 13.027137537797293 0.6553427854052578 0.8192283526600262 0.8072130308063543 0.4583963022086671 0.6770497043856286
62 1280 1 512 3.1622776601683795e-05 16 0.2 3.52778879404068 0.641114090806004 0.8123791738153026 0.798989510655983 0.4773205571302523 0.6908838955499341
65 1280 3 32 3.1622776601683788e-06 512 0.25 0.29954002300898236 -0.8823800187982538 0.4755518336144894 0.4972103405634557 2.5035774776489017 1.5822697234191463
57 1280 2 2048 3.1622776601683788e-06 8 0.1 7.77046066125234 0.6667661585195008 0.828657544025114 0.8151742024982243 0.4432031428242741 0.6657350395046622
48 1280 2 1024 3.1622776601683795e-05 4 0.0 14.653425339857737 0.6433757883936522 0.8100754950520997 0.8059043480785587 0.4743124848573095 0.6887034810840653
63 1280 1 1024 0.001 16 0.25 3.5197128216425577 0.44323888894603136 0.7438193751401927 0.763825822833767 0.7404958425745419 0.8605206810847383
72 1280 1 2048 3.1622776601683788e-06 512 0.2 0.27992289463678993 0.6155358054408224 0.799152538026001 0.7928158620004568 0.5113398404405521 0.7150803034908402
71 1280 4 32 3.1622776601683788e-06 512 0.2 0.3188278834025065 -1.515070962095229 0.5230402459715895 0.5529430395980487 3.3450604832759985 1.8289506508585731
74 1280 5 1024 1e-05 512 0.25 0.36025228500366213 -6.521045998727171 0.8157587530901198 0.8011175669309998 10.003039334637567 3.1627581846605923
70 1280 2 2048 3.1622776601683795e-05 16 0.25 4.050299954414368 0.6374009035576053 0.8137320396202886 0.7994606467594126 0.48225911994570286 0.6944487885695408
69 1280 5 512 1e-07 16 0.0 4.657332507769267 0.6120082286746047 0.7838941858547402 0.7781221365908434 0.5160315401262607 0.7183533532505161
67 1280 3 2048 0.001 16 0.2 5.633460640907288 0.09684834408260978 0.34154361698102886 0.2722976809175628 1.2011974851388527 1.0959915534067097
60 1280 1 2048 0.001 4 0.0 13.69106746117274 -2872.3393681065077 0.059708271004239644 0.5374515350851613 3821.5597572194397 61.81876541325813
75 1280 3 512 3.1622776601683795e-05 16 0.2 4.429648005962372 -0.10290080687435088 0.8265613597478085 0.8155048197982524 1.4668651348808013 1.2111420787342835
77 1280 2 2048 0.001 8 0.2 7.932201806704203 0.637204547971334 0.8111420048077678 0.7994849335645088 0.4825202741326843 0.6946367929592301
78 1280 2 512 3.1622776601683788e-06 8 0.1 7.831988573074341 0.6661424500211282 0.8227695772426107 0.8067863874090386 0.4440326791206384 0.6663577711114641
81 1280 2 1024 3.1622776601683795e-05 16 0.1 4.377244532108307 0.6673285807779561 0.8269990469050645 0.8119899328774935 0.44245511761940814 0.6651729982639164
46 1280 3 4096 1e-07 4 0.1 32.03966850439708 0.5300190404950038 0.8291473877678736 0.8186450759217999 0.6250776853717953 0.7906185460585878
73 1280 5 2048 1e-05 8 0.1 11.926051898797352 0.1661767308338934 0.8312739667837433 0.8157547456867785 1.108990286858531 1.0530860776111945
64 1280 1 2048 1e-07 4 0.2 16.89615100224813 0.6430920886049065 0.8086671281478235 0.7989158599295412 0.47468980739283584 0.6889773634836168
85 1280 1 2048 3.1622776601683788e-06 512 0.1 0.2798405448595683 0.6033702057441495 0.7915162359005413 0.7867506251499681 0.5275201659319623 0.726305834984108
61 1280 5 512 1e-05 4 0.2 20.123640163739523 0.3439965140644534 0.8391598174835092 0.8262166876151529 0.8724888366037336 0.9340711089653365
66 1280 3 4096 3.1622776601683788e-06 8 0.25 16.559662501017254 -1.2334370938385417 0.8301893711304553 0.8185348210054898 2.970485635227662 1.7235096852723695
89 1280 3 4096 3.1622776601683795e-05 512 0.1 0.5682238777478535 0.42222780653496095 0.828314357091237 0.8161065587664382 0.7684407167126363 0.8766075043670549
91 1280 4 512 1e-05 512 0.0 0.3057944337526957 0.6616163168962983 0.8174290075701445 0.8107809993317558 0.4500524651569346 0.67085949732931
92 1280 5 512 1e-05 512 0.25 0.33619094292322793 -5.735639827147935 0.8131444561970949 0.7931706609203776 8.958444097578282 2.99306600287703
87 1280 3 512 0.001 16 0.2 4.370276355743409 0.6296713077583935 0.8171128154948757 0.8066670584652 0.49253953185030347 0.7018116070928889
90 1280 2 4096 3.1622776601683788e-06 16 0.0 5.71178777217865 0.7125298584337209 0.844299749797436 0.835368251153361 0.38233712891903204 0.6183341563580586
86 1280 3 2048 3.1622776601683795e-05 8 0.2 8.624970185756684 0.4605756161739123 0.8178731513274154 0.8039781862123115 0.7174378843565329 0.8470170508062591
80 1280 3 512 1e-07 4 0.0 15.720461638768514 0.6297407975537666 0.7960768603067166 0.7787019793971143 0.4924471099775228 0.7017457587884111
83 1280 2 4096 3.1622776601683788e-06 8 0.0 11.456785349051158 0.7060996568295537 0.8406468321917662 0.831984814928544 0.39088933822436267 0.625211434815745
96 1280 2 1024 3.1622776601683788e-06 512 0.25 0.2960596799850464 0.5104603046857915 0.8124053530966249 0.8002203035014106 0.651090929230222 0.8069020567765471
97 1280 3 2048 3.1622776601683788e-06 512 0.0 0.33299818833669026 0.674123804886754 0.8229364966819916 0.8129623215225424 0.4334174260457245 0.6583444585061262
88 1280 3 512 3.1622776601683795e-05 8 0.2 10.741655234495799 0.27326854250284305 0.8247773938843139 0.8114394324026782 0.9665574916431589 0.9831365579832534
76 1280 5 4096 0.001 8 0.0 24.847172947724662 -0.012885884708326634 0.18614745376176706 0.10406107258641947 1.3471447120455382 1.1606656331801757
100 1280 2 32 0.001 512 0.2 0.32673280239105223 0.6136754064443284 0.813334586110817 0.8000998746108774 0.5138141830177946 0.7168083307396717
103 1280 1 4096 3.1622776601683788e-06 512 0.1 0.343600332736969 0.5994778617184445 0.7970302199091122 0.7910367804137404 0.5326970084083489 0.7298609514204393
82 1280 3 4096 3.1622776601683788e-06 8 0.2 16.479839849472047 -0.8046748574110261 0.8352311302074304 0.8254502482236729 2.4002291154673188 1.5492672834173318
95 1280 2 32 1e-05 8 0.1 7.678233730792999 0.5376034708600301 0.7943586348624472 0.7734213918774763 0.6149903444241376 0.7842132008734216
79 1280 4 2048 3.1622776601683795e-05 4 0.25 23.98363171418508 0.4139593945796348 0.8234398881058753 0.8142091125738138 0.7794377575548425 0.8828577221471433
98 1280 3 512 1e-07 16 0.25 4.6327197829882305 0.04149201739585262 0.7446253190823918 0.7489584763423014 1.2748217540719757 1.1290800476812863
94 1280 5 1024 0.001 8 0.1 10.282744669914246 0.698350129068336 0.8363870473780328 0.8184422524973894 0.40119625976605294 0.6334005523884968
93 1280 5 2048 1e-07 8 0.2 11.628377914428711 -2.2439394213227386 0.7886753450988896 0.7728928612890268 4.3144602009034845 2.077127873026474
105 1280 3 1024 1e-05 512 0.2 0.3181759436925252 -0.6767254103065863 0.8308831883943977 0.8168800019807533 2.230055531573876 1.4933370455372343
106 1280 1 1024 0.001 512 0.25 0.3290021777153015 0.5262614176793257 0.7700007060537474 0.7713625259996222 0.630075347776243 0.7937728565378404
111 1280 2 4096 3.1622776601683788e-06 512 0.2 0.4182565013567607 0.4528653912548035 0.83825470815258 0.8236031926932333 0.7276925328665672 0.8530489627603841
84 1280 5 1024 1e-05 4 0.25 20.674462449550628 0.4108297524696074 0.834303920926915 0.8302510738791267 0.7836002015998916 0.8852119529242087
113 1280 1 32 1e-05 512 0.1 0.2686855753262838 0.23771173693160852 0.7087915708791078 0.7099065609800063 1.0138482707187437 1.0069003280954594
59 1280 4 4096 3.1622776601683788e-06 4 0.2 42.841636788845065 -2.9911379777887954 0.822032115926599 0.8117829883438379 5.308239065223592 2.303961602376132
104 1280 2 1024 0.001 16 0.25 3.954307198524475 0.6847019411638073 0.8308173151162697 0.8223159764326606 0.41934843706674096 0.6475711830113667
99 1280 1 2048 1e-07 8 0.2 6.9455044587453205 0.6342361800583924 0.8035977130841415 0.7962735756095481 0.48646822246299043 0.6974727395841291
108 1280 2 512 3.1622776601683795e-05 16 0.25 4.114040144284567 0.5683839252167516 0.8118443071560956 0.7968200581017901 0.574052143046243 0.7576622882566104
110 1280 5 1024 3.1622776601683788e-06 16 0.0 4.819457709789276 0.6975945280692741 0.8360001362210436 0.8273668996357548 0.40220121393282543 0.6341933568974256
120 1280 3 32 3.1622776601683795e-05 512 0.0 0.2944057504336039 0.49424077002628264 0.7502280897112367 0.7500650066257494 0.67266301417905 0.8201603588195725
121 1280 3 1024 3.1622776601683795e-05 512 0.0 0.2989693204561869 0.6882684318921103 0.8313527838536802 0.8197744239227992 0.4146049815622976 0.64389826957548
102 1280 4 512 1e-07 8 0.2 9.400988217194875 -0.3693743318128542 0.775753751861783 0.7716982302867621 1.8212766292461435 1.3495468236582766
109 1280 2 1024 3.1622776601683788e-06 8 0.1 8.194421871503193 0.6496598323261547 0.8254834485556897 0.8102737382473888 0.46595466619112247 0.6826087211507941
116 1280 1 1024 3.1622776601683788e-06 16 0.0 3.4510116378466287 0.55307771257609 0.7810439799750061 0.7845101759495655 0.5944095038621158 0.7709795742184846
68 1280 4 4096 3.1622776601683795e-05 4 0.0 40.67255515654882 0.6766844577836055 0.8244371669899903 0.8172371600831027 0.43001174129736724 0.6557528050243988
126 1280 4 32 3.1622776601683795e-05 512 0.25 0.31760285298029584 -2.950305697279875 0.7202931607289472 0.7018196890993645 5.253931870702669 2.292145691421614
114 1280 5 1024 0.001 16 0.25 5.323565848668417 0.6576724960120236 0.8156779648982576 0.8068194822623475 0.4552977721848188 0.6747575654891309
112 1280 2 32 3.1622776601683788e-06 8 0.1 9.451187761624654 0.48539736313490744 0.7907482724755008 0.7693301271996388 0.6844248019678232 0.8272997050451687
128 1280 2 2048 3.1622776601683788e-06 512 0.2 0.3030613382657369 0.559422040072717 0.8382624939022173 0.8267090563604396 0.5859715076696548 0.7654877580142316
129 1280 5 2048 3.1622776601683788e-06 512 0.0 0.43563825289408364 0.6718807981597137 0.8208731734922008 0.8134480550672488 0.43640063935438367 0.6606062665115914
117 1280 2 512 0.001 8 0.25 7.8160016417503355 0.6765503793167884 0.8238239065565169 0.8098035307657807 0.4301900665167219 0.6558887607793885
124 1280 1 2048 0.001 16 0.25 3.4619855761528013 -1.507345162881602 0.48286245827780494 0.628735608787154 3.3347851208545345 1.8261394034559724
133 1280 3 512 3.1622776601683788e-06 512 0.0 0.3403077244758606 0.6339049681396757 0.8000738409985333 0.7849442655164215 0.48690873643559274 0.6977884610937564
101 1280 3 4096 0.001 8 0.25 16.456854287783305 0.0407531619422814 0.23029920900594564 0.2205428651734818 1.275804436556026 1.1295151333895557
119 1280 4 512 1e-05 8 0.1 9.596224983533224 0.114295961315383 0.8173507955876631 0.8065153026031062 1.1779920425043218 1.085353418248785
137 1280 4 1024 3.1622776601683795e-05 512 0.2 0.3333837668100993 -2.110642865583985 0.833133041166173 0.8220008286153068 4.137174928289527 2.034004652966538
118 1280 4 1024 0.001 8 0.25 9.76323717435201 0.1719542354369371 0.44387835851490726 0.4671199655881669 1.101306168743833 1.049431354946017
130 1280 3 2048 0.001 16 0.0 4.3069853981335955 0.6497248825114039 0.8161919393051562 0.8025906492591409 0.4658681490282325 0.6825453457670285
134 1280 1 32 1e-05 16 0.25 4.372250497341156 0.5393579150885792 0.7960109892208851 0.7857754349757854 0.6126569223666771 0.7827240397270785
115 1280 1 512 3.1622776601683788e-06 4 0.1 13.461931268374125 0.668475073150077 0.8223990379429869 0.8136277215540741 0.44093027542363794 0.6640258093053597
127 1280 3 32 3.1622776601683795e-05 8 0.1 8.155153830846151 0.6210929329312134 0.8117112984681529 0.7975678083449689 0.5039488252967298 0.7098935309585022
135 1280 5 1024 1e-05 16 0.0 4.783559115727742 0.69975164305288 0.8383790877205103 0.8264201670996166 0.39933223719288835 0.6319273986724174
143 1280 1 4096 1e-05 512 0.0 0.2915493647257487 0.593262842566816 0.7937736051783633 0.785465607970909 0.5409630236740162 0.7355018855679543
138 1280 5 512 3.1622776601683788e-06 16 0.0 4.700259526570638 0.663562714139268 0.8183731792371743 0.811139300163094 0.4474637443612431 0.6689273087273707
125 1280 5 512 3.1622776601683795e-05 8 0.25 10.549454816182454 0.6177384142349654 0.8382417256251661 0.8244090009414902 0.5084103566413092 0.7130290012624375
136 1280 2 4096 0.001 16 0.0 5.954227304458618 0.6117770180839146 0.8121078129351376 0.7974044349617908 0.5163390516922916 0.7185673605809629
140 1280 4 1024 1e-07 16 0.25 4.955142279465993 -1.194129107515883 0.7644031352671949 0.7680526299145707 2.918205761734335 1.7082756691278884
142 1280 1 512 3.1622776601683788e-06 512 0.1 0.2725722312927246 0.5581275799284251 0.768896898952649 0.7633805271503753 0.5876931479498317 0.7666114713137495
123 1280 5 4096 0.001 16 0.25 13.080333669980368 0.1339116769895795 0.396083535539836 0.3663499889476127 1.1519030150606309 1.07326744805786
107 1280 5 32 1e-07 4 0.25 23.535585804780325 -2.3678115615022253 0.3842903260101258 0.4137706658432834 4.479210940480247 2.116414642852446
153 1280 1 1024 0.001 512 0.2 0.3196352918942769 0.5232587433436664 0.7905632768369832 0.7750129553233471 0.6340689238684235 0.7962844490936788
148 1280 2 4096 0.001 16 0.1 5.8198723793029785 0.6648229722517489 0.8375804511371838 0.8222988694228177 0.44578759300236626 0.667673268150198
149 1280 5 32 1e-07 16 0.25 6.0584694147109985 -6.8497050045998105 -0.01929288915500135 -0.04154136889558773 10.440157916811279 3.2311233212013555
139 1280 5 4096 3.1622776601683795e-05 16 0.1 13.157571625709533 0.662570954234591 0.8217713461465179 0.8206508233327858 0.44878279138458005 0.6699125251736827
145 1280 3 512 0.001 8 0.1 8.603431828816731 0.6747096999008182 0.8219801160556763 0.8060878807825764 0.43263818192560555 0.6577523712808685
146 1280 4 2048 3.1622776601683788e-06 8 0.0 9.175791871547698 0.7068848437185056 0.8411155606585651 0.8295327765540794 0.38984503463460163 0.6243757159231944
147 1280 5 512 0.001 8 0.1 10.294261054197948 0.6599625092861299 0.8175934346005185 0.8096008426814534 0.45225203986758467 0.6724968697827408
159 1280 3 2048 1e-07 512 0.0 0.3322744925816854 0.42298836370225346 0.6588539594379027 0.683204855044574 0.7674291708103833 0.8760303481103742
122 1280 2 4096 0.001 4 0.1 23.16692554950714 0.47593195614280814 0.690558838016282 0.6569193962242732 0.6970138538731495 0.8348735556197414
131 1280 5 32 1e-05 4 0.2 18.878911399841307 0.3768541654967439 0.8028488172857191 0.7867259446656268 0.8287879498152952 0.9103779159312331
144 1280 3 4096 1e-07 8 0.1 16.085591435432434 0.5733809729666776 0.8283029692703685 0.8178006729235007 0.5674060375433607 0.7532635910113807
141 1280 4 512 1e-05 4 0.25 19.102017454306285 0.11578472392366768 0.8278579368654364 0.8183392300372717 1.1760119787029397 1.0844408599379405
161 1280 4 2048 3.1622776601683788e-06 16 0.1 5.143464505672455 -0.22229417656369455 0.8301431433118518 0.8139931736571492 1.6256590810286573 1.2750133650392286
157 1280 2 512 3.1622776601683795e-05 8 0.25 7.960925010840098 0.5069053476936531 0.8074634319234775 0.7916771141319687 0.6558190447917175 0.8098265522886475
154 1280 5 4096 1e-07 16 0.1 13.130930562814077 0.12419964094547853 0.8192454396213729 0.8047418977991085 1.164820085184255 1.0792683100991407
160 1280 4 32 0.001 8 0.2 8.921733446915944 0.6315519605807087 0.8068588723667427 0.7907795505239893 0.49003825155503605 0.7000273220061028
166 1280 3 512 3.1622776601683795e-05 16 0.0 4.252444549401601 0.6756297787245831 0.8271463752572881 0.818364517523928 0.4314144711988469 0.6568214911213296
158 1280 1 1024 3.1622776601683788e-06 4 0.2 13.544772577285766 0.6789712294102692 0.8273528195666013 0.8102159382778888 0.42697032039198757 0.6534296598655341
167 1280 1 4096 3.1622776601683795e-05 8 0.1 6.868784793217977 0.6147383298731794 0.8012686286441557 0.7908638965763971 0.512400488051655 0.7158215476301723
151 1280 4 4096 1e-07 8 0.1 20.652570728460947 0.3571656385018207 0.8280956818524335 0.8176676371518649 0.8549738167817545 0.9246479420740386
155 1280 3 1024 1e-07 4 0.1 17.377513082822166 0.5993028478648068 0.830334657737285 0.8196338682571724 0.5329297779542792 0.730020395574178
163 1280 5 2048 3.1622776601683795e-05 8 0.25 11.949708227316538 0.5519618297373136 0.7882050019474167 0.8061426992282947 0.5958936351825486 0.7719414713451718
173 1280 2 4096 3.1622776601683788e-06 512 0.1 0.4182762066523234 0.6743025960899567 0.8395143811970248 0.8259631860907585 0.43317963260068687 0.6581638341634147
176 1280 5 512 1e-07 512 0.0 0.31867930889129636 -1.7927042731873142 0.011791898441577991 -0.003406972818557844 3.7143145646803393 1.9272557081716841
150 1280 5 4096 3.1622776601683795e-05 8 0.25 26.51216913064321 0.5345481738241644 0.7885159093529479 0.8126759388930499 0.6190539090445293 0.7867997896825655
174 1280 5 4096 3.1622776601683788e-06 512 0.2 0.8369785269101461 -3.3913369205907538 0.8069939472580013 0.789259099591591 5.840506221574695 2.4167139304383327
156 1280 2 512 0.001 4 0.2 19.60062556664149 0.6462689124721759 0.8128887198238882 0.7790957396253381 0.47046461130855605 0.6859042289624376
168 1280 3 4096 0.001 16 0.0 7.929779787858327 0.6459468927526462 0.8111108336264292 0.796413069321907 0.47089289959738306 0.6862163650026011
179 1280 3 1024 1e-05 512 0.1 0.33205718994140626 0.4368698043798619 0.832600822566206 0.8199756916737362 0.7489667658280106 0.8654286601609693
152 1280 5 4096 3.1622776601683788e-06 8 0.2 26.30022872686386 -4.695875913192379 0.8352945800747046 0.8215514780871159 7.5755514345372195 2.7523719651488276
183 1280 1 512 1e-05 512 0.25 0.28550254106521605 0.6150786744994404 0.7989676205400875 0.791184745386682 0.5119478275195432 0.7155052952421409
178 1280 1 32 3.1622776601683795e-05 16 0.0 3.366675666968028 0.46268649504457293 0.7427340590439646 0.7389432677241111 0.714630401942857 0.8453581501013976
165 1280 2 32 1e-07 4 0.2 14.801015253861745 -0.10153390771948345 0.5461108038445919 0.5450745764031764 1.465047150252741 1.2103913211241812
185 1280 1 4096 3.1622776601683788e-06 512 0.2 0.31654719909032186 0.6072705905406026 0.7994417204715594 0.7930883107087305 0.5223326291789965 0.7227258326495577
169 1280 5 4096 1e-05 16 0.0 12.890673784414927 0.6864273210417877 0.8318536331159301 0.8190293277598525 0.41705367078163247 0.6457969268908241
186 1280 2 512 3.1622776601683788e-06 512 0.0 0.28228464126586916 0.6379815147558265 0.8024457788842696 0.7910526311706825 0.48148690333448674 0.6938925733386161
171 1280 5 1024 0.001 8 0.25 10.249531459808349 0.4403532904377341 0.6645242915427242 0.6179409790000059 0.7443337070667088 0.8627477656109628
190 1280 3 32 1e-07 512 0.0 0.33213536739349364 -36.03270314620057 0.01626245742538983 0.07994926431711001 49.25373230028008 7.018100334155966
164 1280 4 2048 0.001 4 0.0 18.868988517920176 0.6651163673494621 0.8226197615498441 0.8100045842718571 0.445397375643835 0.6673809823810047
175 1280 5 32 0.001 8 0.2 9.444614295164744 0.6354392974697447 0.813055289825587 0.8020112633406007 0.48486806860247933 0.6963246861935022
180 1280 1 4096 1e-05 8 0.2 6.861055620511373 0.6598710838835494 0.8210557204799571 0.8081269559618453 0.4523736362384023 0.6725872703511436
162 1280 5 1024 3.1622776601683788e-06 4 0.2 20.93702620267868 -2.173179845082521 0.8241243281525243 0.8132163759803186 4.220349511439151 2.054348926409326
187 1280 1 32 3.1622776601683795e-05 16 0.25 3.530852174758911 0.6256874084127229 0.80792975325807 0.790530883231715 0.49783814348846195 0.7055764618299437
184 1280 2 512 3.1622776601683788e-06 8 0.0 7.371162140369416 0.6672439884114492 0.8198450640273107 0.8100848193419763 0.44256762600849686 0.6652575636612461
170 1280 4 32 3.1622776601683788e-06 4 0.0 16.354512536525725 0.44595503318567087 0.7305818501864063 0.7283370101831143 0.7368833533446846 0.8584191012231057
172 1280 2 4096 1e-05 8 0.25 11.714705896377563 0.6560129738696737 0.8249280608590406 0.8117972171628604 0.45750494725985985 0.6763911200332688
195 1280 5 1024 3.1622776601683795e-05 512 0.25 0.35756295124689735 -5.779593733010042 0.836423696624534 0.8207910103761581 9.016903073806326 3.0028158574588497
189 1280 3 512 0.001 16 0.1 4.415739198525746 0.6857482222746667 0.828550558929038 0.8116536387947467 0.4179568764900891 0.6464958441398437
197 1280 5 4096 1e-05 512 0.0 0.8087732950846355 0.7016324350050687 0.8381288962991147 0.8288797253680722 0.39683077185399823 0.6299450546309561
181 1280 5 32 3.1622776601683795e-05 8 0.2 11.821387493610382 0.3853127016930994 0.8109039458987781 0.8046598817388233 0.817538042515178 0.9041781033154795
194 1280 4 512 1e-05 16 0.2 4.847983610630036 -0.7925411872255614 0.8102301604816766 0.7930676310002552 2.3840912564302563 1.5440502765228392
177 1280 2 512 1e-07 4 0.25 15.563231774171193 0.6305808674793227 0.8007895037150907 0.7901051245278098 0.49132981159766886 0.7009492218396913
182 1280 2 512 0.001 4 0.0 14.702231546243032 0.5750880700678419 0.7838352394076047 0.7748736032490195 0.5651355874684798 0.7517550049507351
132 1280 5 4096 0.001 4 0.2 51.68653001387914 -0.00988425938930182 nan nan 1.3431525311521986 1.1589445763936248
198 1280 4 1024 3.1622776601683795e-05 16 0.25 5.074890863895416 0.0074250134433290205 0.8314220008574401 0.8230206958067304 1.320131087455659 1.1489695763838392
199 1280 4 1024 1e-05 16 0.2 4.964818954467773 -1.9005889954845467 0.8114267336500257 0.8023283435880101 3.857801936108237 1.9641287982482811
188 1280 1 32 0.001 4 0.2 13.371878826618195 0.5076102965448702 0.7442863986874462 0.7509441990265141 0.6548814583058982 0.8092474641949137
191 1280 3 1024 3.1622776601683795e-05 4 0.25 16.871137285232543 0.4386109898429087 0.8231318071303824 0.8105386670616715 0.7466509780135624 0.8640896816960393
196 1280 3 2048 0.001 4 0.2 16.738406499226887 0.02157343342877449 0.25243390939240484 0.2301198176616291 1.3013135982844275 1.1407513306082213
193 1280 1 4096 1e-07 4 0.25 16.907405002911887 0.6502388981204104 0.8141719036032145 0.7999402243124693 0.4651845049770755 0.6820443570451086
192 1280 3 1024 1e-05 4 0.25 17.09123565753301 -1.3808340305012097 0.81183950505302 0.800851311076601 3.166524504753427 1.7794730975076378
