5 163840 1 64 1e-05 512 0.05 17.245459620157877 0.5799306876267128 0.7725776079121103 0.7709324530872279 0.5085065758408215 0.7130964702204194
3 163840 2 2048 1e-07 512 0.05 19.2693213502566 0.6106894571465454 0.7848482179150672 0.7681307215100016 0.4712721573653582 0.6864926491706653
9 163840 4 512 0.0001 512 0.1 22.299769937992096 0.590640480959593 0.7796462548559387 0.7583444203631762 0.495542047903998 0.7039474752451336
11 163840 2 4096 0.001 512 0.15 27.633090102672575 0.41594222403492287 0.6822881525554342 0.6612877624345977 0.7070195584420261 0.840844550700084
6 163840 1 64 0.001 128 0.0 58.4917520960172 0.24059325351334504 0.6455281084225928 0.6387578635173794 0.9192847774207094 0.9587933966296959
2 163840 1 128 0.0001 128 0.2 59.572414338588715 0.5223004911628908 0.7400501111069355 0.74707391150604 0.578269667325139 0.7604404429836297
13 163840 4 4096 1e-06 512 0.2 60.380960369110106 0.5720966489772916 0.7978117606252499 0.7926854735467678 0.5179899159737038 0.719715163084469
10 163840 5 32 0.001 128 0.15 84.2431357661883 0.3742518392876918 0.696793181455823 0.7042350540662166 0.7574870269498472 0.8703373064219683
1 163840 5 512 1e-07 128 0.05 89.8701512058576 0.5022628787087875 0.7699272928394714 0.7600250329661841 0.6025258017223285 0.7762253549854762
18 163840 5 4096 1e-07 512 0.2 75.38340367078781 -1.046898205278004 0.7625065162492338 0.7509349832694876 2.4778320310522894 1.5741130934759069
24 163840 2 2048 0.001 512 0.05 20.371670039494834 0.5035448676938223 0.7249714205428565 0.7322065473648081 0.6009739153791853 0.775225074013467
26 163840 5 32 0.0001 512 0.1 22.7477157274882 0.41554859479460493 0.6700945807466127 0.6952954304621386 0.7074960585129645 0.8411278490889268
22 163840 1 2048 0.0001 128 0.2 62.567864235242205 0.054849715963547485 0.6043482489833402 0.7800526747732848 1.144132933384256 1.0696414975982635
21 163840 5 256 1e-05 128 0.0 80.634288307031 0.5425003883715583 0.7444186378025176 0.7238957974783871 0.5538170823365258 0.7441888754452903
34 163840 4 512 1e-06 512 0.2 21.67854131857554 0.451452042285422 0.7988408550243604 0.7891340746197706 0.6640338521420972 0.8148827229375385
23 163840 4 512 0.001 128 0.2 82.35631605784098 0.5624207757487081 0.7520791502606449 0.7275614807555483 0.5297028524315914 0.7278068785272583
25 163840 3 256 1e-06 128 0.05 76.49800732533137 0.6220619553798699 0.7907319762565447 0.7826938306951794 0.4575054051531788 0.6763914585158352
36 163840 3 32 1e-05 512 0.2 20.12553939024607 0.4622722778904007 0.6999198293064948 0.7083864836770923 0.6509356305029281 0.8068058195767605
32 163840 2 256 0.001 128 0.05 70.27712534666061 0.5357810910688163 0.7347945177179329 0.7346635004719274 0.5619509944382447 0.7496339069427455
29 163840 4 256 0.0001 128 0.2 81.62344272136689 0.5200014074966458 0.7356536685316483 0.7315105132683654 0.5810527774649602 0.7622681794912866
12 163840 1 1024 0.0001 32 0.1 226.19676166772842 -0.04866862371726355 0.577078865430693 0.7542277475757321 1.2694450066476293 1.1266965015689137
8 163840 2 128 1e-06 32 0.0 234.60580896933874 0.349241802068221 0.6775207137627618 0.6795875751900113 0.7877624315402761 0.8875598185701492
7 163840 1 4096 0.001 32 0.2 237.56240869760512 -2.0776384440518623 0.3574356931925873 0.6912961108220315 3.7255741868384264 1.9301746519002954
38 163840 1 256 1e-07 128 0.0 56.61899691025416 0.4651424571992523 0.6898425354465271 0.6818444481930701 0.6474611918581543 0.8046497324042022
40 163840 1 64 1e-07 128 0.15 61.61883893013 0.13257135731549596 0.49508419415065147 0.5208798775582099 1.050048541717275 1.0247187622549296
45 163840 4 2048 1e-05 512 0.05 28.135474332173665 0.6521788514164624 0.8079178453029798 0.8050272929989476 0.42104799389407555 0.6488821109370142
15 163840 3 1024 1e-05 32 0.1 295.3477859656016 0.6363168877481507 0.8021343594888559 0.7984884161852247 0.44024937945950593 0.6635129082840107
17 163840 5 32 0.001 32 0.15 322.38442516326904 0.4621805133320108 0.6887077572527128 0.6844063676687653 0.651046714269335 0.8068746583387875
28 163840 1 1024 0.001 32 0.2 230.13535094658533 -1.0668170551690142 0.4286935279309741 0.714027507230039 2.5019443997838673 1.5817535837746242
47 163840 1 1024 0.0001 128 0.0 60.55768290758133 0.5233097399018128 0.7465939054536445 0.7442614803510649 0.5770479412783078 0.7596367166470482
49 163840 2 4096 1e-06 512 0.05 27.38010678291321 0.5825143908995832 0.7676182275235417 0.7603882446859287 0.5053789250803953 0.7109000809399274
31 163840 4 32 1e-05 32 0.2 290.41103668610253 0.3722733228787958 0.66192330466528 0.6673516977676792 0.7598820807533455 0.8717121547582927
27 163840 4 256 0.0001 32 0.2 314.05015356143315 0.51747123313832 0.7300652874357213 0.7184068058348669 0.5841156298593982 0.764274577530483
50 163840 3 128 1e-07 128 0.2 75.2648068745931 0.06776333148659952 0.7132408100918716 0.7243251744030604 1.1285006121983732 1.0623090944722131
53 163840 2 1024 0.0001 512 0.05 18.79282113711039 0.6500891167066255 0.8073226283104727 0.7950488503927042 0.4235776808062453 0.6508284572805997
33 163840 5 32 1e-05 32 0.2 313.3118717074394 0.2858431172031817 0.6833134610374422 0.6807707985716445 0.864508452265742 0.9297894666351851
55 163840 4 1024 0.001 512 0.05 23.51675712664922 0.5527949016804429 0.7465045630534702 0.7390844122660514 0.5413552633974723 0.7357684849172818
52 163840 2 64 1e-06 128 0.0 60.50402588049571 0.4275357013599794 0.6900187708932488 0.662615626202103 0.6929853043725123 0.832457388923008
56 163840 1 128 1e-07 512 0.2 16.783673950036366 0.11184785297610678 0.4649734960082114 0.4793745756890326 1.075134968934507 1.0368871534234123
46 163840 2 32 0.0001 32 0.0 232.3706358750661 -0.5134611265602822 0.48515652983364355 0.5026039738996879 1.8320903538210989 1.3535473223427021
60 163840 1 128 1e-07 512 0.0 16.573195481300353 0.1497801519734141 0.4929846017010025 0.5086664120444635 1.029216776605927 1.0145032166562742
54 163840 5 256 0.0001 128 0.0 86.45273662805558 0.5843909335740405 0.7646987878620842 0.7603776680918324 0.503107313558915 0.7093005805431961
43 163840 4 256 1e-07 32 0.05 314.4813606739044 0.5516993911377484 0.7720834587882395 0.750217209680209 0.5426814119602316 0.7366691333022116
67 163840 1 4096 1e-06 512 0.0 16.734357702732087 0.6013510340476198 0.7797352548826427 0.7631442263445055 0.48257660026064797 0.6946773353584007
68 163840 4 1024 1e-06 512 0.1 24.000689164797464 0.593235713836118 0.7891487997305288 0.7799367831782826 0.4924004402105073 0.7017125053827296
66 163840 2 256 0.0001 128 0.15 67.0806730469068 0.5898429425125333 0.7785595908718947 0.775821094260057 0.49650749225537055 0.70463287764294
71 163840 3 128 0.0001 512 0.1 20.399507733186088 0.5579152693878338 0.751087405804289 0.7421626565533224 0.5351569038095728 0.7315441912896122
65 163840 2 4096 1e-07 128 0.0 74.37073308229446 0.5752267884864559 0.7649803304155501 0.7483979945010775 0.5142007876636243 0.7170779508976861
59 163840 3 4096 1e-06 128 0.1 120.33648509979248 0.6477720495189898 0.8112508730479512 0.8020768741861102 0.4263825605412608 0.6529797550776446
35 163840 3 4096 1e-05 32 0.1 449.3736026525497 0.6353365067088192 0.7972822596859774 0.7960383358644284 0.4414361602850633 0.6644066226980758
76 163840 4 256 0.001 512 0.15 23.30503673950831 0.48101576789809475 0.7205472158331191 0.6950541570286879 0.6282460703699341 0.7926197514381874
72 163840 2 256 1e-05 128 0.2 67.16772108475367 0.585383023669902 0.7750808781370792 0.7729802538814043 0.5019063585671736 0.7084534978156107
51 163840 3 128 1e-07 32 0.05 270.9297730644544 0.5636676575006894 0.7613833262792604 0.7617536091935827 0.5281934644532214 0.726769196136725
69 163840 5 2048 0.0001 128 0.0 98.92819278637567 0.6109172789740955 0.7829184160562846 0.7740925590272091 0.47099637216987517 0.686291754409067
77 163840 4 512 0.0001 128 0.05 81.96121933460236 0.5301345350853608 0.7487784941406815 0.7332933882948943 0.5687863208090722 0.7541792365274135
81 163840 2 32 0.001 128 0.1 66.2765781680743 0.32849941910351854 0.6099520657923926 0.6219262888568824 0.8128717119030057 0.9015939839545324
86 163840 3 1024 0.001 512 0.05 21.155909407138825 0.4998468722739704 0.7165979806817653 0.712752234395297 0.6054504504009888 0.7781069659121352
82 163840 5 4096 1e-07 512 0.05 76.37414976755778 0.4447054443994305 0.7543905076423808 0.7475430941395024 0.6722008124234801 0.8198785351644963
88 163840 4 64 1e-05 512 0.2 22.140636054674783 0.40383121010051093 0.7614502850118746 0.7490312305001334 0.7216803061909014 0.8495176903342869
87 163840 2 512 1e-06 128 0.0 62.69981381893158 0.47027525789985647 0.7256614913462044 0.7077807985795916 0.6412477817568751 0.8007794838511256
84 163840 3 64 0.001 128 0.1 69.37486060857773 0.44221097287422007 0.6669760870535966 0.6664503521296653 0.6752204454613012 0.8217179841413362
57 163840 5 32 0.001 32 0.1 315.88750767707825 0.4820574794499418 0.6999664331929367 0.6884076680923995 0.6269850471086756 0.7918238737930776
58 163840 5 2048 1e-07 32 0.15 333.1839520215988 0.4598223687244861 0.7858412629376349 0.7733771631218748 0.6539013194604049 0.8086416508320635
90 163840 4 32 0.001 128 0.2 77.68522569338481 0.3508361964339124 0.6416203052215543 0.6323913433021678 0.7858323690587846 0.8864718659149791
78 163840 1 512 1e-07 32 0.1 231.83503028154374 0.5887980192686408 0.7678781670745362 0.7580484807012308 0.49777240336674455 0.7055298741844632
75 163840 2 64 1e-06 32 0.2 249.9885793844859 0.5478885740383953 0.7405205542028532 0.7290559865554586 0.5472945210288265 0.7397935664959695
74 163840 2 256 0.001 32 0.05 261.81983128388725 0.37133599920925153 0.6376169561579242 0.6356780710037672 0.7610167393337632 0.8723627338061635
73 163840 5 1024 0.001 32 0.0 318.03768843809763 0.5899253062937229 0.7709506429183366 0.7574947988497616 0.49640778841337974 0.7045621253043479
4 163840 1 128 0.0001 8 0.05 920.0979020754496 0.42882467196584395 0.7121212645796253 0.7577349543770088 0.6914249665667237 0.8315196729883928
94 163840 3 64 1e-07 128 0.0 67.01617496411005 0.3958907897898257 0.6468912343152163 0.6342312042277722 0.7312924245342081 0.8551563743165387
96 163840 2 32 0.001 512 0.1 19.386512740453085 0.29805596337162465 0.607787443125128 0.645731334726205 0.849724433525361 0.921804986711051
89 163840 5 4096 1e-06 128 0.2 208.37452908356985 0.6173619003228249 0.7906574797639454 0.7854861745202815 0.4631949635972802 0.6805842810389322
85 163840 3 64 0.0001 32 0.1 260.09273125330606 0.4740194476883741 0.690576669526935 0.6878702782040159 0.6367153270581483 0.7979444385783688
83 163840 3 256 0.0001 32 0.1 283.0858483274778 0.5621761461779011 0.7548545733670841 0.766672889010349 0.5299989839073654 0.7280102910724309
99 163840 5 2048 1e-06 512 0.05 34.373935031890866 0.6199304111096164 0.7908464400815604 0.780033197852763 0.4600857037995997 0.6782961770492295
0 163840 2 2048 1e-06 8 0.15 1013.155545481046 0.6434662612303255 0.8028716063623405 0.7952027439362619 0.43159484716747015 0.6569587865060259
102 163840 3 1024 0.001 512 0.15 21.565388937791187 0.5258965914949413 0.7305447156743188 0.7317222412885312 0.5739164793812264 0.7575727551735387
100 163840 2 128 0.001 128 0.1 66.2275210460027 0.5118079802463943 0.7216492553418467 0.7268697471633614 0.5909711683416636 0.7687464915963282
101 163840 3 128 0.0001 128 0.0 68.07395732005438 0.5812594805289715 0.7654890232425555 0.7649077299291527 0.5068980319438356 0.7119677183298662
16 163840 3 32 0.001 8 0.1 1062.0420644799867 0.410803345957803 0.6518389508191049 0.6402403918560435 0.7132403253909281 0.8445355678661072
41 163840 1 32 1e-06 8 0.0 864.3636410951615 0.39768683290166995 0.6820657559065175 0.6563308336139984 0.7291182601618894 0.8538842194126142
92 163840 2 64 1e-05 32 0.15 248.25017752250037 0.5045305625667131 0.7138639965928658 0.7095869126856331 0.5997807019977893 0.7744551000527979
19 163840 3 2048 0.001 8 0.0 1075.4117860396702 0.5313941660783518 0.7403834624763461 0.7304228638523191 0.5672614994898236 0.7531676436822174
107 163840 2 512 1e-06 512 0.1 19.251797755559284 0.6203653852382855 0.7888196743501803 0.7804639731010722 0.4595591544939643 0.6779079247906491
104 163840 2 64 0.0001 128 0.15 65.07859009106954 0.5256713175968935 0.7314284920446832 0.7193978402329103 0.5741891802311776 0.757752717072778
109 163840 1 32 1e-05 512 0.05 16.84978142182032 0.5518008509618406 0.7494356068453171 0.7407748938088212 0.5425585917821921 0.7365857667523804
20 163840 3 32 1e-06 8 0.05 1060.3072391271592 0.47008943379925516 0.6972173719313067 0.6815281752339472 0.6414727274368431 0.8009199257334301
93 163840 4 128 0.0001 32 0.2 297.9815634568532 0.4409289569330366 0.6999950035660513 0.7085724478601848 0.6767723644356758 0.8226617557876844
44 163840 2 128 0.0001 8 0.0 926.8940068602562 0.5662821358884755 0.756580335657293 0.7520474523934955 0.5250285594877248 0.7245885449603277
106 163840 5 128 1e-06 128 0.2 86.47710599104563 0.3204197956804854 0.7809622470236733 0.7775625541131788 0.8226523398134751 0.9070018411301463
110 163840 5 128 0.001 128 0.15 83.5909970800082 0.4952310197525934 0.7196127492553281 0.6979522095460122 0.6110380791353293 0.781689247166244
117 163840 2 512 0.001 512 0.15 18.53952742020289 0.5129231284367575 0.7193444852708581 0.735809593868125 0.5896212478139465 0.7678679885331505
37 163840 2 2048 0.0001 8 0.2 1014.3798425038656 0.3994688558542643 0.6411779995090996 0.6761399791219195 0.7269610676153216 0.8526201191710888
120 163840 2 512 0.001 512 0.2 18.4150759657224 0.5180352349837618 0.7280059330120497 0.7330300971190805 0.5834328886099287 0.7638277872727128
98 163840 4 64 1e-07 32 0.0 268.81837770938876 0.448533957801307 0.7013679142250662 0.6844026721387747 0.6675662814467948 0.8170472944981795
39 163840 2 1024 0.001 8 0.05 1023.0325244744619 -2.8349012980936146 0.34191109850627127 0.5454714772485341 4.642263717774766 2.1545913110784527
97 163840 3 512 0.001 32 0.15 292.07528863747916 0.3860319280953526 0.6414818787434414 0.6147126764387179 0.7432268740506959 0.8621060689095605
123 163840 1 256 0.0001 512 0.1 17.37716841697693 0.5814301736210021 0.7777927185547724 0.7940645302343761 0.5066914028062349 0.7118225922280319
95 163840 4 2048 1e-07 32 0.1 323.76256647109983 0.4763965751735064 0.7752207777952337 0.7643868941617311 0.6338377425210336 0.7961392733190805
118 163840 3 64 1e-05 128 0.15 71.46675474246344 0.5552221884204884 0.7497426752772961 0.7415345638289778 0.5384169595690138 0.7337690096815304
125 163840 4 1024 1e-06 512 0.05 23.793993345896403 0.6102337856641484 0.7860733429903941 0.7757368094636918 0.4718237614421067 0.6868942869482223
14 163840 4 2048 1e-06 8 0.0 1262.1063700040181 0.6146445910479001 0.7854555824699615 0.7763343050410371 0.46648434845399783 0.6829965947601773
128 163840 5 2048 0.001 512 0.2 34.373799391587575 0.4897803607486271 0.7237756292127576 0.7034048692692817 0.617636266302403 0.7858983816641965
127 163840 2 256 0.001 128 0.15 67.65817182064056 0.507709974477611 0.7127061160157485 0.7096998271578571 0.5959319279588958 0.7719662738480845
105 163840 2 128 1e-06 32 0.05 251.81774699687958 0.6077662104127446 0.7824660639628913 0.7692154373231441 0.474810835729042 0.6890651897527853
112 163840 1 4096 1e-05 32 0.2 230.11440463463467 0.020615889414446475 0.6064860805855506 0.7786290570089991 1.1855740132338177 1.088840673943538
108 163840 2 32 1e-06 32 0.05 249.21876284281413 0.5223424890333114 0.7264959972746196 0.7144699614164052 0.578218827635947 0.7604070144573543
135 163840 1 1024 1e-06 512 0.05 16.720651201407115 0.6273376668936297 0.7930366228018694 0.7826777198367301 0.4511189972010502 0.6716539266624221
134 163840 3 128 1e-07 512 0.2 19.987620973587035 0.023578109704427974 0.6410319772316614 0.6587740678448177 1.1819881562045709 1.087192787045872
137 163840 4 128 0.0001 512 0.1 22.151055427392325 0.5248761959252628 0.7263558856721927 0.737285314664372 0.5751516990029808 0.758387565169011
113 163840 2 64 0.001 32 0.15 248.21747436920802 0.35664200972336235 0.6254417093913219 0.6495347210700949 0.7788042569143635 0.8824988707722881
139 163840 5 2048 0.001 512 0.15 33.78841156562169 0.43075317479626973 0.691600082162242 0.6674808216784379 0.68909045570884 0.8301147244259915
143 163840 1 512 1e-05 512 0.0 16.33466321627299 0.5040786272208908 0.7376820696493874 0.7189930131855453 0.6003277833684975 0.7748082236066531
115 163840 2 4096 1e-05 32 0.1 287.1872673590978 0.6274812449693014 0.7923643800133379 0.7875411903553917 0.4509451916087941 0.6715245279279038
145 163840 2 128 1e-06 512 0.2 18.90862885316213 0.5672411587325801 0.7684658389010897 0.7699774030381434 0.5238676334018522 0.7237870083124263
140 163840 2 4096 0.0001 128 0.0 75.19964731931687 0.6081892903929256 0.7820775462003801 0.767044488898481 0.4742986846489903 0.6886934620344456
124 163840 1 4096 0.0001 32 0.0 222.07414467334746 -3.275699161621599 0.287047498144968 0.6997067578289619 5.175862830155009 2.2750522697632705
147 163840 5 64 1e-06 512 0.05 23.566296648979186 0.5153462594303304 0.780390805994453 0.7733442035030627 0.5866879746419691 0.7659555957377484
30 163840 5 1024 0.0001 8 0.05 1348.094749657313 0.5095353779072356 0.739079648525171 0.7306331315215945 0.5937222220361227 0.770533725437195
42 163840 5 128 0.001 8 0.2 1260.7954252878824 0.4685404185158175 0.6887532369880822 0.6680201052840163 0.6433478571702096 0.8020896815008965
149 163840 1 2048 1e-07 128 0.15 59.18559014002482 0.6114054847406221 0.782160176397919 0.7774924420945929 0.4704053843606501 0.6858610532466836
131 163840 2 64 1e-07 32 0.05 247.0460053642591 0.5050156198669938 0.7137567666722779 0.704588839873669 0.5991935255019422 0.7740759171437529
122 163840 5 64 0.0001 32 0.15 318.8472854097684 0.4618450261186702 0.6888859609706917 0.6882490645216134 0.6514528316625109 0.8071262798735467
153 163840 3 1024 0.001 512 0.2 21.1466397802035 0.5749718657156393 0.7647428478657738 0.7373660430785008 0.5145093793685491 0.7172930916776971
114 163840 3 4096 0.001 32 0.15 446.9661868214607 0.4857620096530937 0.6997631201396785 0.669916767741183 0.6225006015345375 0.7889870731099068
156 163840 2 256 1e-07 128 0.05 65.94333717425664 0.5724274816587889 0.7573716812212703 0.7531757454140972 0.5175894330317484 0.719436886065587
158 163840 1 4096 0.001 512 0.0 16.61488677660624 0.4666661159622584 0.7172280566949104 0.7178053190608907 0.6456167569577597 0.803502804573674
133 163840 3 2048 0.001 32 0.1 293.2360860268275 0.4329499328260188 0.6728329990854294 0.6191042776781654 0.6864312138390939 0.8285114446035696
142 163840 3 32 1e-07 32 0.05 268.88515799045564 0.43134473444216237 0.6764985300502359 0.6826429400527976 0.6883743549105242 0.8296832859052449
171 163840 1 256 1e-07 512 0.05 17.06090247631073 0.3297603052620449 0.5982167959417173 0.5900355939703378 0.811345371168009 0.9007471183234554
148 163840 5 4096 0.001 128 0.2 209.3747858484586 0.5585498630237404 0.7841482322694445 0.7792717301743797 0.5343887090680383 0.7310189526052236
166 163840 3 128 1e-06 512 0.15 20.395044958591463 0.45985253981901175 0.7870894658940257 0.7841929194274164 0.6538647964402396 0.8086190675715232
141 163840 3 256 0.0001 32 0.05 293.00403557221097 0.6099966534738748 0.7842899967014111 0.7896969869827175 0.472110817112554 0.6871032070311955
138 163840 5 1024 1e-06 32 0.0 313.6411121527354 0.5810738071928152 0.7664910069641072 0.7567746570254266 0.5071227951188942 0.7121255473011021
80 163840 2 2048 1e-06 8 0.05 1021.108807015419 0.6447712110004203 0.8034336127896775 0.7973761520339707 0.4300151661012999 0.6557554163720647
48 163840 5 512 0.001 8 0.15 1371.3280473152797 0.48258073717855976 0.7167382304263457 0.713512062524991 0.6263516278418444 0.7914237978743401
159 163840 5 64 1e-05 128 0.15 82.6895032564799 0.490671468796927 0.7492695703684515 0.7529283842948038 0.6165575531257961 0.7852117887078595
160 163840 4 1024 1e-06 128 0.05 83.05585509936014 0.6347409078892656 0.7976054956815765 0.7895412324979313 0.4421571506249548 0.6649489834753902
146 163840 2 32 0.001 32 0.05 246.71970200538635 0.3728947154522515 0.6523343521701531 0.6530045122936867 0.759129866296175 0.8712805898768633
170 163840 1 512 0.001 128 0.1 59.490257851282756 0.5024699164445146 0.7320241408408203 0.7525660744551759 0.6022751762970396 0.776063899622344
157 163840 5 128 1e-05 128 0.15 86.33524574041367 0.48860847574787625 0.7205350734098357 0.7318756272553703 0.6190548684508062 0.7868003993712803
168 163840 2 1024 1e-05 128 0.2 67.08652918736139 0.6386016724790979 0.8023968289064513 0.7964150757859242 0.43748357861225196 0.6614254142473299
63 163840 4 128 0.0001 8 0.15 1190.6497424205145 0.5121339541951738 0.7199538760808601 0.7112411451054103 0.5905765670422478 0.7684897963162867
177 163840 3 512 1e-06 128 0.0 71.19061509370803 0.2885380539145509 0.649986236199271 0.6471491610963506 0.8612461500721736 0.9280334854261314
187 163840 2 128 0.0001 512 0.0 17.77739270130793 0.356067827768051 0.6786494094092484 0.6790324679781534 0.7794993214939573 0.8828925877443741
184 163840 1 256 1e-06 128 0.05 58.494424438476564 0.6102799495668271 0.7828433681606004 0.7799716285464298 0.4717678786451798 0.6868536078708328
62 163840 4 1024 1e-05 8 0.05 1243.1797705809274 0.4872964422295879 0.7300729292194983 0.7400953681354028 0.6206431246078766 0.7878090660863688
190 163840 5 1024 1e-06 512 0.05 26.09307741324107 0.6269160806609793 0.796568506163621 0.7882654410836906 0.451629340054651 0.6720337343129815
70 163840 4 512 1e-07 8 0.2 1199.3190998276075 0.4346965672226005 0.8020682379809535 0.7901077771894516 0.6843168602072287 0.8272344650745813
91 163840 2 64 1e-06 8 0.1 962.872847421964 0.602139353005871 0.776420776840549 0.7650974117155249 0.48162231637862424 0.6939901414131359
151 163840 5 32 1e-06 32 0.2 306.77245245377225 0.3323028997578621 0.7380643110436279 0.7305891720783881 0.8082674838224303 0.8990369757815472
191 163840 2 2048 1e-06 512 0.2 20.371430997053782 0.5948863862647777 0.7851341187656543 0.7761085890445456 0.49040225143592064 0.7002872635111399
150 163840 5 512 0.0001 32 0.15 343.4976828455925 0.5446343444271237 0.7668926552102319 0.7558166884732388 0.551233864151223 0.7424512537205543
64 163840 5 256 0.001 8 0.2 1299.9986475984256 0.4381438265377736 0.7171353393056823 0.7226372876072502 0.6801438488046812 0.8247083416606632
179 163840 4 4096 1e-07 128 0.15 163.37355765501658 -0.007640360037767913 0.7653467920930543 0.7521849071221979 1.2197790556680561 1.1044360803903757
79 163840 4 128 1e-05 8 0.05 1206.963980237643 0.6080804969777835 0.7806946810172923 0.7705304195279125 0.4744303823602449 0.6887890695708265
192 163840 1 32 0.0001 128 0.15 59.81019771893819 0.42498555986054176 0.6845464250105114 0.6843983257666573 0.6960723275936617 0.8343094914920132
154 163840 5 32 1e-05 32 0.1 312.41206020116806 0.4233235881597137 0.6887114179042306 0.685225304041261 0.6980841944780997 0.8355143293074629
61 163840 5 2048 1e-05 8 0.05 1342.6945357004802 0.4951218967619835 0.7306509412739537 0.7219398654724666 0.611170175807631 0.7817737369646226
172 163840 1 32 0.001 32 0.1 227.44694811105728 0.31835828054625026 0.6324319987244372 0.6381355324597848 0.825147866078013 0.9083765001793106
162 163840 2 512 1e-07 32 0.2 253.04948128064473 0.6192847596274929 0.7897267089027016 0.7823472217684929 0.46086728439758784 0.6788720677694641
180 163840 1 32 1e-05 32 0.0 215.2544176220894 0.06431504239861252 0.5951048296970934 0.5991973841308663 1.1326748701719795 1.0642719906922193
197 163840 5 256 1e-05 128 0.1 88.25642352898916 0.6071270962095555 0.7814812542920521 0.7712361407192673 0.4755845027536547 0.68962635010102
182 163840 3 128 0.0001 32 0.0 250.19760028918583 0.5833794954417051 0.7640820864095733 0.7613838383457163 0.5043316899325255 0.7101631431808648
173 163840 5 1024 0.0001 32 0.2 342.33231691916785 0.5529978284571838 0.756245671237188 0.7358426914467737 0.5411096144120608 0.7356015323611425
111 163840 1 64 1e-06 8 0.05 912.218887201945 0.6231438847457365 0.7948056600418867 0.7793051391401534 0.45619569701470486 0.6754226062360549
183 163840 5 2048 1e-05 32 0.2 347.2346612413724 0.43111865853080955 0.7186157416053454 0.6985757793716713 0.6886480266217774 0.8298481949259017
116 163840 1 256 0.0001 8 0.05 881.8970013300578 0.24416234271153403 0.650989437015485 0.7679977714262823 0.9149642872692442 0.9565376559598917
119 163840 1 64 0.001 8 0.2 879.6201523582141 -0.5327698389513209 0.4615610598522128 0.6312531917155809 1.8554641327015167 1.362154225005934
199 163840 1 512 0.0001 32 0.1 225.9792540748914 0.26206884890654103 0.6489705405844965 0.748652324694 0.8932879212927551 0.9451391015574137
121 163840 1 1024 0.0001 8 0.1 888.2393564105034 -34.47296353082105 0.1407519950295201 0.7629847575420442 42.941092549876124 6.55294533396061
196 163840 3 1024 1e-05 32 0.15 295.2344584663709 0.6352588202958637 0.8015676241457921 0.7974603138466836 0.4415302020316937 0.6644773901583813
129 163840 1 4096 1e-05 8 0.2 938.1335852305094 -3.218616315692958 0.3377519590776345 0.7650927793312889 5.106762323006731 2.2598146656322795
152 163840 5 4096 1e-06 32 0.0 722.9684722503026 0.6054973491647715 0.7802712299006263 0.7701554423720994 0.47755736071975485 0.6910552515680312
163 163840 4 4096 0.0001 32 0.15 608.5905877868335 0.5585772045399271 0.7535358686891607 0.7279748710598846 0.5343556113378187 0.7309963141752622
103 163840 5 32 1e-07 8 0.15 1247.8437070886293 0.34116448028723 0.7217028379163647 0.7041421632485745 0.7975402732436145 0.8930511033774129
136 163840 2 4096 0.001 8 0.0 1018.3145300388336 0.10364398701041722 0.5913367543742067 0.6806210216284456 1.0850659961911773 1.0416650115037835
126 163840 4 64 1e-05 8 0.15 1172.768461505572 0.4630627937541292 0.6909287008049464 0.6726773026416335 0.6499786872005447 0.8062125570843862
175 163840 5 4096 0.001 32 0.15 763.6968831181526 0.42242019728766 0.7352166174282506 0.7497796079002291 0.6991777763834249 0.8361685095621725
132 163840 5 64 0.001 8 0.0 1123.8262422919274 0.4591597288657634 0.7061205656545748 0.6978140763682564 0.6547034650007943 0.8091374821381063
144 163840 3 2048 0.001 8 0.05 1095.8036080320676 0.28691448646132933 0.5803840660961824 0.5593163747462674 0.8632115274562533 0.9290917755831516
167 163840 1 4096 1e-07 8 0.15 888.264404408137 0.631118122065117 0.7955584550398193 0.7832681233567936 0.446542642162136 0.6682384620493915
181 163840 1 256 1e-05 8 0.1 887.9551690459251 0.45385089414931223 0.724266291613629 0.7654470542389676 0.6611299695890861 0.8130989912606497
186 163840 2 64 1e-05 8 0.0 893.0321569164594 0.03436157680392771 0.5963914051433148 0.5918429207297486 1.1689344439505656 1.0811727169840004
198 163840 5 4096 1e-07 32 0.2 754.1518760402997 0.4330344532308934 0.7791659906278046 0.7720154881237892 0.6863288993390686 0.8284496963238436
189 163840 2 64 1e-06 8 0.0 910.9164594848951 0.12318563054827936 0.6175390852554683 0.5914262521158113 1.0614102471301514 1.0302476630064012
193 163840 1 32 0.001 8 0.1 879.630094408989 0.2416068863579326 0.6145811509590997 0.6341574047042771 0.9180577442817045 0.958153298946314
169 163840 3 1024 1e-05 8 0.2 1113.1391307671865 0.5786466856186028 0.7632714245949074 0.7722590525788802 0.5100608990091291 0.7141854794163272
176 163840 3 512 1e-07 8 0.05 1098.6389384110769 0.5937002437525549 0.7811905029112937 0.7738916037393776 0.4918381127321004 0.7013117086803131
185 163840 2 512 0.001 8 0.2 1067.4845958511034 -0.18673487295081093 0.49111432849376 0.5686228817734298 1.4365783667121415 1.198573471553639
174 163840 3 1024 1e-06 8 0.05 1118.2972929557166 0.6770724671696836 0.8244334801497296 0.8170766573259967 0.3909135210009001 0.6252307741953367
165 163840 5 64 1e-07 8 0.0 1141.9566148559252 0.3468005833405533 0.6831011856799584 0.6709206302517217 0.7907176004600702 0.8892230318992363
164 163840 4 1024 0.0001 8 0.2 1216.1598561604817 0.5608383925315199 0.7495109790898726 0.7313629009951259 0.5316183750554515 0.7291216462672409
161 163840 5 128 1e-06 8 0.1 1260.9826416929563 0.5581963686182468 0.7703565315200605 0.7649141250790714 0.5348166247105802 0.7313115784059352
178 163840 5 64 1e-06 8 0.2 1240.48896424373 0.2576662602816321 0.7446938231257714 0.7376537517479368 0.8986173876463905 0.9479543172782064
188 163840 4 512 0.001 8 0.05 1248.5886869827907 0.4363334459795132 0.6830059288687218 0.6568911185997995 0.6823353690884378 0.8260359369231086
155 163840 3 4096 1e-07 8 0.05 1677.3768008351326 0.591201009618704 0.7775944394322326 0.7690822870222715 0.4948635110513656 0.7034653588140397
194 163840 3 4096 1e-06 8 0.05 1666.3767881910005 0.6727730326603506 0.8231625207794473 0.8166950800475111 0.3961181161855395 0.6293791513750193
195 163840 3 4096 1e-07 8 0.2 1672.3764131704966 0.5333731876556038 0.7944682096033305 0.7840014338808107 0.5648658341647899 0.7515755678338605
130 163840 5 4096 0.001 8 0.1 2925.5720043182373 0.255560017904643 0.5107300525173324 0.5376590305371035 0.9011670575876735 0.9492981921333641
