1 40 3 2048 3.1622776601683795e-05 1024 0.0 0.020064238707224527 0.5116092340152695 0.7284457067052686 0.7480860949148885 0.6495628458655636 0.8059546177456666
0 5120 2 2048 0.0001 512 0.0 1.1539057652155558 0.698108332964458 0.8380524861556298 0.8223532314905738 0.4015178501324016 0.6336543617244353
3 40 5 1024 3.1622776601683795e-05 16 0.0 0.16821504433949788 0.6924130015560493 0.8388736156589625 0.8202632170322177 0.40909267737208993 0.6396035313943239
2 160 1 4096 3.1622776601683788e-06 32 0.2 0.31156032482782997 0.7059037297264967 0.8404804806998978 0.8231866126834645 0.3911499225259255 0.6254197970370985
8 2560 1 256 0.0001 256 0.2 0.8340506076812744 0.6797025750336272 0.8319887588325426 0.8183288348896958 0.4259976260302056 0.6526849362672664
4 160 3 7168 3.1622776601683788e-06 16 0.0 2.172076527277629 0.7227437880924836 0.8504089239882915 0.8372787097115681 0.36875253707434485 0.6072499790649193
9 160 1 8192 3.1622776601683788e-06 256 0.3 0.07717997630437215 0.6269406261570958 0.7926131942773242 0.7936535929359501 0.4961713558642472 0.7043943184497212
12 160 4 5120 1e-05 256 0.0 0.17196123997370402 0.7170046636564988 0.8471095281285215 0.833109518289137 0.3763856093211109 0.6135027378269072
14 640 4 512 1e-06 256 0.3 0.24268855651219687 -0.8250496786216308 0.6008877824890674 0.632939229528152 2.4273277581348918 1.557988369062777
13 40 4 7168 1e-05 64 0.2 0.3517220735549927 -0.47039418136623534 0.828690402885819 0.8080616360983545 1.9556336759697845 1.3984397291159116
10 160 3 6144 3.1622776601683788e-06 32 0.2 0.8967803001403809 -0.045358473363076746 0.8415678614618799 0.8220157209543871 1.3903334628743382 1.1791240235337155
18 160 5 1024 3.1622776601683788e-06 512 0.3 0.06192632913589478 -2.088062284537697 0.47848849880597594 0.5341777339389863 4.107142610917287 2.026608647696266
11 2560 1 2048 1e-05 64 0.3 2.1474929730097454 0.7115202591281911 0.8466137681978498 0.8298674855611321 0.3836799024597265 0.6194190039542914
15 640 5 8192 1e-05 128 0.1 2.8002760847409567 -1.2364080466441756 0.8463702410051243 0.8314210440525678 2.9744370214818 1.7246556240252138
22 2560 3 256 3.1622776601683795e-05 1024 0.1 0.4874741792678833 -0.7759585140931766 0.8164284102952667 0.7953844218695572 2.3620361949873727 1.5368917317063595
19 10240 2 512 0.0001 512 0.0 2.157460963726044 0.7151335507342874 0.8473822242254927 0.8302368450601043 0.37887420148815765 0.6155275797948924
24 40 2 8192 3.1622776601683788e-06 128 0.3 0.07263097365697226 0.6359122556408959 0.8013127829519855 0.8030247078889167 0.48423903120655537 0.6958728556328055
16 5120 2 7168 3.1622776601683788e-06 512 0.2 3.184682297706604 0.5665178546169186 0.8472313439518032 0.8298176478323287 0.5765340288922409 0.7592983793557319
23 640 2 512 3.1622776601683795e-05 32 0.3 1.099204381306966 -4.514078831807212 0.8093288582367109 0.7828369033782108 7.333760152270646 2.7080916070677237
25 640 4 1024 1e-05 256 0.0 0.24191914399464926 0.709254877084609 0.8434009883614122 0.8254308955553133 0.3866928750826527 0.6218463436273085
17 1280 1 7168 1e-06 16 0.0 4.603721384207407 0.7116844310202833 0.8449929143826612 0.8287822985062177 0.3834615527920714 0.6192427252637461
20 10240 2 5120 1e-06 1024 0.3 3.3944144527117412 0.5148776972636799 0.8440695573164165 0.8247013921137305 0.6452157688176104 0.8032532407762887
5 5120 1 256 1e-06 16 0.0 13.594369920094808 0.6661509921437123 0.8217436274737031 0.8103284786521765 0.4440213180429072 0.6663492462987463
7 5120 5 2048 1e-06 32 0.1 12.361795810858409 -3.526420780228195 0.8467426161490972 0.8329849239671284 6.020168619817795 2.453603191190009
31 160 3 7168 0.0001 256 0.2 0.22408894697825113 0.6580997858756046 0.8365889577477852 0.8198735833092498 0.4547294739303718 0.6743363210819745
33 2560 2 2048 1e-05 512 0.1 0.5952695409456888 0.6908784461969029 0.8458574789400508 0.830134404935589 0.41113364582532347 0.6411970413416795
27 1280 5 2048 1e-06 16 0.0 5.504804301261902 0.7130755799324777 0.8451106064784275 0.8310948502195933 0.38161131583149777 0.6177469674806164
36 160 2 5120 1e-06 128 0.1 0.15241858959197999 0.6662687893573198 0.8163629532008421 0.8168563732942421 0.4438646469945681 0.6662316766670346
21 5120 4 256 3.1622776601683795e-05 32 0.3 10.246423228581746 -3.5048513282299627 0.7527433670643784 0.732746838213259 5.991481110553603 2.4477502140850897
38 2560 4 256 1e-05 512 0.0 0.6048850735028585 0.6572172752844866 0.8175248027154823 0.8011390944706605 0.45590321866716527 0.6752060564502996
34 2560 4 8192 1e-06 1024 0.0 2.8309504826863607 0.7256038729449108 0.8518715805627111 0.8360283061622031 0.36494860590784606 0.6041097631290576
29 2560 4 7168 3.1622776601683788e-06 128 0.0 7.372309895356496 0.7349659342695567 0.8573027327162296 0.8439984353748562 0.3524970044019423 0.5937145815978772
32 1280 3 512 3.1622776601683795e-05 16 0.2 4.420218308766683 -4.7465375567178 0.839366319194988 0.8213534910742438 7.642931744806289 2.7645852753724722
26 10240 3 6144 0.0001 256 0.3 10.151294561227163 0.326226126668283 0.7769661286925194 0.8193394496625325 0.8961235656222402 0.9466380330528877
28 5120 2 256 1e-06 32 0.1 8.91130509376526 0.553742408860441 0.8250007875781158 0.8027882367126784 0.5935254535479604 0.770406031614473
43 640 3 1024 3.1622776601683788e-06 512 0.0 0.16063392957051595 0.6846788465894891 0.8277764920745223 0.8152331083344875 0.4193791529984559 0.6475948988360362
35 640 4 4096 1e-05 16 0.3 5.388724462191264 -8.08654997773989 0.8335907660276818 0.8133202168694009 12.085169650453485 3.4763730597353164
42 640 2 6144 1e-06 32 0.0 2.279702583948771 0.7320941380534562 0.8558759526147488 0.8442632536024629 0.3563165117571132 0.5969225341341313
45 5120 5 5120 3.1622776601683795e-05 1024 0.2 3.705337035655975 0.05289710565582306 0.8452151695603545 0.8353322367591001 1.259652913660841 1.122342600840243
49 2560 4 6144 1e-05 512 0.3 2.3311006228129068 -7.367689401867846 0.8338844938139185 0.8197465929425871 11.12908048176801 3.3360276500304984
50 160 5 5120 0.0001 512 0.2 0.1634478211402893 0.24539646090530343 0.836443390979469 0.8255699030074716 1.0036275386293891 1.0018121274118161
52 1280 4 2048 1e-05 1024 0.3 0.33677370150883995 -4.693021691755456 0.7980578545607289 0.7738605684314438 7.571755301750885 2.751682267586664
41 5120 3 256 0.0001 32 0.2 9.321013720830281 -3.449231199312492 0.8296856517290432 0.8102352909462482 5.9175059829645384 2.432592440785044
54 160 5 1024 3.1622776601683795e-05 64 0.0 0.18911415735880535 0.7090950133107499 0.8472421535179986 0.8308536975407235 0.3869054949254734 0.6220172786390048
46 5120 3 1024 1e-05 32 0.0 9.372022573153178 0.7204969912017147 0.8494398018329428 0.8346620815004857 0.3717407913250312 0.6097054955673528
30 10240 3 2048 3.1622776601683788e-06 32 0.3 19.058623373508453 -7.175788855896574 0.7848501113725936 0.7713955176913968 10.873851526910679 3.2975523539302114
56 640 3 256 3.1622776601683795e-05 256 0.2 0.23054580688476561 -4.309639521608394 0.7952098284429423 0.7767357114295814 7.061854560706514 2.6574150147665145
48 10240 3 6144 1e-06 256 0.2 9.900381708145142 -1.5731946613539742 0.8326114648286682 0.8134446268802823 3.4223653754490115 1.8499636146284097
57 160 4 1024 1e-05 32 0.1 0.3438582142194112 -0.36481547852478213 0.8405886963448148 0.8167942973065905 1.8152133251832319 1.3472985286057548
58 1280 2 512 1e-06 128 0.0 0.6001938859621684 0.6564742147359652 0.8106362512765912 0.8014685321794742 0.4568914939544237 0.6759374926385011
62 160 3 1024 3.1622776601683788e-06 256 0.1 0.06499120791753134 0.5405209894437462 0.7607835317039142 0.7722815381422248 0.6111100260272833 0.7817352659483153
60 40 3 512 3.1622776601683788e-06 64 0.0 0.052405734856923424 0.3128384231619519 0.5762145336572257 0.6162121837629189 0.9139292970054759 0.9559964942432979
44 5120 5 2048 3.1622776601683788e-06 32 0.2 12.231304347515106 -5.688363871750533 0.8423313926704314 0.8310274445257737 8.895566774197622 2.982543675153412
59 1280 2 2048 3.1622776601683795e-05 512 0.1 0.31150292555491127 0.6960398953773481 0.8439018426674355 0.8266971867238458 0.4042688853672085 0.6358214256905853
53 2560 4 2048 3.1622776601683788e-06 32 0.2 5.388592974344889 -6.7638042600089285 0.844783840657152 0.8301632680581135 10.325909376493527 3.2133953034903016
64 40 2 4096 0.0001 32 0.3 0.11087488730748495 0.6142283443166415 0.8279309520233734 0.8088391341574683 0.513078772107225 0.7162951710762994
47 10240 4 1024 0.0001 64 0.3 11.471408053239186 -0.8319244037404687 0.7787382835796479 0.7778744224358441 2.4364711865609636 1.5609199808321257
63 2560 1 6144 3.1622776601683788e-06 512 0.2 0.6666681408882141 0.7094823291956864 0.8433150872870254 0.8234787458201265 0.38639036231857177 0.6216030584855352
69 40 1 5120 0.0001 1024 0.3 0.019884490966796876 0.608367608585728 0.7825106813703021 0.7832744067037027 0.5208735881549084 0.7217157253066531
67 640 2 2048 0.0001 64 0.3 0.6149620691935221 -4.071686472114874 0.780441160648178 0.7541304308835491 6.74537548129609 2.597186069825589
71 160 5 2048 1e-06 32 0.1 0.39544904629389444 0.232411352814489 0.8193962601285683 0.8069803195771117 1.0208978155322188 1.010394880990704
68 2560 3 6144 3.1622776601683795e-05 256 0.2 2.5319607853889465 -2.629447767969292 0.831274875553913 0.8144103434625253 4.827188770305824 2.1970864275912825
40 10240 3 2048 1e-06 32 0.0 18.371424881617227 0.7155576506220973 0.8461902977387761 0.8318775827147207 0.3783101459219111 0.6150692204312544
74 2560 3 2048 3.1622776601683788e-06 512 0.3 0.6802627444267273 -2.1313965900712977 0.8149336428262357 0.7957848930868062 4.164777514741193 2.04077865402919
76 160 5 7168 3.1622776601683788e-06 128 0.0 0.5610013286272685 0.7304622843858641 0.8552170720933087 0.8414345201461622 0.35848688758356845 0.5987377452470893
6 10240 3 7168 3.1622776601683795e-05 64 0.2 38.609604728221896 0.5704006145881353 0.812030131847966 0.8270595055377579 0.5713699332696891 0.7558901595269574
78 160 1 512 3.1622776601683788e-06 32 0.1 0.2494409203529358 0.6405956304800473 0.801244661825396 0.8018200503613304 0.47801011268341226 0.6913827541119407
79 5120 2 2048 1e-05 1024 0.0 0.9565021912256877 0.7188579488118632 0.8485693421583367 0.8365892755090454 0.37392072819812006 0.6114905789937569
39 5120 3 8192 3.1622776601683788e-06 64 0.1 24.015546492735545 -0.9231829199743806 0.8434738494256049 0.8283025334772205 2.5578455974690972 1.5993266075036385
81 40 4 8192 0.0001 512 0.1 0.0989215095837911 0.5785732998328754 0.8238205993093962 0.8036691333141696 0.5605002095654887 0.7486656193291427
77 5120 2 1024 3.1622776601683788e-06 64 0.0 4.3174951116244 0.687711612003467 0.8326950830039748 0.8143465349502778 0.41534555557944225 0.6444730836733542
55 5120 1 2048 3.1622776601683795e-05 16 0.0 13.625095291932423 0.7102883990596586 0.8446617454952182 0.8264518686135006 0.38531828423832293 0.6207401100608232
66 10240 5 7168 0.0001 1024 0.1 12.41656171878179 0.6650938988640488 0.8184874017289023 0.8044928197417678 0.4454272588732977 0.6674033704389705
84 40 3 2048 1e-06 128 0.2 0.04357823928197225 -0.07459492486884955 0.3073711784978174 0.3795940746940692 1.4292181305744114 1.1954991135816084
37 5120 3 6144 3.1622776601683795e-05 32 0.2 29.01992167631785 0.5724498125127762 0.8222907627399403 0.8293976764978187 0.5686444869091551 0.754085198707119
87 160 2 512 1e-06 128 0.3 0.09326939185460409 -0.2473510781180761 0.23615070482665174 0.32066685834007164 1.6589849205322365 1.2880158852018233
88 40 5 256 3.1622776601683788e-06 512 0.2 0.034559969107309976 -21.56151696446098 0.13970940421324163 0.1675384091690996 30.006962021345128 5.4778610808731845
86 640 5 4096 3.1622776601683788e-06 64 0.0 1.7753770391146342 0.7358102660003384 0.8578172940827642 0.8459889586867329 0.35137403779385074 0.5927681146906021
73 5120 1 2048 3.1622776601683795e-05 16 0.2 14.039118349552155 0.6877714143741862 0.833929317460399 0.8166887238929121 0.41526601804347857 0.6444113733039467
89 160 5 512 1e-05 64 0.3 0.19608763456344605 -10.896997826430248 0.7583960993126367 0.7408844325161149 15.823083284162799 3.9778239383063196
90 160 3 1024 1e-06 32 0.0 0.29110143184661863 0.6541745086987221 0.8100606535883906 0.8032291826534675 0.4599501177086915 0.6781962236024995
92 5120 2 256 1e-06 512 0.3 1.1144294063250224 0.5253119295515476 0.7789973284214783 0.7777149933107887 0.6313381730656432 0.7945679159553595
82 10240 2 512 1e-06 64 0.1 9.210164988040924 0.6040237255918226 0.8334285430635477 0.8106495486358141 0.5266509803501499 0.7257072277097355
85 10240 2 8192 0.0001 1024 0.3 5.742462948958079 0.6841086516230999 0.8381054534716825 0.8203839039583289 0.42013751595464177 0.6481801570201311
91 10240 3 2048 1e-06 512 0.3 2.6193378527959186 -2.5029501030107886 0.8168731642738365 0.7977020974322697 4.658946065962059 2.1584591879306076
65 5120 1 7168 0.0001 16 0.0 19.0664005279541 0.7029569339753166 0.8410991142090596 0.8229862296259383 0.39506917974296507 0.6285452885377195
94 5120 2 4096 0.0001 512 0.2 1.6600650588671366 -0.11381695718904905 0.8229875112350034 0.8020546784262964 1.4813836846941146 1.217121064107476
98 40 1 7168 3.1622776601683788e-06 32 0.0 0.08812913894653321 0.6403816509392686 0.8011547638527113 0.7978566607435664 0.47829470684273256 0.6915885386866475
95 1280 3 5120 1e-06 512 0.2 0.7217726548512776 0.452764426317395 0.8268215850715755 0.8101744682742619 0.7278268168797866 0.8531276673979027
97 160 1 1024 3.1622776601683795e-05 32 0.2 0.2530008872350057 0.7105626466202405 0.8447993577988359 0.8277339736767494 0.3849535332267756 0.6204462371767401
99 40 5 2048 0.0001 1024 0.0 0.025782394409179687 0.47032010413159897 0.7798825000104512 0.7809805810008538 0.7044776529800544 0.8393316704259731
93 10240 2 1024 1e-06 256 0.1 3.2931921243667603 0.6958260413426077 0.8430996072789394 0.823767598218724 0.4045533126026942 0.6360450554816807
96 1280 2 8192 3.1622776601683795e-05 1024 0.3 1.373940404256185 0.6036091997746915 0.8417604855964538 0.8255863435600205 0.527202302341092 0.7260869798729984
102 160 4 1024 3.1622776601683788e-06 128 0.0 0.10527739524841309 0.6829200964820619 0.8269858199487776 0.8149739668895998 0.42171830190239423 0.649398415383341
103 40 2 512 0.0001 64 0.1 0.05121829112370809 0.6733817831699269 0.8300946707421852 0.8093412713924983 0.43440431968017806 0.6590935591250897
100 1280 1 8192 3.1622776601683795e-05 32 0.1 2.7438279231389364 0.7026413043610642 0.842697129380107 0.8259374931196224 0.39548896915085824 0.6288791371566227
80 10240 5 8192 0.0001 1024 0.2 14.682187557220459 0.6529234890607991 0.8149867508262401 0.8008263553499738 0.4616139818372535 0.6794217996482402
72 10240 5 512 1e-06 32 0.3 22.61301385164261 -5.8514593413238085 0.8018718753977915 0.7981827439898646 9.112484793010266 3.018689250819015
101 5120 2 4096 1e-06 128 0.1 3.6102600773175557 0.7044153397064077 0.8525115448477851 0.8368720825026698 0.3931294907826216 0.6270003913735793
107 640 5 512 1e-06 512 0.0 0.16670825084050497 0.33453630341381047 0.5917394868147167 0.6334925683943268 0.8850709773416513 0.9407821093864674
106 640 1 2048 1e-05 32 0.2 0.9461850841840108 0.7190523748245603 0.8502662407766264 0.8319297427637272 0.373662140356347 0.611279101848204
104 1280 4 7168 3.1622776601683795e-05 256 0.0 2.373638999462128 0.7269501459625272 0.8543493604575125 0.8380673770249925 0.3631580541743961 0.6026259654000947
105 1280 3 6144 1e-06 256 0.0 1.2409126083056132 0.7201143549272307 0.8487035114138449 0.8373451354418224 0.37224970002006774 0.6101226925955695
110 640 3 256 3.1622776601683788e-06 1024 0.1 0.13254978656768798 0.19337929131806197 0.5018494855550598 0.546840129553154 1.072810707239945 1.0357657588663303
112 40 3 512 3.1622776601683795e-05 512 0.2 0.022556018829345704 0.1750916513371551 0.6188633293577404 0.6468381684949168 1.0971333855080558 1.0474413518226477
108 2560 2 6144 1e-06 512 0.3 1.214119291305542 0.6511462670653326 0.8478079605765537 0.8322429979555701 0.46397769847055725 0.6811590845540836
113 1280 4 7168 1e-05 256 0.3 2.1715452631314593 -7.035325273873493 0.8431743448649345 0.8258704038693101 10.68703406344898 3.2691029447616025
83 2560 3 4096 3.1622776601683795e-05 16 0.2 16.746803828080495 0.6650018656996938 0.8357244874872622 0.8296668813302532 0.4455496635711668 0.6674950663272102
111 10240 1 256 1e-05 128 0.1 4.4871461113293964 0.6645995849503563 0.8233461756596322 0.8102426633913375 0.44608469954353974 0.6678957250526011
61 1280 4 8192 1e-05 16 0.0 30.56965445280075 0.7283838927304787 0.8540722364409461 0.839621414725359 0.3612511617929169 0.6010417304920823
118 160 1 256 1e-06 256 0.0 0.05774984359741211 -3.712275493240865 0.15344408759761471 0.19884663996965826 6.267356578129463 2.503468908960018
117 640 4 7168 1e-06 128 0.3 1.7344910462697347 -4.755792745299329 0.7736410356451637 0.7428929077317838 7.6552412048795535 2.7668106557694823
120 2560 1 5120 1e-06 512 0.0 0.6128610928853353 0.6807926259908321 0.8252940025471132 0.812588243658713 0.4245478512776612 0.6515733659977679
122 160 1 4096 3.1622776601683795e-05 64 0.1 0.14420915842056276 0.7125861841255943 0.8467598192003882 0.8285551166107918 0.3822622153881939 0.6182735764919878
123 5120 1 512 3.1622776601683795e-05 1024 0.3 0.8500636180241903 0.6982911172084485 0.8395325934353344 0.8203377155898446 0.40127474591754925 0.6334625055341075
124 2560 2 1024 0.0001 1024 0.2 0.4545980175336202 -0.4759142380691701 0.7876062857599009 0.7595158914345819 1.9629753867289306 1.4010622351376583
119 160 4 8192 0.0001 16 0.2 3.8551051219304404 0.7188576146677474 0.8483255352733992 0.8361935595188789 0.3739211726119335 0.6114909423793075
115 10240 5 6144 0.0001 1024 0.2 9.401228257020314 0.6562491021417087 0.8170517311611172 0.7996054047187404 0.4571908951461531 0.6761589274321186
126 5120 2 2048 1e-06 128 0.1 2.712204897403717 0.7021935131534217 0.8482721873504468 0.8311301642315708 0.39608453432417456 0.6293524722476067
127 1280 5 8192 1e-05 1024 0.2 1.8570432265599568 -1.6472198886701124 0.8386749179947011 0.8235940139990973 3.5208194017538803 1.8763846625236202
129 1280 3 2048 1e-06 512 0.1 0.34565780162811277 0.6538375763223694 0.8267537772518634 0.8203159300146059 0.46039823992657686 0.6785265211666947
130 40 2 4096 1e-05 32 0.0 0.10961024363835653 0.719715675622141 0.8516778680653392 0.8376633301718751 0.3727799460485316 0.610557078452565
114 5120 4 5120 3.1622776601683788e-06 64 0.3 15.766969537734985 -11.161185895301763 0.8438270478251547 0.8318155435892945 16.174455107325553 4.021747767740482
131 1280 1 1024 1e-06 16 0.0 3.463523022333781 0.7063107980229536 0.8414479915439015 0.8244359472282914 0.39060851908522964 0.624986815129111
132 1280 5 512 3.1622776601683788e-06 64 0.3 1.4732893427213034 -12.852927881344055 0.8107250041590064 0.8007711725984806 18.4244827807772 4.2923749580829025
109 2560 5 5120 0.0001 32 0.1 19.11533492008845 0.649749953730876 0.8172331281270335 0.799199824382067 0.4658348041458068 0.6825209184675638
134 10240 1 512 1e-05 512 0.0 2.0707961201667784 0.6903105668708165 0.8354056519028651 0.8218624846832068 0.41188892896507984 0.6417857344667921
116 10240 3 4096 1e-06 64 0.2 18.42936873435974 -3.8202454282599065 0.8343946263117776 0.820358985093927 6.410957283022974 2.5319868252072273
136 2560 5 2048 1e-05 256 0.3 1.2593017896016439 -11.929818670746226 0.8374532584375429 0.8268398066740976 17.196741620127604 4.146895419482822
133 2560 3 4096 0.0001 64 0.1 4.677096966902415 0.6806425553764267 0.8423072148708912 0.8357160831126726 0.42474744615570403 0.6517265117790622
139 40 3 512 3.1622776601683795e-05 1024 0.2 0.026363388697306315 -0.036019046675328514 0.38070342417628444 0.44249581305791574 1.3779119655804353 1.1738449495484637
140 1280 1 8192 3.1622776601683788e-06 512 0.3 0.40778179168701173 0.711737853740151 0.8440018474737656 0.8277680343730618 0.38339050023258836 0.6191853520817401
141 2560 2 5120 0.0001 256 0.3 1.4499643762906393 -0.32701116151411846 0.791542664209343 0.765100666038603 1.7649333415026676 1.3285079380653575
128 5120 2 256 3.1622776601683795e-05 16 0.2 15.394770789146424 -2.507087981728483 0.8328535728721848 0.8107686136240058 4.6644494711509195 2.1597336574566133
143 40 2 4096 3.1622776601683788e-06 32 0.0 0.10327592293421427 0.6887675268113015 0.8300747802358677 0.822844826129126 0.41394118212413 0.6433826094355752
138 2560 2 7168 1e-05 64 0.1 6.215843073527018 0.5816250891822913 0.8377263023881691 0.820134899625439 0.5564413101905346 0.7459499381262354
142 10240 2 2048 3.1622776601683795e-05 512 0.1 2.381068754196167 -0.16433365524976762 0.8392683505705965 0.819168372074236 1.548571216567061 1.244416014268163
145 160 1 256 1e-05 1024 0.1 0.046549717585245766 -0.3273759828082363 0.2853343532740681 0.3719543784703169 1.76541855615975 1.3286905419094959
144 2560 4 1024 3.1622776601683788e-06 256 0.2 0.9250502030054728 -4.851644126347756 0.8190529789182059 0.7999522782601904 7.782724155398539 2.789753421970935
146 1280 5 4096 1e-06 512 0.0 0.8114014863967896 0.7259710561445489 0.852148974174565 0.8421663090457228 0.3644602499012986 0.6037054330559719
147 40 2 512 3.1622776601683795e-05 512 0.2 0.025443530082702635 0.270149507781396 0.5394866588791697 0.5771972412127464 0.9707058277934781 0.9852440447896542
125 10240 4 4096 3.1622776601683795e-05 64 0.3 24.03334243694941 0.55845872347947 0.8199206207434251 0.8071623969852605 0.5872527249066708 0.7663241643760628
51 10240 3 4096 3.1622776601683788e-06 16 0.3 66.85043206612269 -7.29100308768612 0.7688664498982057 0.7667380492307037 11.027087192893298 3.3207058275151833
150 5120 2 256 1e-06 128 0.2 2.526148962974548 0.5605536600562047 0.8261445623945984 0.8081740290237402 0.5844664458459929 0.7645040522103156
153 640 3 4096 3.1622776601683788e-06 512 0.2 0.2868936618169149 0.29000277176373324 0.8276158970587311 0.81094942283982 0.9443008595789676 0.9717514391957275
151 160 3 8192 1e-05 32 0.3 1.4199682633082071 -0.34794605464002903 0.8414605435899554 0.8225661845669773 1.7927768834036684 1.3389461839086993
154 160 3 6144 1e-05 64 0.1 0.4899871548016866 0.6641036428194378 0.8520114270993564 0.8387986867156222 0.4467443057531176 0.6683893369534837
152 10240 1 256 3.1622776601683795e-05 512 0.2 2.0405566891034446 0.671632453617506 0.826859828592378 0.8134827424213938 0.43673093918563954 0.6608562167261798
155 640 2 512 3.1622776601683795e-05 256 0.2 0.20884159008661907 0.12196268217921735 0.8038026194907915 0.7771272988504978 1.1677952546663535 1.0806457581771898
158 40 4 5120 1e-05 512 0.0 0.041443900267283125 0.6697842022300967 0.820291097932759 0.820756802230944 0.43918912536501964 0.662713456453858
157 40 2 5120 3.1622776601683788e-06 256 0.2 0.03647417624791463 0.4582571370006635 0.6789980693790915 0.7205430455458691 0.72052147650189 0.848835364780409
156 160 4 6144 1e-06 64 0.2 0.6406568646430969 -0.2423612603986598 0.8003703002626037 0.77899772503187 1.6523484310162253 1.2854370583642847
159 640 1 8192 3.1622776601683795e-05 512 0.1 0.2096256693204244 0.7091411988622064 0.8442914139909279 0.8267929547855554 0.38684406784631575 0.6219678993696667
161 1280 3 256 3.1622776601683788e-06 128 0.1 0.702120320002238 0.3040481573701175 0.8128273242262621 0.7890172465304377 0.9256204067916038 0.9620916831527044
149 640 5 6144 3.1622776601683788e-06 32 0.2 6.086533546447754 -7.131508353385449 0.8445256941065977 0.8277100132302092 10.814958175048284 3.28861037142564
148 640 2 8192 1e-06 16 0.3 6.6595050175984705 0.41228296893944627 0.8440437097258664 0.8232416848482812 0.78166741439024 0.8841195701884672
162 640 2 2048 1e-05 64 0.3 0.6097126960754394 -0.0012243562763365468 0.8303349994691143 0.8088886401262428 1.3316348045636626 1.1539648194653347
165 640 5 4096 3.1622776601683788e-06 128 0.0 0.9548370003700256 0.7327329849397879 0.8564083995515833 0.8453735806951318 0.3554668413078342 0.596210400200998
137 2560 2 6144 3.1622776601683795e-05 16 0.0 17.95110870997111 0.715013354458713 0.8474446776552822 0.8293023876450399 0.37903406330427364 0.6156574236572427
163 1280 3 7168 1e-05 128 0.0 3.3705865502357484 0.7284901503002577 0.853829646968286 0.8401740532092503 0.36110983854475653 0.6009241537371888
169 640 5 512 3.1622776601683795e-05 32 0.3 1.4274425745010375 -2.9378126545537646 0.7880959948951183 0.7882153825403037 5.23731604388553 2.288518307526844
70 10240 3 4096 1e-05 16 0.3 68.08840104341508 -2.6183166140805794 0.7282209972361258 0.6982770080606193 4.8123842643624295 2.193714718089485
164 10240 2 5120 0.0001 256 0.1 5.741098439693451 -0.12927111255611767 0.8415493081105232 0.8209727411476085 1.5019378102833678 1.2255357237891387
170 640 3 512 3.1622776601683788e-06 16 0.3 2.2400798082351683 -3.8914638432650923 0.7572473254966159 0.720569217725936 6.5056782309826025 2.5506231064158817
172 640 5 6144 0.0001 1024 0.1 0.6059595982233683 0.6383537293189334 0.8323453166706991 0.8201107917299969 0.4809918555823105 0.6935357637370336
167 2560 4 5120 1e-06 64 0.2 7.8340969006220496 -4.4443157167703875 0.8326133658299076 0.8120883181572099 7.240974762587043 2.6909059371496142
174 40 5 512 1e-05 512 0.2 0.03609636624654134 -0.4589916356015553 0.23208369861756153 0.31412399763447496 1.940468217093665 1.393006897719342
175 40 1 512 1e-06 512 0.1 0.02297203540802002 -20.782838243249937 0.07617349115897995 0.11865939312506675 28.97131433635057 5.38250075117046
176 1280 1 7168 3.1622776601683795e-05 512 0.1 0.38130402167638144 0.7153017606289749 0.848527422330712 0.832788153407696 0.3786504812511961 0.6153458224861822
177 160 3 2048 3.1622776601683788e-06 256 0.1 0.07693083683649699 0.6447428505246303 0.8183709499519092 0.8122311592808145 0.4724942834699781 0.687382196067063
160 10240 4 4096 3.1622776601683795e-05 128 0.1 13.119963864485422 -0.15024049600994482 0.8471435536327957 0.835437699586102 1.5298272245413354 1.2368618453737408
121 5120 3 8192 3.1622776601683795e-05 32 0.1 45.05230093002319 0.7014247217123242 0.8412231034420288 0.8354922188175372 0.3971070318633111 0.6301642895811466
173 5120 4 5120 1e-06 512 0.0 3.531299614906311 0.7188773869529613 0.8482218902631848 0.8343837716983659 0.37389487534599947 0.611469439421137
179 160 2 7168 1e-05 64 0.2 0.3917511343955994 0.5996707784509094 0.8476157760915812 0.8308210007467525 0.5324404279189485 0.7296851567072942
181 640 4 2048 3.1622776601683795e-05 256 0.1 0.2871127804120382 -1.4308101331564296 0.8404632928389776 0.8228636627263289 3.232993041275694 1.7980525691079485
171 5120 5 6144 3.1622776601683795e-05 256 0.0 8.173718853791554 0.7247441291766139 0.8527032109989077 0.8384564578145784 0.3660920706245143 0.605055427729158
183 40 1 7168 1e-05 64 0.3 0.051971407731374104 0.6838358297734223 0.8272077702584886 0.813262158864323 0.4205003707615576 0.6484599993535126
186 40 3 1024 3.1622776601683795e-05 256 0.1 0.030534072717030843 0.6145703619627978 0.8262434187861377 0.8158533890020729 0.5126238864479403 0.7159775739839485
178 640 1 7168 1e-06 16 0.3 2.3278204083442686 0.7221669056725074 0.8502115028577346 0.8351928606846875 0.36951979438662036 0.6078813982896831
188 5120 5 512 3.1622776601683788e-06 512 0.1 1.2976435859998068 -3.477460438553341 0.8219440862790919 0.8023119767599118 5.955051051903206 2.440297328585844
182 10240 3 512 0.0001 256 0.0 3.189003308614095 0.7008187818290426 0.8396858086821629 0.8237572399333735 0.3979129357878341 0.6308034050223842
189 2560 3 2048 1e-06 64 0.0 2.460163116455078 0.7119126742364902 0.8445382461780218 0.8297120006941995 0.38315798785310307 0.6189975669201803
190 2560 2 5120 1e-05 128 0.1 2.2719059626261395 0.6208024102315932 0.8411109913233968 0.8237941390210454 0.5043352223474056 0.7101656302211518
187 5120 1 6144 1e-05 64 0.1 4.9177865544954935 0.7057561732226723 0.842979856205073 0.8247029403271993 0.391346173620798 0.6255766728553727
192 2560 2 2048 1e-06 128 0.1 1.3857808232307434 0.7148298453676377 0.8477899907828851 0.8334873560999619 0.37927813157038975 0.615855609352054
191 640 4 7168 1e-06 64 0.1 3.218722105026245 0.1150650064224833 0.8439969091885222 0.8234600935340508 1.1769692075877773 1.0848821169084581
75 5120 5 8192 0.0001 32 0.3 80.28791573842366 -0.04404992218087167 0.8094720866347063 0.7976833709924839 1.3885930814235137 1.178385794815736
166 5120 5 512 1e-05 16 0.1 20.940209754308064 -0.92693128454462 0.847268582927035 0.8320683078691801 2.5628309463478316 1.6008844262931137
185 1280 5 4096 3.1622776601683795e-05 32 0.3 6.972176615397135 0.674502000832111 0.8408822315841435 0.8258865863862809 0.43291442301685784 0.6579623264419155
198 160 1 7168 3.1622776601683788e-06 32 0.2 0.32582892179489137 0.7167240595382603 0.8466776234110025 0.8313909276143782 0.37675881459504185 0.6138068218870183
180 10240 3 1024 0.0001 64 0.0 9.21396245956421 0.7210674982822887 0.8507619264698646 0.8322598071303736 0.3709820132549813 0.6090829280606881
197 5120 4 256 1e-05 256 0.0 1.7574597160021463 0.654381204396667 0.816149811033048 0.7960665351613797 0.45967521110697745 0.6779935184844892
194 10240 1 7168 3.1622776601683795e-05 256 0.3 3.9367614865303038 0.6994046512634761 0.8402033520596095 0.8223320725731673 0.39979373849454114 0.6322924469693918
202 1280 3 5120 1e-06 1024 0.0 0.5762688279151916 0.6928894981743254 0.8329233628436958 0.8207374495625847 0.40845893381883364 0.6391079203224082
193 640 5 4096 3.1622776601683795e-05 16 0.0 6.340364495913188 0.7227830080285745 0.8535531288416517 0.838206753099405 0.3687003743082236 0.6072070275517434
205 160 2 2048 1e-06 64 0.3 0.16829007069269816 0.5552548169224714 0.7546038737989131 0.7799895032075037 0.5915139411416979 0.769099435145871
203 5120 3 512 0.0001 256 0.1 1.6988542119661967 -1.328237249708927 0.8433456193704127 0.8238314804554225 3.0965704495289867 1.7597074897632807
200 2560 5 6144 3.1622776601683788e-06 512 0.1 3.37885541121165 -1.1200579251256997 0.8473920765610006 0.8301232725435043 2.8196906148867407 1.679193441771001
207 160 3 256 3.1622776601683788e-06 256 0.1 0.06902532974878947 0.12751856076203139 0.47238141643971443 0.518300104434713 1.160405900577605 1.0772213795583547
209 40 2 5120 3.1622776601683788e-06 1024 0.1 0.02762581507364909 -0.037280397641409335 0.29673808551200176 0.3501897409755882 1.3795895704415977 1.1745593090353494
210 160 1 6144 1e-05 1024 0.3 0.04735426505406697 0.5201631481718043 0.723205842854375 0.7357679556241641 0.6381860852677143 0.7988654988592975
208 1280 2 4096 0.0001 1024 0.0 0.3428116083145142 0.7060927371669525 0.842216950676715 0.8291490776494085 0.39089854141992775 0.6252187948389969
213 40 2 4096 0.0001 256 0.0 0.03003873030344645 0.709724158285894 0.8470232408711644 0.8297822232336747 0.3860687280801939 0.6213442910980947
214 2560 5 512 1e-05 512 0.1 0.6659218947092692 -3.891645022659884 0.8317322177972457 0.8125634722432131 6.505919200737745 2.5506703434073454
204 5120 1 1024 3.1622776601683788e-06 64 0.0 4.0375111897786455 0.7019969086381332 0.841143279759854 0.8236627989117802 0.39634601958834265 0.6295601794811538
211 2560 4 256 3.1622776601683795e-05 64 0.3 2.6725385467211407 -4.226479271665516 0.7254047718109933 0.6811744099425391 6.951250895817658 2.636522500533166
217 160 1 256 1e-06 32 0.3 0.3473800460497538 0.23188600063356912 0.5267773372965799 0.5712183356942532 1.0215965372966076 1.0107405885273468
215 5120 4 512 3.1622776601683795e-05 256 0.0 1.6800746242205302 0.7025505328783316 0.8397968123095945 0.8231508563247814 0.3956096958040911 0.6289751154092593
218 160 2 256 0.0001 32 0.3 0.27760428190231323 -4.656054855226804 0.8011960033197592 0.7765698682772985 7.52258917247368 2.7427338865580233
216 160 3 7168 0.0001 16 0.2 2.236181902885437 0.6631014870005276 0.8356884167048918 0.8194199199006819 0.4480771794089483 0.6693856731428813
220 160 1 256 1e-06 1024 0.3 0.03609788417816162 -13.517190058633421 0.1533537684554303 0.19398816179360623 19.3079557297609 4.394081898390254
195 640 5 8192 0.0001 32 0.1 10.039767408370972 0.6842744018032717 0.8294284041353315 0.8170476882443085 0.4199170671537352 0.6480100826019107
224 160 4 1024 1e-05 64 0.1 0.1859745502471924 -0.07842433189441933 0.8347123980845079 0.8102750284252794 1.4343112664376403 1.1976273487348392
223 40 4 256 3.1622776601683795e-05 16 0.3 0.164154048760732 -7.321262673651383 0.7217868690704838 0.6922470852221083 11.067332635975497 3.3267600809158897
221 2560 2 4096 1e-05 512 0.1 0.8252080917358399 0.7002748438947861 0.8502329010985615 0.8354281522697113 0.3986363767231627 0.6313765728336479
227 160 2 5120 3.1622776601683788e-06 64 0.1 0.2636246601740519 0.7211258699729841 0.8505915232116417 0.8351528651700781 0.3709043785326096 0.6090191938950772
222 2560 5 2048 3.1622776601683788e-06 128 0.2 2.0533561944961547 -9.379948926725849 0.8464569647870053 0.8319304062837853 13.805398534078845 3.715561671413737
226 1280 2 2048 1e-06 128 0.1 0.6858333945274353 0.7112287138723812 0.8438298277181667 0.8293525202716469 0.38406765951668204 0.6197319255264183
228 40 1 5120 1e-05 64 0.2 0.04646505912144979 0.6719824137923947 0.8218493801894564 0.8108487889643515 0.4362654899122857 0.6605039666135895
229 160 1 7168 1e-05 1024 0.3 0.05135743220647176 0.5548585922231211 0.7449490736381122 0.7644201524946382 0.5920409225288115 0.7694419552694092
230 160 5 7168 1e-05 512 0.0 0.2496939698855082 0.7235872133618629 0.8506817246225761 0.8347085279045481 0.3676307760657224 0.6063256353360976
232 160 5 4096 3.1622776601683788e-06 128 0.2 0.25719654162724814 -2.9013912454737385 0.7926027221096663 0.7690225119282891 5.188875336607302 2.2779103003865853
219 5120 3 512 0.0001 64 0.3 4.959515583515167 -6.388420742241267 0.8264851102319682 0.8036633090825489 9.826646894328146 3.134748298401029
233 1280 2 2048 1e-05 512 0.2 0.3044968763987223 0.5991480725577036 0.8445587570455053 0.827391781637931 0.5331356301037337 0.7301613726456184
236 40 5 512 3.1622776601683788e-06 32 0.2 0.11081064939498901 -0.6091386680814446 0.6231157966465913 0.6542204557983774 2.1401647316648584 1.462930186873201
206 2560 5 512 3.1622776601683795e-05 16 0.3 10.665304859479269 -1.3692101535349472 0.6184442420435514 0.6513519848630457 3.1510646739620465 1.7751238474996742
235 1280 1 4096 1e-06 128 0.0 0.6467731952667236 0.696748491724718 0.8350678278832614 0.8156175444836671 0.4033264476881514 0.6350798750457705
237 160 1 5120 1e-06 64 0.2 0.15044887065887452 0.5944085058567716 0.7756792996085551 0.7804680486182481 0.5394392841628345 0.7344653049415163
231 2560 3 7168 3.1622776601683788e-06 1024 0.0 2.3706974267959593 0.7259650257911947 0.8523703626355487 0.8382661750068245 0.36446827030987133 0.6037120756700758
212 5120 4 256 0.0001 32 0.2 10.269034028053284 -2.25354829934468 0.830381822003427 0.8164124783754173 4.327240070197129 2.0802019301493613
234 2560 1 1024 3.1622776601683795e-05 64 0.0 1.9412945628166198 0.7124716027710611 0.8462992924335266 0.8295456783329858 0.38241460932337323 0.6183968057189277
239 5120 3 1024 1e-06 1024 0.3 0.9383566021919251 -0.1503031005925224 0.7951226078125473 0.7892275455266091 1.529910489037013 1.2368955044938166
240 640 3 6144 1e-05 128 0.2 1.0379994630813598 -0.498300617981313 0.8451900963241221 0.8273211904762013 1.9927494153493115 1.4116477660341873
244 160 4 4096 1e-06 256 0.0 0.13113758563995362 0.6436502485512217 0.8039278544427697 0.806984226973009 0.4739474510904073 0.6884384148857524
241 5120 2 1024 1e-05 1024 0.1 0.8854780753453573 0.6987434607561305 0.8447736737097256 0.8276986228025462 0.40067312610283207 0.6329874612524581
243 160 3 6144 1e-06 32 0.3 0.8897982835769653 -0.24037290386117593 0.8076280551622941 0.7893243088684055 1.6497039040901698 1.2844079975187672
199 10240 1 1024 0.0001 32 0.3 16.029461161295572 0.6493805977445557 0.8176658692009388 0.7980956016889095 0.4663260499725536 0.6828806996632382
245 40 3 1024 3.1622776601683795e-05 64 0.2 0.05349619388580322 -0.016777924359880236 0.8344798469568504 0.8156681194569795 1.3523211497023548 1.1628934386702656
249 40 1 7168 3.1622776601683795e-05 16 0.1 0.1573770840962728 0.6817332360316796 0.8315960595037131 0.8156723552153081 0.4232968339007239 0.650612660421486
246 160 2 2048 1e-05 512 0.1 0.057149497667948405 0.6711621491428343 0.8251913646420663 0.818448673984622 0.4373564471482543 0.6613293031071996
238 160 3 7168 1e-06 16 0.3 2.196293612321218 -0.6904228113698601 0.815617305089038 0.7926787345217964 2.248273162690801 1.4994242770779727
135 5120 4 5120 1e-05 16 0.2 58.543471086025235 0.6799781732057588 0.845176498766837 0.8317276271816051 0.4256310786966494 0.6524040762415954
201 10240 2 512 1e-05 32 0.3 17.14839788675308 -5.514499138787948 0.8231736028090776 0.8004120239359569 8.664325566122931 2.943522645763564
251 40 2 1024 0.0001 32 0.2 0.08129769961039225 0.43869839279724165 0.8100211585558873 0.7846325216758219 0.7465347315246693 0.8640224137860484
250 640 3 512 0.0001 512 0.2 0.16431314547856649 -3.737865094170435 0.8192083848176385 0.8002653491409061 6.301390911212852 2.5102571404565017
253 40 3 8192 3.1622776601683788e-06 64 0.2 0.3493609587351481 0.5547275787525079 0.8291187136609558 0.815184007850193 0.59221517128359 0.7695551775432286
247 1280 5 7168 1e-06 512 0.2 1.9356983502705891 -2.811160970906738 0.787555315277958 0.760744583133159 5.068868493699866 2.2514147760241485
252 5120 2 2048 1e-05 256 0.3 1.7212362964948018 -1.9055791292233368 0.759899884404601 0.7302454781811473 3.864438845932039 1.9658176024067031
259 40 2 8192 1e-05 16 0.2 0.43343048095703124 0.6836391505045218 0.8461315135995917 0.8329530750043429 0.42076195544850825 0.6486616648519536
255 640 5 2048 3.1622776601683795e-05 64 0.1 0.8681501150131226 -3.2450433234129745 0.847418460386519 0.8308681106708729 5.645934800628381 2.3761175898150286
248 10240 3 512 3.1622776601683788e-06 256 0.0 3.1464977979660036 0.6511827463880178 0.8131807350612037 0.7940481293349022 0.4639291807378135 0.6811234695250292
256 640 2 8192 3.1622776601683795e-05 128 0.0 0.9815147479375204 0.7172021339980363 0.8486939980717889 0.8337580722836399 0.37612297250248794 0.6132886534923729
261 40 2 5120 3.1622776601683795e-05 32 0.1 0.13312241633733113 0.7010172413324449 0.8407054116762196 0.8237907845585298 0.3976489833775971 0.6305941510810238
254 40 4 8192 3.1622776601683788e-06 16 0.3 1.376234491666158 -1.9266265309679902 0.7978060785853636 0.7781897787745374 3.892432025016347 1.972924738811987
262 640 3 7168 3.1622776601683788e-06 1024 0.1 0.47729482253392536 0.688232869984917 0.8440467350046537 0.8325348361944287 0.4146522791265633 0.6439349960411868
264 2560 5 4096 3.1622776601683795e-05 1024 0.0 1.2909462889035543 0.721189097917843 0.8521403121789533 0.8378712331233924 0.37082028496110647 0.6089501498161458
268 40 4 7168 3.1622776601683795e-05 1024 0.1 0.09668971300125122 0.5209076361416329 0.8055689191972691 0.8028313655164506 0.6371959115009775 0.798245520814854
269 40 5 512 3.1622776601683788e-06 1024 0.2 0.029628753662109375 -20.31028320176469 0.10450865855055627 0.13702632871373074 28.342813105463513 5.323796869290142
270 40 4 8192 1e-05 256 0.2 0.10097714265187581 -0.1518722236100345 0.822428010374467 0.8062748503065198 1.5319974326972052 1.2377388386478003
263 5120 3 7168 3.1622776601683795e-05 512 0.0 4.511330095926921 0.7170947643981034 0.8484557897276804 0.8321316371724968 0.37626577475787315 0.6134050658071493
265 5120 3 6144 3.1622776601683788e-06 256 0.2 5.028204747041067 -2.2091916262103153 0.8327395435238981 0.8154204790264311 4.268245410918113 2.065973235770036
196 10240 5 4096 1e-05 64 0.0 28.15635677576065 0.7242963311685908 0.8535311760010145 0.8390981922973737 0.3666876448423805 0.6055473927302308
267 5120 5 2048 1e-05 64 0.2 6.874985369046529 -1.6968836456885095 0.840798229229744 0.8332371353136323 3.5868725165792625 1.8939040410166674
273 10240 1 1024 0.0001 1024 0.0 1.6173961718877157 0.7126815244495852 0.8459448414860715 0.8277146210083899 0.38213541214683355 0.6181710217624518
168 10240 2 4096 1e-05 16 0.3 47.50549290974935 -5.742087293120759 0.8249828938093061 0.8078233586730693 8.967019268604467 2.9944981664052603
225 10240 5 8192 3.1622776601683788e-06 512 0.0 18.68667403459549 0.729226740433843 0.8539832117650427 0.8404249743778636 0.36013016895079236 0.6001084643219027
260 5120 3 4096 3.1622776601683788e-06 64 0.1 9.265917789936065 -0.9782391602902403 0.8454053075250809 0.8310224159465913 2.6310707496075105 1.6220575666749657
275 160 2 4096 3.1622776601683788e-06 1024 0.2 0.05461869637171427 0.38157107785973854 0.6191915184508276 0.6592998861537548 0.822514426170704 0.9069258107313432
276 160 2 4096 3.1622776601683795e-05 128 0.0 0.1274134596188863 0.7187505044530471 0.8492457571666123 0.8351596846817857 0.37406362988329844 0.611607414836755
282 40 5 256 0.0001 256 0.1 0.032146024703979495 -2.3747098423890156 0.7965118671707578 0.7858337141542161 4.4883856982285195 2.1185810577432527
271 2560 5 7168 1e-05 512 0.0 3.7890081644058227 0.7305003313521818 0.8547722929773018 0.8414260418343096 0.35843628487475604 0.5986954859315009
274 5120 1 1024 0.0001 64 0.1 4.045966390768687 0.6838300569324838 0.8319092223080786 0.8137257382115359 0.4205080486769685 0.6484659194413909
277 640 1 5120 1e-06 16 0.2 2.369969137509664 0.7194301050104779 0.8484965625966189 0.8324146653394736 0.3731597567905169 0.6108680354958155
283 2560 4 512 0.0001 512 0.0 0.6019193132718405 0.7042009378297927 0.8410737540984481 0.8212281226455008 0.39341464665130854 0.6272277470355633
284 2560 4 256 1e-05 512 0.3 0.6149107535680135 -10.254521080597643 0.7539913897555965 0.7380336554489973 14.968585098506027 3.868925574175087
272 1280 4 4096 0.0001 32 0.1 5.679867951075236 0.6768656720511116 0.8262880058461457 0.8113492305370109 0.4297707251612915 0.6555690086949592
278 10240 2 512 3.1622776601683795e-05 512 0.1 2.305350383122762 -0.21731601003482348 0.8423869761189824 0.8198862639148033 1.6190380876706723 1.2724142751756098
280 10240 5 256 1e-06 512 0.2 2.646474611759186 -8.891237029592226 0.7608205338232521 0.7375390381079586 13.155408581729093 3.6270385415279356
285 2560 1 2048 1e-05 128 0.0 1.156935171286265 0.7005736535626718 0.8401206617058363 0.8227398793732803 0.3982389579516332 0.6310617703138364
288 2560 3 2048 1e-06 256 0.0 0.9058392961819967 0.7084813607791077 0.84232348036374 0.8271880441178893 0.3877216567216989 0.6226729934096218
258 10240 1 2048 1e-05 32 0.0 14.779553127288818 0.7096804650843118 0.8447780407362531 0.8282089803138508 0.38612684031806044 0.6213910526536895
287 640 5 1024 3.1622776601683788e-06 32 0.1 1.4241892298062642 -3.2312845755956356 0.8459205048825851 0.8238888380782169 5.627635577935754 2.3722638086721624
290 2560 3 2048 3.1622776601683795e-05 256 0.3 0.9576649069786072 -9.053478561753046 0.8239621550029235 0.8100219692475904 13.371190858315515 3.6566638973681345
242 5120 5 256 3.1622776601683788e-06 16 0.2 19.63675634066264 -4.299447726348823 0.8192131897720323 0.8129642014960402 7.048299407754477 2.6548633501094696
291 1280 5 2048 3.1622776601683788e-06 64 0.1 1.7214266697565714 -3.4045066804498454 0.8441570732474366 0.830686932832804 5.858022086511637 2.420335118637838
295 1280 5 512 1e-06 512 0.0 0.31708724101384483 0.5745599210897123 0.7593067166208686 0.7681276076811285 0.565838028991065 0.7522220609574443
281 640 3 8192 3.1622776601683795e-05 32 0.2 6.37190226316452 -0.18062550424460655 0.847193518801928 0.8330636616806819 1.5702394800448976 1.253091967911732
294 1280 2 8192 3.1622776601683795e-05 1024 0.2 1.373796315987905 0.6859502369832906 0.8447218354116647 0.8291967773691362 0.4176881956341439 0.6462880129123113
298 40 5 5120 1e-05 256 0.1 0.07065245310465494 0.22171717945574476 0.8325568173012432 0.8192056766463878 1.0351211345728224 1.017409030121525
300 160 2 2048 1e-06 32 0.1 0.28927091757456463 0.6723258041291523 0.8205864655564197 0.8186372979922307 0.435808778565712 0.6601581466328443
296 1280 5 512 0.0001 32 0.2 2.8165313323338825 -0.3845338706062007 0.7933743490145739 0.8009399241974453 1.8414389129059525 1.3569962833058729
286 5120 3 7168 3.1622776601683795e-05 256 0.3 7.373135085900625 -0.9044090818856916 0.7973150146335037 0.803118559114903 2.5328762726045695 1.5915012637772454
279 10240 4 6144 3.1622776601683795e-05 512 0.0 9.372748657067616 0.7309238122682948 0.8556606698059485 0.8410946872897724 0.35787305254482954 0.5982249180240067
306 160 1 4096 1e-05 64 0.3 0.14572064876556395 0.7208332173463285 0.8493393274670568 0.8304405088556954 0.37129360839988024 0.609338664783288
305 640 2 7168 3.1622776601683795e-05 128 0.0 1.3718576272328695 0.7206937165634246 0.8496451829153558 0.835954876609114 0.3714791453343486 0.6094908902800341
289 5120 3 6144 3.1622776601683795e-05 128 0.0 8.083288653691609 0.7250266951727453 0.8527798744092066 0.8357662157392796 0.36571625604042424 0.6047447858728707
307 5120 1 8192 1e-05 512 0.2 1.5768967668215434 0.7162775695497166 0.8479009479419313 0.8296208772728961 0.37735264913862543 0.6142903622381076
301 5120 3 6144 3.1622776601683795e-05 512 0.1 3.558941864967346 0.2508495947067756 0.8425219091742824 0.8280139759711082 0.9963748357576877 0.9981857721675298
299 2560 5 256 0.0001 32 0.3 5.712210392951965 -2.246172959673269 0.7475959862303445 0.7650137449110005 4.317430821210761 2.0778428288036515
257 10240 5 2048 3.1622776601683795e-05 32 0.2 24.847879191239674 0.52626958572469 0.8174292902523794 0.7909840305691268 0.6300644842236095 0.7937660135226309
313 40 1 5120 3.1622776601683788e-06 256 0.2 0.023881208896636964 -0.10287000929214485 0.35713830452511663 0.4259956174280795 1.4668241738992742 1.2111251685516549
312 160 5 256 3.1622776601683795e-05 32 0.0 0.3354225834210714 0.6809922786465596 0.8292088078440012 0.8110340585094449 0.4242823119671921 0.6513695663501574
310 1280 2 1024 1e-06 64 0.0 1.371628705660502 0.6857899713672697 0.8297393308464259 0.810402756036451 0.41790134992961286 0.6464528984617618
315 160 1 8192 0.0001 32 0.1 0.35526562531789146 0.7033569333056988 0.8427444437513214 0.8239019241682505 0.3945371780724102 0.6281219452243411
311 640 1 1024 3.1622776601683795e-05 16 0.0 1.7234625101089478 0.7080817893546243 0.8439084590192518 0.8260750629449881 0.38825308927466845 0.623099582149329
314 2560 5 4096 1e-05 512 0.0 1.5934732556343079 0.7293303122917376 0.8551233161082764 0.8422783702110797 0.35999241771663465 0.5999936813972583
308 5120 2 8192 0.0001 256 0.2 4.948108641306559 0.6857640067935991 0.8337833826762301 0.816512227557475 0.4179358829788426 0.6464796075506501
309 640 5 4096 1e-05 32 0.1 3.4622470418612163 -2.4651452619414758 0.8491068918850551 0.8353642331707873 4.608665385280135 2.1467802368384463
319 1280 5 512 0.0001 512 0.0 0.31023701826731365 0.6916434979205685 0.836458770938211 0.8198673535931493 0.4101161221343165 0.6404030934765357
318 640 1 4096 1e-05 64 0.0 0.5529356002807617 0.7042575617252054 0.8414853190586126 0.8232831179896828 0.39333933650785363 0.6271677100328537
321 40 1 5120 3.1622776601683788e-06 512 0.3 0.02117486794789632 -1.261789918753963 0.16155126741161968 0.23112560061512072 3.0081950739048153 1.734414908234133
323 40 4 4096 3.1622776601683788e-06 64 0.0 0.10131864150365194 0.6985718999999397 0.8358619300773846 0.8289383363065318 0.4009013030070481 0.6331676736908227
304 640 5 5120 3.1622776601683788e-06 16 0.1 9.012954163551331 -2.32396869462557 0.8511312005693987 0.8353493776939325 4.420899646813823 2.102593552452262
326 40 2 512 0.0001 128 0.3 0.0308661421140035 0.3854402316089268 0.821793721638642 0.8110666815789649 0.8173684269105691 0.9040843029887031
320 1280 5 256 1e-05 32 0.3 2.761574618021647 -5.859621948736448 0.5440609929042997 0.4225063128917806 9.123341113133245 3.020486900010203
328 640 2 5120 3.1622776601683788e-06 128 0.0 0.554454219341278 0.72167164278961 0.8500809571385093 0.836088833936386 0.370178497191981 0.6084229591262816
327 1280 3 6144 1e-05 128 0.1 2.0699101368586224 0.10223631535562372 0.8470119209722937 0.8297331227493802 1.1940314488472283 1.0927174606673165
292 5120 5 256 1e-05 16 0.3 19.33438015381495 -1.5395423705804232 0.7151861462269159 0.772216144554283 3.377607613248719 1.837826872490638
317 640 5 6144 3.1622776601683795e-05 32 0.0 6.378356635570526 0.717797762995548 0.848637605116249 0.8343684738748057 0.3753307821220584 0.6126424586347721
330 2560 4 5120 3.1622776601683795e-05 512 0.2 1.8200433135032654 -3.697663972246267 0.8362835130056092 0.8173076037959306 6.24792316165088 2.4995845978183815
302 10240 1 1024 1e-06 32 0.1 15.207783579826355 0.7178123339770925 0.8491634416956211 0.831583274706757 0.37531140262330787 0.6126266421102725
316 5120 3 2048 1e-06 32 0.3 9.554237127304077 -5.281971625534965 0.8017619676462657 0.7839363785482679 8.355062484651459 2.8905124951557393
325 2560 4 256 0.0001 32 0.1 5.145431216557821 -0.7251011083885952 0.844985404122939 0.829071556389295 2.2943955197665797 1.5147262194094944
336 40 4 6144 0.0001 128 0.1 0.10251531600952149 0.7155322397996484 0.8550423484842534 0.8357080102852998 0.37834394247847064 0.6150966936006652
334 160 4 7168 1e-06 1024 0.0 0.1633916974067688 0.41331176735490505 0.6456197644412901 0.6907505157312127 0.7802991059104103 0.883345405778742
333 1280 4 5120 1e-05 512 0.0 0.8931990106900533 0.7294847970555978 0.8546589855311082 0.8423664709298964 0.3597869519915537 0.599822433718141
332 640 3 6144 0.0001 128 0.0 1.0205812772115073 0.7163946895382445 0.8482343491816082 0.8302388356202784 0.37719687880397834 0.6141635603029362
331 2560 1 1024 0.0001 128 0.1 1.1504658023516336 0.7035596008022672 0.842724571397327 0.8226587824772983 0.3942676290043192 0.6279073410976489
266 2560 5 5120 1e-06 16 0.2 35.58721566200256 -8.67234121061717 0.8510565166156498 0.837905883615312 12.864275740929322 3.5866803232138382
340 40 5 512 3.1622776601683788e-06 512 0.3 0.028759964307149253 -5.730648065686831 0.11598198079445904 0.14819694692631089 8.95180502287338 2.9919567214238545
339 160 3 6144 0.0001 1024 0.3 0.105622398853302 0.5432995772696927 0.8193651832926314 0.8041351087060365 0.6074144864278193 0.7793680044932684
337 2560 4 256 3.1622776601683788e-06 256 0.1 0.9683320164680481 -1.4029429853772655 0.796042041777941 0.7702130512235293 3.1959295562994936 1.787716296367937
324 2560 2 5120 1e-05 32 0.2 7.898842628796896 -1.0969506948753716 0.8006267641346245 0.7774585059461331 2.7889578507010575 1.670017320479359
344 160 1 7168 3.1622776601683795e-05 1024 0.0 0.050933186213175455 0.6861657819936691 0.8293312535520305 0.8146623336356765 0.4174015193902324 0.6460661880877473
341 640 1 6144 1e-05 32 0.0 1.082076112429301 0.7043953614919126 0.841491364060546 0.8227861783284409 0.39315606193581815 0.6270215801197102
342 40 3 8192 1e-06 32 0.0 0.68807373046875 0.6841798077094448 0.827735832382321 0.817289062096531 0.4200428779041995 0.6481071500178034
329 10240 5 4096 1e-06 512 0.2 6.538935236136118 -7.948177198007066 0.8330973978263205 0.815535931516529 11.901132967424978 3.4498018736479605
346 640 1 512 1e-05 16 0.1 1.8054969429969787 0.7051965693282185 0.8437687845472723 0.8278418325484054 0.39209045038349644 0.6261712628215195
338 5120 5 4096 1e-05 256 0.2 4.733729004859924 -9.423261116492709 0.8447124533732662 0.831187337543238 13.863004023791383 3.7233055238311272
335 10240 2 7168 3.1622776601683788e-06 512 0.0 5.907863716284434 0.7251532772042506 0.8516760246465909 0.8382357636708312 0.3655479011280332 0.6046055748403526
350 640 2 6144 1e-06 64 0.3 1.2437737981478374 0.6008550674173944 0.8503898054108916 0.8304906783445279 0.5308653160106672 0.7286050480271649
354 40 4 6144 0.0001 256 0.3 0.093768576780955 -0.9033304419310755 0.829792581604565 0.8162537864948708 2.5314416745585313 1.5910504940317045
343 2560 1 8192 1e-05 32 0.3 5.4432495594024655 0.7050415780856796 0.8423814108636591 0.8236725305392978 0.3922965897284628 0.626335844198991
355 640 4 512 0.0001 1024 0.1 0.13466230630874634 -0.7938554440888816 0.8245621103417138 0.8077612089609668 2.385839226473497 1.5446162068531772
352 2560 3 5120 1e-06 512 0.1 1.410044550895691 0.6361671910999742 0.8425034279396062 0.8225323819062427 0.483899965413661 0.6956291867177951
345 10240 5 4096 1e-06 1024 0.1 5.30158877770106 -1.087858263380609 0.8346324615185803 0.8159108203493182 2.7768648585953057 1.666392768405848
358 160 5 5120 1e-06 128 0.3 0.34341455698013307 -2.848736122832521 0.6982588159996529 0.6772822012821117 5.118843686350224 2.2624861737368085
359 640 1 4096 1e-06 64 0.1 0.5432702978452046 0.6991790687816688 0.8362821215277385 0.8190972279791245 0.40009376463972174 0.6325296551464775
353 1280 2 7168 1e-06 64 0.0 2.9503706812858583 0.7214235660157732 0.8496829837946673 0.835824716091063 0.37050844088958906 0.6086940453869982
360 2560 5 512 3.1622776601683795e-05 512 0.2 0.6420236825942993 -8.570651408873351 0.8380772912881864 0.8268305142013415 12.729027653502778 3.5677762897220417
347 5120 2 1024 3.1622776601683788e-06 32 0.0 8.084026710192363 0.6984937513355336 0.8385071038359058 0.8199479712802006 0.40100524123108455 0.6332497463332177
349 10240 1 256 3.1622776601683788e-06 64 0.1 7.958624080816905 0.6808262047822771 0.8309605270502789 0.817737011860155 0.42450319127003866 0.6515390941992957
363 1280 1 6144 0.0001 64 0.3 1.235331122080485 0.6940923403390835 0.8379180379539413 0.8211111219419341 0.40685914603805523 0.6378551136724195
364 2560 4 2048 1e-06 1024 0.0 0.6048884868621827 0.6977091551831882 0.8353775088102258 0.8234065695827026 0.4020487591373763 0.634073149673897
348 10240 3 1024 3.1622776601683788e-06 64 0.0 9.35087866783142 0.7110658122317478 0.8437550799201525 0.8259027689032519 0.3842843197417635 0.6199067024494601
357 5120 1 5120 0.0001 64 0.2 4.4470643679300945 0.6745110841651188 0.8279406860475536 0.8094732012973708 0.43290234212579787 0.6579531458438342
356 10240 2 4096 0.0001 256 0.3 4.738486822446188 -6.042547377737457 0.8311215881280203 0.8147533096080779 9.36663310495356 3.0604955652563133
367 40 1 4096 0.0001 64 0.2 0.045546929041544594 0.7025499322370956 0.844045972024783 0.826591650172393 0.39561049466078085 0.6289757504552785
366 40 3 4096 3.1622776601683795e-05 128 0.3 0.055365490913391116 -0.7907844280500067 0.8384639589428873 0.825570677114206 2.381754755478456 1.5432934767821886
372 640 5 256 3.1622776601683788e-06 256 0.1 0.260089639822642 -1.0663400337818167 0.7559054557693352 0.7277701060179752 2.74824547545034 1.6577833017165844
362 1280 2 5120 0.0001 32 0.3 3.9207815647125246 0.6750916565318463 0.8311503546039645 0.8104431570355402 0.43213017716071705 0.6573660906684471
374 160 1 2048 0.0001 512 0.3 0.04604049523671468 0.7040136732459672 0.8406027121810042 0.8233674956237297 0.39366370974682835 0.6274262584135513
361 10240 3 4096 1e-06 512 0.1 4.38187663157781 0.4411684853126543 0.8466137381677175 0.8294142276370442 0.7432494926634726 0.862119187040558
369 5120 2 256 3.1622776601683795e-05 256 0.0 1.578459127744039 0.6793997041493122 0.8307368773712204 0.8123204764530708 0.4264004462455896 0.6529934503849097
365 5120 5 256 3.1622776601683795e-05 128 0.2 3.2004581967989605 -2.5868877159911974 0.8249486949281306 0.8066971808234584 4.7705836286681915 2.184166575302395
370 5120 1 256 1e-05 256 0.3 1.5329458951950072 0.6915643267828909 0.834260656414235 0.8200347818211267 0.4102214202543506 0.640485300576329
351 2560 5 512 0.0001 16 0.0 9.581186250845592 0.7225860681655358 0.8506698824540685 0.8358501141643955 0.3689623055870467 0.6074226745743417
375 160 3 512 3.1622776601683788e-06 32 0.2 0.31127636432647704 0.3119677522170614 0.8050352766830584 0.7997171709862937 0.9150872949369788 0.9566019521917039
379 40 5 1024 1e-06 64 0.0 0.05788299640019735 0.1898640253273587 0.47872308735020475 0.5258815583422601 1.0774860335153953 1.0380202471606204
380 160 1 5120 3.1622776601683795e-05 32 0.2 0.2640539765357971 0.6895746864863779 0.841531002661575 0.8268481375370484 0.4128676545881345 0.6425477838948124
376 2560 4 4096 1e-05 1024 0.2 1.3733539581298828 -2.0693382360948993 0.8256266509626238 0.8051236430058307 4.082239506600592 2.0204552721108655
384 40 5 512 3.1622776601683788e-06 512 0.2 0.026650428771972656 -4.6661369535767605 0.11411588534338715 0.14570060015685982 7.535998427833555 2.7451773035331533
378 1280 5 256 3.1622776601683788e-06 128 0.1 0.8019756436347961 -4.101622241871287 0.8128697943692067 0.7935784677204905 6.785190246747162 2.6048397737187527
382 640 4 1024 1e-05 64 0.1 0.7072291056315104 -2.0591644624617245 0.8453618540837486 0.8242650539511223 4.068708322527051 2.0171039444032255
381 2560 3 5120 0.0001 512 0.1 1.4352866371472677 0.4252902292172276 0.8455502042359226 0.8294532278715662 0.7643676749369066 0.8742812333207814
368 5120 5 4096 1e-05 256 0.1 4.754201857248942 -3.3434652968582785 0.8506335381938461 0.8375353076629001 5.776836655494399 2.403505077068571
383 5120 5 512 1e-06 512 0.1 1.353744594256083 -0.8545776189899055 0.8030230970219888 0.7835322211084744 2.4666001078884596 1.5705413423047672
371 10240 5 1024 1e-06 128 0.0 5.856504531701406 0.6834001678334334 0.8293838389658567 0.8137680191841229 0.42107980393123257 0.6489066218888759
391 1280 1 7168 1e-05 128 0.3 0.7150797486305237 0.7200656430539023 0.8512783996427509 0.8363415244918206 0.3723144871234907 0.610175783789795
387 5120 2 6144 3.1622776601683788e-06 256 0.0 3.2893945574760437 0.7323346556281407 0.8559497024260893 0.8443813970350184 0.35599662184277836 0.5966545246981526
390 5120 2 4096 1e-05 128 0.1 3.677724099159241 0.349195404793856 0.8300018499501658 0.8110938086949092 0.8655742786457715 0.9303624447739556
393 160 4 4096 1e-05 64 0.2 0.39041688442230227 -1.6181549873995111 0.8342496380278939 0.8162454556319202 3.4821628969650007 1.8660554378059084
388 1280 5 256 3.1622776601683788e-06 16 0.3 4.924241157372792 -9.517016778102942 0.6364965863325581 0.6190791064847819 13.987699654038938 3.7400133227087493
395 40 4 4096 1e-05 128 0.0 0.0933132807413737 0.7167649540671952 0.8469629238871034 0.8364159094474942 0.37670442460971576 0.6137625148294051
377 10240 1 4096 0.0001 64 0.0 8.232567918300628 0.6986945331251242 0.8387922055955386 0.8247250576624672 0.40073820016534795 0.6330388614969447
386 1280 4 8192 0.0001 64 0.2 8.37534366051356 0.6723087418545206 0.826407317245852 0.802712632288288 0.4358314715002199 0.6601753339077581
373 1280 3 6144 1e-05 16 0.0 13.980064904689788 0.7268159948254014 0.8533079611869067 0.8374924737569315 0.36333647604572666 0.6027739842144206
396 1280 4 2048 3.1622776601683788e-06 16 0.0 4.848144245147705 0.7273336547863205 0.8530877030738961 0.839177740979887 0.3626479849831913 0.6022026112391006
401 640 2 5120 3.1622776601683788e-06 512 0.2 0.26844277381896975 0.7109832078321187 0.8441861799948238 0.830450387932115 0.3843941841221761 0.6199953097582078
398 1280 5 512 1e-05 16 0.3 5.267445401350657 -4.072325968993571 0.8064408116226336 0.7953340312073721 6.746226016239375 2.5973498062908997
402 2560 4 256 1e-06 512 0.2 0.6357559363047282 -0.45159137615592826 0.7012655288098872 0.7067244792560927 1.9306258246480321 1.38946961990827
400 2560 2 2048 3.1622776601683788e-06 64 0.2 2.3956682364145916 0.25752923069491174 0.8297135841373466 0.8099695880252311 0.9874908771245807 0.993725755490206
399 5120 5 2048 1e-05 128 0.2 4.127018137772878 -4.0431865799584354 0.848053840629337 0.8351895430843972 6.70747044224673 2.589878460902505
405 160 4 256 1e-05 64 0.0 0.1704671820004781 0.6714681661318986 0.8215664622121388 0.8057731922804207 0.4369494425934099 0.6610215144709057
406 640 2 7168 3.1622776601683788e-06 512 0.0 0.38567991654078165 0.721719556646401 0.8496191853549547 0.8352017076187946 0.3701147714556625 0.6083705872703434
322 2560 5 8192 3.1622776601683788e-06 32 0.0 40.373221695423126 0.7329960289663372 0.8564276246917949 0.8416742351982397 0.35511699106828515 0.5959169330269825
407 160 4 7168 1e-05 256 0.1 0.3512717922528585 0.296733122064498 0.8482035321384531 0.8284031336552765 0.9353494505853472 0.9671346600062203
409 40 1 5120 0.0001 512 0.3 0.021154685815175375 0.6564515999044196 0.8206091620480469 0.8105155175840912 0.45692157182517934 0.6759597412754544
411 40 1 7168 0.0001 32 0.2 0.09136148293813069 0.6746021792208575 0.8278579593396687 0.8052342296821698 0.432781185118395 0.6578610682495165
410 640 5 1024 3.1622776601683795e-05 512 0.0 0.17273569107055664 0.7118120955962259 0.8467522656722337 0.8320373067375797 0.3832917580886472 0.6191056114175086
408 5120 2 1024 1e-06 512 0.2 1.154226040840149 0.676400614454888 0.8327933050404304 0.816798057253586 0.4303892547419754 0.6560405892488478
413 640 1 4096 3.1622776601683788e-06 128 0.1 0.3351227641105652 0.7080781337823076 0.8421675892685635 0.8234532371601176 0.3882579512092559 0.6231034835476815
412 640 4 1024 1e-05 128 0.1 0.3900486509005229 -1.2906031783278498 0.8416204065707125 0.8211497535542019 3.0465168936258338 1.7454274243364671
404 1280 2 4096 1e-05 32 0.1 3.0906671047210694 0.5876950127951996 0.8416239631319608 0.8237084343468827 0.5483682729203938 0.7405189213790515
417 40 1 2048 3.1622776601683795e-05 128 0.0 0.03257323106129964 0.6820421786972014 0.8266782074138558 0.8067376924092239 0.42288593817745807 0.6502968077558571
184 5120 4 7168 3.1622776601683795e-05 16 0.1 98.3753264784813 0.675126507185418 0.8279315653887245 0.80926046939432 0.4320838255683222 0.6573308341834591
416 160 5 8192 3.1622776601683795e-05 64 0.0 1.377000363667806 0.722759728339809 0.8514923811599697 0.837586841054074 0.36873133644333883 0.6072325225507432
419 160 2 6144 3.1622776601683795e-05 32 0.3 0.6019378304481506 0.673359266465833 0.8458822651719021 0.830213032062466 0.43443426704079485 0.6591162773295732
420 40 2 256 3.1622776601683788e-06 512 0.3 0.021904377142588298 -21.346076470667835 0.13434480663285636 0.1676399646002042 29.720424785161317 5.451644227676758
421 40 2 256 1e-06 256 0.2 0.02799628973007202 -28.731389509606853 0.14870660904489075 0.17563187938809627 39.54293841419923 6.288317613972693
418 2560 4 256 1e-06 256 0.0 0.8930955529212952 0.6432309591837316 0.8028270215351134 0.7916724694915623 0.4745051086338272 0.6888433121064813
415 5120 1 256 0.0001 128 0.0 2.2795705437660216 0.6837293358662986 0.8319548154901217 0.8189969627259105 0.4206420083398994 0.6485692008875378
423 160 5 1024 1e-05 128 0.2 0.11586684783299764 -5.202355237059242 0.7912098101209772 0.767061257223417 8.249172178204827 2.872137214376226
424 40 4 6144 1e-06 512 0.1 0.05234145323435466 -0.0976356851079272 0.25320109972954863 0.3260689068925553 1.4598624892195322 1.2082476936537194
422 2560 1 8192 3.1622776601683795e-05 1024 0.2 0.6829448978106181 0.7072006510797411 0.8442525968220531 0.8234905048700438 0.38942500882208286 0.6240392686538908
428 1280 5 256 1e-05 1024 0.3 0.26436922152837117 -10.525399397061527 0.6756366609640846 0.6388314719546209 15.328854993803464 3.915208167365238
389 10240 4 6144 0.0001 128 0.0 22.37105847199758 0.7158143755459261 0.8472463213813682 0.8333329402375673 0.37796870012944084 0.6147915908089837
426 2560 3 7168 3.1622776601683788e-06 256 0.0 3.1260835409164427 0.7268681293588717 0.8526083742295523 0.8383895160131678 0.3632671367824002 0.6027164646684212
429 10240 1 512 1e-05 1024 0.2 1.702282472451528 0.7057349958101188 0.8423553437972174 0.8257680895510587 0.39137433971509056 0.6255991845543682
425 2560 2 7168 0.0001 128 0.1 3.349405535062154 0.6815632733236492 0.8375680536912842 0.8190351888536985 0.42352288539065464 0.650786359253676
427 10240 2 1024 3.1622776601683788e-06 256 0.2 3.191240688165029 -0.3670737938528643 0.7970303704321875 0.7646867769712915 1.8182168990292957 1.348412733190137
434 160 3 5120 0.0001 32 0.3 0.7327468713124593 0.7020723637704542 0.8436557376894043 0.8289515329832416 0.3962456637792258 0.6294804713247472
435 40 4 7168 1e-05 64 0.0 0.34957337379455566 0.7285682405570659 0.853914123388224 0.8383014521565766 0.3610059780031994 0.6008377301761262
433 640 1 2048 3.1622776601683795e-05 16 0.1 1.868927037715912 0.7074795242682568 0.8439574349603257 0.8249097374119532 0.38905410569576626 0.6237420185427356
414 5120 3 1024 3.1622776601683795e-05 32 0.0 8.888630894819896 0.7269954101523899 0.8536077089310008 0.8364097196088963 0.36309785251205756 0.6025760138870926
437 640 4 1024 3.1622776601683788e-06 128 0.1 0.39610766172409057 -0.056339138252965215 0.828691583499745 0.8064372284096109 1.4049378174857337 1.185300728712226
438 40 3 256 0.0001 32 0.2 0.08745606740315755 -2.253858328824139 0.7770241542598222 0.7616544534438509 4.32765241138989 2.0803010386455827
439 160 1 256 1e-06 256 0.3 0.05950037638346354 -3.9156346325813542 0.1513692267331895 0.19517073884815003 6.5378255355358155 2.556917193718994
430 5120 5 1024 3.1622776601683795e-05 128 0.3 3.205372401078542 -0.8735885312716714 0.7320351828864914 0.7734532039780364 2.491884742947736 1.5785704744951161
441 160 4 8192 1e-05 128 0.1 0.5554406921068827 0.4062229291063072 0.8460465242317542 0.8282730099994511 0.7897273061700029 0.8886660262269527
394 10240 3 5120 1e-06 64 0.0 23.098265647888184 0.7250286798319172 0.8515713804352183 0.8360734255261494 0.365713616431018 0.604742603452922
385 10240 5 8192 3.1622776601683788e-06 256 0.1 27.376525831222533 -3.0906697380520214 0.8499044406693796 0.835987167918605 5.440616943663274 2.3325130103952847
436 5120 2 8192 1e-06 1024 0.1 2.850069264570872 0.7144193704409334 0.8463233921524911 0.83104833009108 0.3798240658511269 0.6162986823376526
397 1280 3 8192 1e-06 16 0.2 22.373896718025208 -0.7949039058763605 0.8411651916897904 0.8218397406901062 2.3872336873640156 1.5450675348877199
447 160 1 6144 3.1622776601683788e-06 128 0.3 0.09722999731699626 0.6597863983949588 0.8139399916465597 0.8027300681209242 0.4524862684804587 0.6726709957181585
443 10240 1 512 1e-06 1024 0.1 1.6851049542427063 0.653813062155941 0.809348643226228 0.8082281059084699 0.46043084392488787 0.6785505463301079
440 160 4 7168 3.1622776601683788e-06 16 0.1 3.373751922448476 0.36957321313039315 0.8446570665357919 0.8233629984322252 0.8384716630815823 0.9156809832477588
446 2560 3 512 1e-06 128 0.2 1.3787574768066406 -0.1432972127698866 0.8147446155250455 0.7944486005521513 1.5205926133750711 1.2331231136326457
450 160 5 7168 3.1622776601683788e-06 256 0.1 0.35380856196085614 0.05862734702741157 0.8291613238525668 0.8078419740969197 1.252031655946599 1.1189422040242287
442 640 3 7168 1e-05 32 0.0 4.465336378415426 0.7285500757790642 0.8542067330957106 0.8401285283608241 0.36103013727424854 0.6008578344951895
449 1280 4 6144 1e-05 256 0.1 1.6832558592160543 -0.6921196019126181 0.8510004101388894 0.8348665931272619 2.25052990497701 1.5001766245935877
454 40 5 1024 3.1622776601683795e-05 64 0.0 0.05822663307189942 0.7026205283815081 0.8402410891554225 0.8205896689007702 0.3955166013366937 0.6289011061659009
451 10240 2 4096 1e-05 1024 0.1 2.7573649048805238 0.6855327208346045 0.8484421937536445 0.8331917947763332 0.418243494785201 0.6467174767896728
297 5120 5 5120 1e-05 16 0.3 73.05850568215052 0.5884633698150293 0.8387689245612184 0.8182229297159885 0.5473463531643249 0.7398285971522897
448 10240 4 1024 0.0001 128 0.1 5.86097164551417 -0.7217538773827235 0.8447027613537553 0.8297620595963556 2.289943681096863 1.5132559866383688
460 40 1 512 3.1622776601683795e-05 1024 0.3 0.025083061059316 -0.29870210918153095 0.27785654470501586 0.36385069741487164 1.7272821206409534 1.3142610549814497
458 1280 1 4096 1e-06 32 0.1 1.9530758341153462 0.7130748737071304 0.8455543078778118 0.827607093896763 0.38161225511573177 0.6177477277301243
457 1280 4 2048 3.1622776601683795e-05 32 0.1 2.741021466255188 -1.8975577010911961 0.839140402365097 0.8213198727246366 3.8537702951560764 1.9631022121010604
459 2560 5 8192 3.1622776601683795e-05 1024 0.3 3.705402608712514 -2.853220503903695 0.835967766569379 0.818643269672753 5.124807941887824 2.2638038655960955
462 640 2 512 3.1622776601683788e-06 32 0.2 1.083322823047638 0.6530386478154948 0.8419740761884673 0.8236856903537823 0.46146081995616084 0.6793090754260249
455 10240 3 6144 1e-05 512 0.3 7.142894005775451 -7.370708483799788 0.808116779379634 0.7918847959101333 11.133095880068305 3.3366294190497547
463 1280 4 5120 0.0001 128 0.1 2.1674148360888164 0.6973861725587132 0.8460864614869055 0.8393320462556052 0.4024783280959462 0.6344117969394534
465 2560 4 1024 3.1622776601683795e-05 128 0.3 1.4858824690183003 -4.037928740357609 0.7062273419864236 0.6614398120653653 6.700477481912331 2.5885280531437806
403 5120 5 4096 3.1622776601683795e-05 32 0.1 27.823395458857217 0.6821073746390786 0.8287107653370724 0.8097418163341982 0.42279922715731993 0.6502301339966643
461 2560 4 1024 1e-06 32 0.0 4.736087910334269 0.692943090708777 0.8347063494014739 0.8163889602755826 0.40838765540486666 0.6390521539004986
467 640 4 4096 1e-05 128 0.3 0.8108380436897278 -7.411114184621487 0.8330587168064248 0.816003233948512 11.186835720873885 3.344672737484773
432 1280 3 7168 1e-06 16 0.2 17.576793670654297 -0.793948895062841 0.8390886921106004 0.8183391931750462 2.385963516867218 1.5446564397519658
464 1280 5 5120 0.0001 128 0.0 3.3730699022610984 0.7164303597589982 0.8491424201931681 0.8337791206143697 0.37714943718198396 0.6141249361343211
472 160 5 8192 3.1622776601683795e-05 512 0.1 0.3503258148829142 0.5471271178391794 0.8513791681344097 0.8342355118276208 0.6023238329631314 0.7760952473524957
471 160 1 8192 1e-06 16 0.0 0.6358635902404786 0.6840136611916778 0.8271679821517437 0.8143306473311103 0.42026385383664505 0.6482776055338061
431 2560 2 6144 1e-06 16 0.3 18.167321530977883 0.14020327395619991 0.8458611423183391 0.8259977259960015 1.1435351508107061 1.0693620298153035
468 1280 5 256 3.1622776601683788e-06 64 0.1 1.47648845911026 -4.150353657631403 0.8336618727294504 0.8142860440383202 6.850003341729364 2.6172511040649815
475 1280 2 5120 1e-05 1024 0.0 0.41650754610697427 0.7239879005036203 0.8512183400091207 0.8387302335629683 0.3670978596016348 0.6058860120531211
479 40 1 6144 3.1622776601683795e-05 32 0.1 0.0798556129137675 0.7086064848708618 0.8456740331098802 0.8274664276444599 0.387555240878512 0.6225393488595817
476 1280 2 256 3.1622776601683795e-05 512 0.0 0.27850452264149983 0.6761540017262918 0.8275945513910827 0.8096857488892945 0.4307172512500392 0.656290523510769
478 160 4 6144 3.1622776601683788e-06 256 0.3 0.22698665459950765 -2.0980833783810757 0.7771726765396707 0.7506330535198775 4.120470729892809 2.029894265692873
480 160 4 1024 3.1622776601683795e-05 512 0.2 0.05378510554631551 -0.7909095698810935 0.8145621867408408 0.795331303402689 2.3819211949150696 1.543347399296435
473 1280 1 4096 1e-06 32 0.3 1.964643136660258 0.7216562085318716 0.8500879778791812 0.8317666642783528 0.3701990248535969 0.6084398284576683
484 1280 3 5120 0.0001 1024 0.3 0.606484842300415 0.19692040443183123 0.8395018562340941 0.8221993316993352 1.0681010041253214 1.0334897213447851
452 10240 4 8192 1e-05 512 0.1 15.158029969533285 -1.7644186474288373 0.8467061849057645 0.8303247983300194 3.67669450131219 1.9174708606161894
477 10240 2 5120 1e-05 512 0.1 4.024424870808919 0.6022111961355534 0.8439365995336903 0.8258650957088458 0.5290616561323908 0.72736624621465
481 2560 5 8192 1e-06 1024 0.3 3.6701483448346455 -6.33117530678468 0.7305252504572457 0.6978092264197053 9.750510098635418 3.1225806792836304
470 1280 2 7168 1e-05 32 0.1 5.9294569253921505 0.6569461760364862 0.841266035671929 0.8240438068739933 0.45626378240282084 0.6754730064205533
469 5120 4 7168 1e-05 512 0.3 6.169359691937765 -9.177777389352235 0.8367419975816706 0.819143600658736 13.536509094892509 3.679199518223021
445 5120 4 256 3.1622776601683795e-05 16 0.1 18.21438263654709 -0.8777955396772252 0.8383898329726266 0.8211150293378313 2.4974800910640793 1.5803417640067858
490 160 3 6144 3.1622776601683795e-05 256 0.3 0.17569296757380168 -0.361121599185386 0.8368382684995181 0.8188338105160851 1.810300442010381 1.3454740584680112
488 160 3 5120 1e-05 32 0.2 0.722780688603719 0.054267171514940094 0.8455068692612158 0.8298251308640943 1.2578307172958523 1.121530524460147
491 640 1 1024 3.1622776601683788e-06 1024 0.3 0.11838805675506592 0.35703025076863903 0.6119342528303379 0.6492703749920913 0.8551538833337572 0.924745307278581
392 10240 3 5120 0.0001 32 0.0 44.73294992049535 0.7089969260532545 0.8445990750912608 0.8276762747648597 0.3870359516059828 0.6221221356019916
486 5120 4 1024 1e-05 256 0.2 1.922538944085439 -7.190260480285769 0.8424357829960544 0.8261048107609231 10.893098880008335 3.3004694938763386
483 5120 1 7168 3.1622776601683788e-06 64 0.2 5.187337636947632 0.7175581446922447 0.8489505143119978 0.8321684625357176 0.3756494759996982 0.6129025012183408
489 1280 4 5120 3.1622776601683788e-06 256 0.1 1.3147406260172525 -0.0303741208524686 0.8424722004704144 0.8232637067703024 1.3704041780922676 1.1706426346636567
496 40 5 256 0.0001 1024 0.0 0.022786315282185873 0.47472122938714234 0.6966723005036481 0.7247050856965634 0.6986241282103192 0.8358373814387098
494 40 1 8192 3.1622776601683795e-05 32 0.2 0.09916891654332478 0.7034556346580478 0.8439773701554627 0.8270744347390636 0.39440590464181347 0.62801743975929
487 2560 4 7168 1e-05 1024 0.3 2.4648480375607806 -3.655707191180901 0.831256047176742 0.8092954516462686 6.192120374189846 2.4883971496105373
499 40 1 7168 3.1622776601683788e-06 64 0.0 0.050746357440948485 0.5689562060923693 0.7585231757741251 0.7746886414638702 0.5732910058174275 0.7571598284493357
466 2560 5 256 3.1622776601683788e-06 16 0.1 9.807318381468455 -3.5695106814906836 0.8358562287062752 0.8157932667123698 6.077478464396231 2.4652542393019488
485 5120 4 5120 3.1622776601683788e-06 256 0.0 5.118610032399496 0.7266602427789413 0.8532628429171567 0.841099110756826 0.3635436272647797 0.6029457913152555
293 10240 3 8192 3.1622776601683795e-05 32 0.3 89.99337607224783 -0.0988496825742411 0.786432449875365 0.7839908240552523 1.4614771136228057 1.2089156768041374
453 10240 3 512 1e-06 32 0.1 19.10041301647822 -1.0654347586146544 0.8320133622934094 0.8123660381637225 2.747041453681649 1.657420119849415
474 10240 5 1024 3.1622776601683795e-05 64 0.3 11.747228193283082 -0.3381503279895455 0.718820207985763 0.7274344017308354 1.779748504237695 1.334072151061439
493 10240 4 512 1e-05 128 0.3 6.011652763684591 -2.658018473078978 0.7457916325615033 0.7233404461105404 4.865187991036409 2.2057171149166908
482 640 5 7168 0.0001 16 0.2 15.69667284488678 0.6749997833285425 0.8231690642391847 0.8047279638778899 0.4322523691093639 0.6574590246618901
498 10240 5 6144 1e-05 512 0.3 12.37589776913325 -2.2981075427834257 0.72666235571667 0.7411139735939692 4.386504149278003 2.094398278570244
456 5120 2 8192 3.1622776601683795e-05 32 0.2 27.77529889345169 0.6873813205031546 0.8350922476880094 0.8178547129460052 0.4157848453896735 0.6448138067610475
492 10240 5 8192 3.1622776601683788e-06 1024 0.2 15.376384445031483 -7.186182248094118 0.8428512257229313 0.825622800300987 10.887674805081021 3.299647678931952
495 2560 3 6144 1e-05 32 0.1 14.645351135730744 -0.6417060832368342 0.8445092816562125 0.8269345425934949 2.1834796023466714 1.4776601782367527
444 10240 3 2048 1e-06 16 0.3 35.23236951828003 -7.975896790465871 0.8288439767614877 0.8149158351600708 11.938000202880323 3.4551411263333835
497 10240 2 4096 1e-05 32 0.2 25.244320007165275 -2.586757802116397 0.8427969123218984 0.8240855349131987 4.7704108423828835 2.1841270206613177
303 10240 5 8192 1e-06 16 0.3 314.1799076159795 -2.825038518389442 0.833457029944955 0.829204850196509 5.087325720708089 2.255510079939367
