9 640 2 512 3.1622776601683788e-06 1024 0.0 0.11748202244440714 0.5419340378475481 0.7423583968490243 0.7438456856728951 0.6092306626026521 0.780532294400848
8 640 5 256 0.001 1024 0.0 0.1326629320780436 0.6155407954595007 0.8069978093316728 0.7988941849409787 0.5113332036837593 0.7150756629083103
23 640 1 32 0.001 1024 0.1 0.1298980712890625 0.5572969701669128 0.7905166869345701 0.7894249796060995 0.588797864250935 0.7673316520585705
16 640 2 2048 1e-07 1024 0.2 0.13209771315256755 -2.375593150434728 0.014953914171212628 -0.0028431834486755962 4.48956050358503 2.1188583019128555
20 640 1 2048 1e-05 512 0.0 0.14579115708669027 0.6038492445226197 0.7946695535557418 0.7933142761507167 0.5268830412893707 0.7258670961611159
30 640 4 1024 3.1622776601683795e-05 1024 0.0 0.14777134656906127 0.6971098265114898 0.8379846980694726 0.828724019327787 0.402845870108163 0.6347014023209362
15 640 5 1024 0.001 1024 0.25 0.14743488232294719 -0.02066054381230331 0.8329655544567984 0.8195425605247418 1.3574850584340112 1.1651116077157635
27 640 3 256 1e-05 1024 0.2 0.14759996732076008 0.3184867696059308 0.7695062827445909 0.7674676632589629 0.9064169600693178 0.952059325918988
12 640 4 256 0.001 512 0.25 0.1641569455464681 0.1520845153263216 0.8359190039686697 0.8226752967542983 1.1277330237143202 1.061947749992588
11 640 3 2048 1e-07 512 0.2 0.1798225442568461 -0.2010795996097119 0.3260859023356427 0.3349737515558512 1.597443557845539 1.263900137608007
19 640 5 256 3.1622776601683795e-05 512 0.25 0.1835875391960144 -5.505213027980578 0.8060361309058285 0.7902225307158565 8.651974979291307 2.9414239713600123
32 640 4 1024 3.1622776601683795e-05 512 0.0 0.18681453863779704 0.6980695976201999 0.8381601116694481 0.8313553555668224 0.40156936838828233 0.6336950121219846
25 640 5 2048 3.1622776601683788e-06 1024 0.0 0.19070024092992147 0.6656636344367257 0.8162128663438472 0.8090875118325258 0.4446695069136907 0.6668354421547273
18 640 5 2048 1e-05 512 0.0 0.20457934935887653 0.6836583441776685 0.8285757185818997 0.8183432848820709 0.4207364277403286 0.6486419873399567
1 640 2 256 0.0001 256 0.0 0.21184414227803547 0.6386808905647492 0.8095984719704894 0.7974784174482614 0.48055672903060237 0.6932219911619959
28 640 3 4096 0.001 1024 0.2 0.24711978435516357 -0.35297121963400824 0.805769777469103 0.7997911903349898 1.7994603850211728 1.3414396687966152
33 640 4 32 3.1622776601683788e-06 256 0.0 0.2532774051030477 0.30627703093524417 0.642001494443047 0.6714901872466315 0.9226559906787827 0.9605498376860946
24 640 4 512 0.0001 256 0.0 0.26280010541280113 0.6857945154773148 0.8343252230642486 0.8209654792891955 0.4178953062341574 0.6464482239392088
10 640 4 2048 3.1622776601683795e-05 256 0.25 0.2837885896364848 -2.914568934780544 0.8319304169052573 0.8215836956721561 5.2064017477604745 2.2817540944984573
26 640 4 256 1e-05 256 0.1 0.2953025897343953 0.2753635536363245 0.818361546412103 0.7970755870485841 0.9637711134215303 0.9817184491602112
13 640 4 32 0.001 256 0.1 0.3301088809967041 0.5158785053504964 0.8233502670708281 0.8131008866279951 0.6438846876540937 0.8024242566461296
43 640 4 32 1e-07 1024 0.25 0.13066133260726928 -25.808748581512564 0.08402710953712732 0.06383549539662761 35.65580726652423 5.971248384259712
37 640 1 512 3.1622776601683788e-06 512 0.25 0.13961718479792276 0.46786643914602344 0.7202174401523886 0.7152908788020502 0.7077410431213842 0.8412734651237873
42 640 1 256 0.001 512 0.0 0.13943681716918946 0.5912574136459235 0.792089047253004 0.7814422803745692 0.5436302569793174 0.7373128623449596
39 640 1 512 3.1622776601683795e-05 512 0.1 0.14164813359578451 0.6065048698542367 0.7982273904365924 0.7954215789928071 0.5233510425946784 0.7234300536988205
44 640 2 32 1e-07 512 0.2 0.14812385241190593 -30.792187373755983 -0.08548711146357749 -0.11940113482549786 42.283812768552274 6.502600462011507
54 640 5 512 1e-05 1024 0.2 0.1570839325586955 -1.737903798052912 0.7839738134511689 0.7728978745516875 3.6414295818708973 1.9082530183051978
46 640 4 1024 1e-07 1024 0.1 0.1531724254290263 -8.857269496774016 0.010107954868806206 0.038609236896910135 13.110231545590947 3.6208053725091256
40 640 4 2048 0.0001 1024 0.25 0.1680654764175415 -1.4238737688420415 0.8075373901560525 0.7994690144845888 3.223767632324872 1.795485347287711
51 640 1 2048 0.0001 512 0.0 0.15972217321395873 0.6433481263172041 0.812964806093369 0.8021251590013498 0.4743492755961022 0.6887301907104858
50 640 1 32 0.001 256 0.2 0.22413419087727865 0.6644658740575753 0.8218839175086237 0.8033575000602462 0.44626253588707276 0.6680288436041312
34 640 3 256 0.0001 256 0.25 0.2309390942255656 -0.886822718654638 0.8227935651262419 0.8076847935676165 2.509486296903952 1.5841358202199558
45 640 5 32 0.0001 1024 0.2 0.24009767770767212 -2.1215203212410323 0.7174790731860093 0.6928110404092117 4.151642013960408 2.037557855365194
49 640 2 256 1e-07 256 0.1 0.25500134627024335 -28.99004339121278 0.08032153183544877 0.060883384071758105 39.88694973286403 6.315611588188751
52 640 4 256 3.1622776601683788e-06 256 0.2 0.29678019682566326 -0.6796849114815287 0.7862603174565719 0.7733523120669897 2.233991687085871 1.4946543704435051
48 640 4 4096 1e-05 256 0.25 0.5068945765495301 -3.4078580364057522 0.8243631729612929 0.8114704703965039 5.862479411391313 2.421255750925811
17 640 3 256 1e-05 16 0.0 1.9585921088854472 0.6552816684151854 0.8147357396792383 0.8033794330843868 0.458477588196788 0.6771097312820042
22 640 2 2048 3.1622776601683795e-05 16 0.2 1.9905732949574788 0.6425289525213675 0.8127140851800083 0.7966740468267971 0.47543878198963363 0.6895206900373865
0 640 4 256 0.001 16 0.2 2.2989140868186952 0.6222298743920796 0.8233393427696634 0.8055237034867343 0.5024366858740817 0.7088276841899459
3 640 1 512 3.1622776601683795e-05 16 0.0 2.371085830529531 0.6229924777191862 0.8046069280852342 0.7999064585139606 0.5014224185661749 0.7081118686804896
29 640 5 32 3.1622776601683795e-05 16 0.1 3.0275950113932293 0.4840509045167166 0.8180306686679709 0.8079587536271338 0.6862156005512255 0.8283813134971271
61 640 2 512 0.0001 1024 0.1 0.12187028328577677 0.6031428252261612 0.8118481091481384 0.8066654793095747 0.5278225834767761 0.7265139939992733
56 640 2 512 1e-07 1024 0.1 0.12247097094853719 -29.324988576553473 -0.06664558252139687 -0.07207505061506811 40.33242897397989 6.350781760852745
38 640 3 512 3.1622776601683788e-06 16 0.2 2.221514610449473 -0.5072057722180257 0.8174604697198857 0.8017373683896544 2.0045933275027443 1.41583661751727
57 640 4 256 0.001 1024 0.2 0.13378324906031291 -0.9973702432226841 0.7973974560603976 0.7854513791518868 2.6565152124016262 1.629881962720499
64 640 1 1024 1e-07 512 0.2 0.14193564256032307 -20.880755262950377 0.1280351055122732 0.10972373164129771 29.101544599502766 5.394584747643026
66 640 3 2048 3.1622776601683788e-06 1024 0.25 0.16659872531890868 -0.057276255807798826 0.7863757041253976 0.7820040238281458 1.4061841898339107 1.1858263742360897
68 640 5 1024 0.0001 512 0.0 0.19555699030558268 0.6769340090037088 0.8263132265382125 0.8178027372081258 0.42967983657678416 0.6554996846504079
71 640 2 1024 1e-07 256 0.1 0.24400760332743326 -0.08782492054163127 0.2819015801407619 0.282463585132002 1.4468141095292424 1.202835861424676
65 640 3 32 3.1622776601683788e-06 256 0.1 0.2568759600321452 -0.0995698594140293 0.5420050415537582 0.5638497242764332 1.4624349534309278 1.2093117684993095
70 640 4 1024 1e-05 256 0.0 0.2673586130142212 0.685334841771722 0.8288157278883638 0.8227174302779835 0.41850667520582985 0.6469209188191628
67 640 3 1024 0.0001 256 0.1 0.26561925411224363 0.3261335100511046 0.8198420211575954 0.8059820167875742 0.8962467463161001 0.9467030930107391
21 640 1 512 1e-07 8 0.0 3.4781781832377114 0.4261582698753773 0.6911602068289453 0.6956275356066642 0.7632131753036102 0.8736207273775103
6 640 2 512 3.1622776601683795e-05 8 0.0 3.849422760804494 0.651157632033541 0.8164438284957524 0.8112042514043306 0.46396258299007154 0.6811479890523582
31 640 1 4096 0.0001 8 0.0 4.158828262488047 0.5970308053082385 0.7935596402760301 0.7844122330165546 0.5359516091021234 0.7320871594981866
14 640 3 1024 0.001 8 0.25 4.3823520342508955 0.20453359456345366 0.4548344243989328 0.33882854294651454 1.0579754125039456 1.0285793175559896
73 640 4 512 0.001 1024 0.0 0.12985047499338787 0.6212514028674391 0.8053700637924808 0.7964937168199137 0.5037380592668861 0.7097450663913671
84 640 3 1024 1e-05 1024 0.2 0.1468530774116516 0.04321957750562622 0.816995947395297 0.8074434197153939 1.2725240880646225 1.1280620940642507
72 640 2 1024 1e-05 512 0.2 0.15603973468144736 0.5907067529718835 0.82799814827284 0.8133119965931264 0.5443626392016032 0.7378093515276173
74 640 4 2048 1e-07 512 0.0 0.1854065457979838 0.008055284306185073 0.29922927335997795 0.29332909470456286 1.3192928231725138 1.1486047288656416
77 640 5 2048 0.001 1024 0.0 0.18742814461390178 0.6345058347138708 0.8047681516325977 0.7927121316980508 0.4861095800446386 0.6972155907928613
75 640 3 512 3.1622776601683795e-05 256 0.2 0.22125643094380695 -0.5671620783143354 0.8200303289809558 0.7997602997900658 2.0843355985036736 1.4437228260658876
78 640 2 32 3.1622776601683788e-06 256 0.0 0.22660793463389078 0.18946293687934024 0.5918917881106731 0.6067617044385664 1.07801948371938 1.0382771709516587
81 640 5 1024 0.001 256 0.25 0.3030091921488444 0.4266881704364619 0.8214736042343385 0.8144822515109986 0.7625084041644797 0.8732172720259717
80 640 2 4096 0.0001 256 0.25 0.31416987578074135 0.6580127027594248 0.8228773227465762 0.8091982459577666 0.45484529503247334 0.6744221934607975
62 640 1 256 3.1622776601683795e-05 16 0.2 1.7909608205159506 0.6208206010810927 0.8037463215445851 0.7939316078402664 0.5043110284010974 0.7101485960002297
63 640 1 512 0.0001 16 0.25 1.843551802635193 0.6112378659623403 0.8001481077818487 0.7919283301983855 0.5170561274661098 0.7190661495760385
5 640 4 32 0.001 8 0.0 4.915924541155497 0.6537493696069647 0.8195799595639832 0.8123184121684459 0.46051555542284195 0.6786129643786964
59 640 5 256 1e-07 16 0.0 2.197929298877716 0.4620365097521473 0.6848238646174576 0.696670773449021 0.7154948865435588 0.8458693081933868
35 640 4 256 0.0001 8 0.25 4.631945021947225 0.5112818791181566 0.8307337884756247 0.8190318712534083 0.6499982299747366 0.8062246771060388
97 640 2 32 1e-05 1024 0.1 0.11987499396006267 -0.13576600588752785 0.5050582575403537 0.5127910817039841 1.5105760600001445 1.229054945883277
88 640 1 1024 3.1622776601683788e-06 1024 0.2 0.11626317103703816 0.3671022728130432 0.6826632124725397 0.7027636938308196 0.841758029524784 0.9174737214355427
94 640 3 1024 0.0001 512 0.25 0.16425488789876302 -0.7110189199134009 0.8316113884204427 0.8153626421947059 2.2756661189280543 1.5085311130129382
87 640 5 512 1e-05 512 0.25 0.1774989088376363 -4.877550289267888 0.803691667590305 0.787356234651826 7.817179517956282 2.7959219441816114
99 640 3 1024 3.1622776601683788e-06 512 0.25 0.19109846353530885 -0.17153095880135338 0.7983903655839758 0.7945734160475124 1.5581436763741177 1.2482562542900066
95 640 2 512 0.0001 256 0.0 0.19544233083724977 0.6579852512760993 0.8191353722963953 0.808271382161144 0.4548818056810647 0.6744492610130615
93 640 2 512 1e-07 256 0.1 0.20805970827738443 -8.51104851429524 -0.017884140087748412 -0.045248013113118206 12.649755422083903 3.5566494657309007
98 640 2 512 3.1622776601683788e-06 256 0.25 0.21044133901596068 0.6292756355245639 0.8103470246565339 0.798219606215311 0.4930657784547375 0.7021864271365101
76 640 2 1024 1e-05 16 0.2 2.0710458636283873 0.5138099521929094 0.8300960505643408 0.811744504180472 0.6466358765983753 0.8041367275522088
55 640 1 256 3.1622776601683788e-06 8 0.1 3.448728632926941 0.6080561814596049 0.7969293666641669 0.7859273810690752 0.5212877882266816 0.7220026234209137
103 640 3 512 0.0001 1024 0.2 0.13087782859802247 -0.5060986831217336 0.808181929459256 0.7995790850897716 2.0031208919161205 1.4153165341774683
102 640 3 256 1e-07 512 0.25 0.1847806175549825 -26.64281944582532 -0.11727641642133761 -0.1453984036326508 36.76512685651313 6.0634253402275125
82 640 4 2048 3.1622776601683795e-05 16 0.1 3.0822887500127156 0.2668217155919218 0.8321647728499864 0.816354309783663 0.975131812712922 0.9874876266125677
104 640 5 4096 3.1622776601683795e-05 1024 0.25 0.3458049774169922 -1.7780276822226257 0.8070101630808642 0.7948442943297286 3.694794604724901 1.9221848518612619
100 640 3 256 1e-07 16 0.25 2.177424748738607 -0.0009923544179191168 0.5550689909603055 0.5735665700418607 1.3313262406064879 1.1538311144212086
41 640 1 1024 0.001 4 0.2 6.940878132979075 -24.333070953426454 0.1965917262671057 0.5820557571823392 33.69314657258776 5.80457979293831
91 640 2 1024 0.001 16 0.2 2.494070557753245 0.6396649834171022 0.8170550832298218 0.81333795173119 0.47924787923594764 0.692277313824415
89 640 4 1024 3.1622776601683788e-06 16 0.25 2.535150146484375 -3.793680323016588 0.8201297414151199 0.8040114359396642 6.375625522956265 2.525000103555694
90 640 3 256 0.0001 16 0.2 2.662353980541229 0.3006256327539495 0.8213819331822338 0.8062967060358107 0.9301723864451106 0.9644544501660566
83 640 1 2048 1e-07 8 0.1 4.286938746770223 0.60534309548701 0.7864011307620444 0.7830286462466521 0.5248962099417879 0.7244972118247163
112 640 2 256 0.0001 16 0.1 1.9683712561925253 0.6186079799232445 0.8161621679549852 0.8012218133045621 0.5072538287081761 0.7122175431061609
119 640 3 256 0.0001 1024 0.1 0.13691469033559164 0.3965414600717386 0.8207179318409216 0.8109742311175455 0.802603721975232 0.8958815334491675
124 640 2 256 0.0001 1024 0.25 0.1425116737683614 0.3673966339505089 0.8049302295264171 0.7907415508501409 0.8413665273271965 0.9172603378142961
116 640 3 1024 3.1622776601683788e-06 512 0.2 0.18794520696004233 0.1978231434456741 0.8093698495597297 0.8034203870168576 1.0669003554567837 1.0329086868919168
108 640 4 32 0.001 16 0.1 2.246762235959371 0.628184355922676 0.8127616312485395 0.8063963999263678 0.4945171873125772 0.7032191602285714
120 640 2 2048 3.1622776601683788e-06 256 0.2 0.32337677081425986 0.5740443098282022 0.839468649340575 0.8269575814843987 0.5665237952702687 0.7526777499503149
4 640 2 32 3.1622776601683788e-06 4 0.2 9.322012754281362 0.27711060499512674 0.7810176937559967 0.7601288365193035 0.9614475239281689 0.9805343053295835
111 640 4 1024 3.1622776601683788e-06 16 0.1 2.4672486384709678 -0.022729565376469862 0.8228894649654998 0.8103573786369265 1.3602368703620427 1.166291931877282
107 640 5 512 1e-05 16 0.2 2.6625325520833334 -2.388007256431626 0.8163988812311032 0.8025779377165072 4.5060713440468945 2.122750890718667
86 640 2 2048 3.1622776601683788e-06 8 0.0 4.59384982585907 0.7001649440854865 0.837057472657449 0.8295639251345814 0.3987825441732061 0.6314923152131038
47 640 2 512 3.1622776601683795e-05 4 0.0 9.37312582731247 0.6486883770659989 0.8144447644712843 0.8125623295142244 0.46724670790723777 0.683554465940526
79 640 2 4096 3.1622776601683788e-06 8 0.1 6.089683171113332 0.6655631340910245 0.8339637268662641 0.8226576028860841 0.4448031730169646 0.6669356588284694
110 640 1 1024 0.001 8 0.1 3.5231359203656516 -1.3632825070188619 0.45626748725758126 0.6445465545255947 3.1431808661416634 1.7729018207846885
53 640 2 512 1e-05 4 0.2 9.730655407905578 0.5372231480458627 0.825287283544939 0.811563805551334 0.6154961762021403 0.784535643678565
96 640 5 512 0.0001 8 0.1 5.201678717136383 0.6244230207053312 0.8273577076206194 0.8185104182122445 0.4995197872350115 0.7067671379139041
114 640 2 1024 1e-05 8 0.0 3.855083934466044 0.6887597738241868 0.8323581011644032 0.8217885390589612 0.413951493646634 0.643390622908536
131 640 4 512 0.001 1024 0.25 0.15476373434066773 -2.4348031831981647 0.8119283300860235 0.8036478269478614 4.568310226274941 2.1373605746983686
128 640 5 2048 1e-07 1024 0.1 0.19905307690302532 -1.2189304656174187 0.007248851225499597 0.022779528285717183 2.951191726809416 1.7179032937885113
129 640 4 2048 1e-05 512 0.1 0.21826831499735513 0.19629705959333954 0.8262511648074577 0.8104684813844217 1.0689300567517153 1.0338907373372273
135 640 4 256 3.1622776601683795e-05 512 0.2 0.2692870259284973 -1.9318070899945292 0.8151803947982446 0.7939133610386704 3.899322201692125 1.9746701500990298
113 640 3 2048 0.001 8 0.0 4.173484174410502 0.6303395187091893 0.8042072322839653 0.7906753427979882 0.4916508070072729 0.7011781563962706
92 640 5 1024 3.1622776601683788e-06 8 0.0 5.889357205231985 0.6964518507635702 0.8354020576023019 0.8269009242438877 0.40372098206583357 0.6353904170396604
7 640 2 4096 0.0001 4 0.0 11.318142739931742 0.6163098845685824 0.800809917130951 0.7937907941390614 0.5103103102442981 0.714360070443679
122 640 3 256 0.001 16 0.25 2.629717512925466 0.6578792896247585 0.8227359798322282 0.8100814982410443 0.45502273535580734 0.6745537305180421
106 640 5 256 3.1622776601683788e-06 8 0.2 4.85338940223058 -2.7818112428718464 0.8026900923641068 0.783530451721653 5.02983316749077 2.2427289554225607
139 640 2 256 1e-07 1024 0.1 0.12482059001922607 -42.918486225916574 0.09970415935179619 0.07984295365892279 58.411867885122625 7.642765722244967
141 640 1 512 0.0001 1024 0.2 0.11700866619745891 0.5530052727748889 0.7705620003157964 0.7667524254986277 0.5945058492615363 0.7710420541459048
142 640 3 512 1e-07 512 0.2 0.16416057348251342 -17.584771044199265 0.043875063448180915 0.05417832957419752 24.71786448478312 4.971706395673735
146 640 2 256 1e-07 512 0.2 0.1738787015279134 -38.39393902421453 0.10087211527062179 0.07946327273682556 52.39419113674091 7.238383185265954
138 640 5 2048 1e-05 1024 0.1 0.1848866860071818 -0.06935734234210833 0.827885429976673 0.8150072534791778 1.4222521122782503 1.192582119721007
145 640 3 1024 1e-05 512 0.1 0.1875121037165324 0.5001136628166782 0.8313769988201885 0.8173549348934037 0.6648520291644152 0.8153845897270902
136 640 4 2048 0.0001 512 0.0 0.20414034128189087 0.6764448679000503 0.8281179639457459 0.8131948115784325 0.43033039737656004 0.6559957296938449
143 640 1 4096 3.1622776601683788e-06 256 0.1 0.23665922085444133 0.6049212395804222 0.7998897215693805 0.791786889839348 0.5254572809986411 0.7248843224947282
137 640 3 2048 0.0001 512 0.25 0.2842653155326843 -1.1364284720676379 0.8248292866994476 0.8065620807671977 2.841463547138113 1.6856641264315122
150 640 2 4096 1e-07 512 0.2 0.2163005789120992 0.2485386634145218 0.5190163750381029 0.5491171829434248 0.9994483891729935 0.99972415654169
69 640 2 32 1e-05 4 0.1 9.37938562631607 0.5017659787059059 0.7933775806906564 0.7707747578148806 0.6626544384521675 0.8140358950637051
60 640 4 2048 0.0001 4 0.0 9.446274586518605 0.6726282366834365 0.8238857161082692 0.8109071763630955 0.4354065413320757 0.6598534241269615
134 640 2 1024 3.1622776601683788e-06 16 0.0 1.894183882077535 0.6557319855596457 0.811912570639132 0.8039575065038361 0.4578786635113306 0.676667321149271
2 640 5 4096 1e-07 8 0.25 13.087853034337362 -3.2676819824133965 0.7236028239578757 0.6981789545409322 5.676044362051484 2.38244503862135
163 640 2 256 3.1622776601683795e-05 1024 0.25 0.12330248753229776 0.5990220794434185 0.8098453939625616 0.7977148886244998 0.5333032017524512 0.7302761133656579
36 640 5 4096 0.001 8 0.0 12.434891970952352 0.6285414617732732 0.7981995136203253 0.7928942074499755 0.4940422342447782 0.7028813799246486
58 640 5 1024 3.1622776601683795e-05 4 0.25 10.344246212641398 0.51060451065767 0.825066896399707 0.8211838142505142 0.6508991343642907 0.8067832015878186
155 640 2 256 0.0001 512 0.2 0.1483200430870056 0.4964709112548552 0.8127675647370115 0.8023981975052308 0.6696969120657291 0.8183501158219073
162 640 2 256 0.001 512 0.0 0.16560861666997273 0.6207440804521092 0.8037949826643724 0.7946188303092624 0.5044128013275978 0.7102202484635297
152 640 2 512 3.1622776601683788e-06 512 0.1 0.1607131520907084 0.6286966701131327 0.7936648790984915 0.7844657938301283 0.4938358061589851 0.7027345203979843
156 640 5 32 1e-07 256 0.0 0.22508784532546997 -36.98704029280591 -0.12078435698892387 -0.10411429620845301 50.523006815768284 7.107953771358413
157 640 5 1024 0.001 256 0.0 0.23457301457722982 0.6481894067074321 0.8138987342550715 0.8018064113379154 0.46791034167897744 0.6840397222961379
158 640 1 256 3.1622776601683788e-06 512 0.0 0.23764094114303588 0.39423678319086153 0.6921334197010426 0.697415845603692 0.8056689569833604 0.8975906399820357
125 640 5 1024 0.001 16 0.1 2.7077133297920226 0.6595502273195857 0.8223062570180205 0.8061347430651972 0.4528003775228791 0.6729044341679427
164 640 1 512 3.1622776601683788e-06 512 0.2 0.16869442462921141 0.47713213767248897 0.7264140153329245 0.7227745372254882 0.6954176047540597 0.8339170251014544
154 640 5 4096 3.1622776601683788e-06 512 0.1 0.4346762935320536 0.09615231580296146 0.8269240617585054 0.8113596994090377 1.2021232072073682 1.0964137937874405
101 640 1 1024 0.001 4 0.1 6.893414862950643 -10.991168495374135 0.27686653240685233 0.6450696092524499 15.948330876821354 3.9935361369119167
167 640 4 1024 0.001 1024 0.1 0.13703018824259441 0.15362605514132877 0.7909697460817744 0.7807545786966423 1.1256827658900712 1.0609819818875679
165 640 3 1024 1e-07 512 0.25 0.1884191155433655 -2.2692955460612003 0.05282886759237308 0.06251885042813553 4.34818400915778 2.0852299655332454
115 640 2 256 3.1622776601683788e-06 4 0.0 7.077774083614349 0.6350417021661274 0.8073879890208608 0.8016856506873532 0.48539687290204414 0.6967042937301622
171 640 4 4096 3.1622776601683795e-05 512 0.0 0.3409609874089559 0.7013058540841559 0.8383500595249902 0.8286324535597783 0.3972651265698696 0.6302897163764213
132 640 1 4096 3.1622776601683795e-05 8 0.1 3.488719876607259 0.6193832973265438 0.8047705923791979 0.7954427747724387 0.5062226515975262 0.711493254780062
133 640 1 1024 0.001 8 0.25 3.5319615840911864 -1.219107455048051 0.48627360711475703 0.5921365796305087 2.9514271238853986 1.7179718053231836
105 640 2 32 3.1622776601683788e-06 4 0.1 7.445739634831747 0.5180910233517759 0.7900818493497264 0.7704185212681671 0.6409420245459118 0.8005885488476036
181 640 2 4096 0.0001 512 0.1 0.23472798665364583 0.661753688403633 0.8203820206970396 0.8095143395409689 0.44986976017260655 0.6707233111892016
179 640 3 2048 0.001 256 0.1 0.24805317719777426 0.3860759938146009 0.8049746174416793 0.7941237337592926 0.8165228591063156 0.9036165442854152
172 640 1 32 1e-05 16 0.2 1.7478987216949462 0.4882067286390034 0.7748486476674881 0.7611365391763298 0.6806883278593545 0.8250383796280961
149 640 1 4096 1e-07 8 0.2 4.2934576869010925 0.6227703651825518 0.7983811340248175 0.7852393844933448 0.5017178296620577 0.7083204286635094
118 640 2 32 3.1622776601683788e-06 4 0.25 7.456831769148509 0.1615561866255545 0.7778206756382856 0.7573068119880341 1.1151356402403967 1.055999829659265
109 640 5 1024 0.0001 4 0.0 9.604178734620412 0.6761555583409146 0.8269705673005399 0.8128508941138227 0.43071518094262407 0.6562889462291926
186 640 1 512 0.001 1024 0.25 0.14045348167419433 0.43043956977969344 0.7592626418453335 0.7440467322504795 0.7575190190182343 0.8703556853483719
185 640 5 1024 1e-07 256 0.0 0.23527998129526775 0.10974472731120699 0.4044710755017215 0.42894474291268786 1.1840452128708663 1.0881384162278558
127 640 5 2048 0.0001 8 0.0 6.005104776223501 0.674368042280183 0.8249846269594561 0.8180720474857577 0.43309258874864215 0.6580977045611405
166 640 1 4096 0.0001 8 0.2 3.470825433731079 0.5481890097844349 0.7678762937729741 0.7561831407697536 0.6009115098767784 0.7751848230433684
123 640 1 1024 3.1622776601683795e-05 4 0.1 8.355106369654338 0.6205335413512568 0.8072850024965017 0.7958367951002346 0.5046928196797873 0.7104173559815296
175 640 3 512 0.0001 16 0.1 2.253897742430369 0.5041809137646227 0.8144360470636922 0.802257899875182 0.6594425593615426 0.8120606869942312
168 640 2 2048 1e-05 8 0.0 3.710856513182322 0.6904816609353677 0.833794720911897 0.8235600638894611 0.41166137276373244 0.6416084263503188
189 640 1 2048 1e-05 1024 0.2 0.11833086411158243 0.594878158552886 0.7880414807505525 0.7790147553800264 0.538814643069874 0.7340399465082769
153 640 4 1024 3.1622776601683788e-06 8 0.0 4.527949217955271 0.6946109501303923 0.8346767459765871 0.8270820652197309 0.40616939169502003 0.6373142017051088
188 640 3 512 1e-05 256 0.1 0.26653310855229695 0.4756672965273452 0.8256336480993702 0.8092625705411705 0.6973658528562982 0.8350843387684254
148 640 4 1024 0.001 8 0.2 5.946862256526947 0.39034645973182425 0.7625408244613416 0.7383151353431934 0.8108431120931417 0.9004682737848911
184 640 1 2048 3.1622776601683788e-06 8 0.0 3.3522830883661907 0.6298322794157735 0.8070261075880671 0.8060624501634981 0.4923254385153065 0.7016590614502933
85 640 5 4096 3.1622776601683788e-06 8 0.2 13.36758064031601 -4.436787826387706 0.8326017484452298 0.8209969596297269 7.230962620177921 2.689044927140103
117 640 5 512 3.1622776601683795e-05 4 0.1 10.108568890889485 0.5190176115133679 0.8249445391920064 0.8178589521019315 0.6397096563581647 0.7998185146382676
198 640 1 32 0.001 1024 0.25 0.12020562092463176 0.5357602487645592 0.7676152340816507 0.7592147639149107 0.6174418416130377 0.785774676108258
183 640 2 512 0.0001 8 0.2 3.983163956801097 0.6193220565550195 0.8112641858568103 0.7937813574093471 0.5063041022157708 0.7115504916840202
191 640 2 256 0.0001 512 0.0 0.14865827163060505 0.6293982246721952 0.8071132067458994 0.8000191094749245 0.4929027341034646 0.7020703199135145
197 640 2 256 3.1622776601683788e-06 256 0.0 0.2144671360651652 0.5873885416777299 0.7787310734903284 0.771061545928853 0.5487758814689253 0.7407940884408604
193 640 4 1024 1e-07 256 0.0 0.23412442604700726 0.10607187320787737 0.40597639582344663 0.41850216136601315 1.1889301323451267 1.0903807281610982
170 640 5 1024 3.1622776601683795e-05 8 0.25 5.278310259183248 0.30329145153643733 0.8151133389192109 0.8207161431962767 0.9266268303954927 0.9626145803983507
126 640 3 512 3.1622776601683795e-05 4 0.1 8.515669147173563 0.36963317557094477 0.8282472613201965 0.8148892574955241 0.8383919126517165 0.915637435151991
187 640 1 32 3.1622776601683795e-05 16 0.0 2.1475581884384156 0.4525164502855503 0.7350828494340689 0.7306619107420144 0.7281566265898999 0.8533209399691888
180 640 5 512 0.001 8 0.0 4.839760545889536 0.662709725517954 0.8180612844846538 0.8031494732956181 0.4485982246891717 0.6697747566825519
151 640 1 512 0.0001 4 0.1 6.854351282119751 0.6241117976435189 0.8064094729386339 0.7887654406684138 0.4999337158999447 0.7070599096964448
211 640 5 1024 1e-05 1024 0.25 0.1439052661259969 -4.512419420703123 0.7872662099732832 0.7771801592817877 7.331553124877202 2.707684088825209
208 640 4 1024 3.1622776601683795e-05 1024 0.2 0.13889994223912558 -1.828160766663355 0.8204240010866786 0.8066606872202665 3.761471928027031 1.939451450288723
205 640 3 2048 1e-07 1024 0.0 0.14280266364415486 -0.8003740167126165 0.10285246414628062 0.1160025850882478 2.3945089698006816 1.5474201012655489
209 640 3 1024 0.0001 512 0.2 0.1642126719156901 -0.2616728102871022 0.8324418634333948 0.8151803584898738 1.678032916017327 1.2953890983088159
213 640 3 512 1e-07 512 0.25 0.1594249447186788 -18.01146380639553 0.044834477527614755 0.05632724986881691 25.285368590565312 5.028455885315622
207 640 3 512 1e-05 512 0.2 0.16306580702463785 -0.06667530110665565 0.8135739048675507 0.7982965376798175 1.4186849802623187 1.1910856309528375
173 640 2 1024 1e-07 4 0.0 7.270367272694906 0.6212808830099212 0.789338630798418 0.7827818167850634 0.5036988504886271 0.709717444120283
206 640 1 2048 0.001 256 0.1 0.20689680178960165 0.5349385914792203 0.7727503681936068 0.7656411768503225 0.6185346510635088 0.786469739445523
202 640 5 2048 3.1622776601683788e-06 256 0.1 0.3532138387362162 -0.1753706303668896 0.8260588570938832 0.8108326433096061 1.5632504641412246 1.250300149620572
214 640 4 4096 0.0001 512 0.25 0.3570253928502401 -2.3292028730175414 0.8141073622648478 0.7960214748497207 4.427861137588943 2.1042483545411037
140 640 5 256 0.0001 4 0.1 9.53734701871872 0.6483400827615904 0.8233397517507948 0.8153054688830386 0.46770994156218665 0.6838932238019226
130 640 4 256 3.1622776601683795e-05 4 0.25 11.114728363355 0.4769924469296556 0.8318552786911892 0.8135934028221837 0.6956033943364505 0.8340284133867686
144 640 2 2048 0.0001 4 0.25 9.847541014353434 0.6522026321531295 0.8155121046279274 0.7970824802847425 0.46257272614001205 0.6801269926565274
169 640 3 256 0.0001 4 0.1 8.119379715124767 0.6350355839937863 0.8175317654427601 0.799458619337013 0.48540501011043163 0.6967101334919936
121 640 5 4096 3.1622776601683795e-05 8 0.25 13.199631174405416 0.4276190276933952 0.8189210062430263 0.8204863440828443 0.7612703580525941 0.8725080848064356
161 640 2 512 1e-05 4 0.0 9.02881395816803 0.674802406045486 0.8276404246699016 0.8169198500464608 0.4325148821596114 0.657658636497394
190 640 5 32 3.1622776601683795e-05 8 0.2 4.858023615678151 0.38826277620975436 0.8256733641411741 0.8165570886173226 0.8136144245190633 0.9020057785397294
159 640 2 256 0.001 4 0.2 9.268113966782888 0.6749163043082673 0.829599632198917 0.8096398839090109 0.43236339674083585 0.6575434561615193
196 640 1 2048 0.001 8 0.25 3.474616352717082 -11.603163002310625 0.29261691582411153 0.48663913899885836 16.762287489572277 4.0941772665057234
219 640 1 512 0.001 1024 0.1 0.11922359863917033 0.5870657885855752 0.7857832794448905 0.7787805327995404 0.5492051451480392 0.7410837639214877
218 640 1 32 1e-05 512 0.2 0.14087018171946208 -0.29456911210899195 0.5629024709297042 0.5780855102593266 1.7217852080714058 1.3121681325468189
225 640 5 32 1e-07 512 0.25 0.16998522281646727 -37.736972498066386 -0.13842341288783033 -0.11703682854759556 51.52042145048819 7.1777727360573484
216 640 3 2048 1e-07 512 0.1 0.1949798067410787 0.029190980591617288 0.38365046502017586 0.3908339938904885 1.2911822117836311 1.1363019896944786
176 640 3 2048 0.0001 4 0.0 7.925820298989614 0.62937323309535 0.8069277490128902 0.797943596596167 0.49293597306068676 0.7020939916141477
226 640 5 4096 1e-05 1024 0.25 0.353717041015625 -4.5945284623852185 0.7874900252541571 0.7681318836992803 7.440758676048461 2.727775407919146
200 640 1 512 1e-05 8 0.0 4.142512289683024 0.5935269434885375 0.7893874606337741 0.7832946072032473 0.5406117677571212 0.7352630602424693
178 640 1 256 1e-07 4 0.0 8.132883830865223 0.3925265771523214 0.6834072504559421 0.6899307366995118 0.8079435419648572 0.8988567972512959
212 640 4 512 1e-05 16 0.25 2.489577615261078 -2.6529704423744334 0.8089872873054065 0.79169499231131 4.858474077877447 2.204194655169422
204 640 4 2048 3.1622776601683795e-05 16 0.2 2.659483249982198 -1.3646406129399122 0.8267723752421111 0.8088999936916803 3.1449871557124447 1.773411163749807
147 640 4 512 0.001 4 0.2 11.709417633215587 0.6357351501262483 0.8223182150786856 0.8070990835989492 0.48447458267502147 0.6960420839827298
203 640 4 512 0.001 16 0.1 3.0368340373039246 0.6544356303613914 0.8189615074054958 0.8072423128108094 0.45960282422541143 0.6779401332163567
215 640 1 4096 0.001 8 0.0 3.341809864838918 -17.578193205659954 0.10521529387352713 0.4328025222545483 24.70911591740875 4.970826482327536
174 640 4 4096 0.001 8 0.1 10.69903477827708 0.09148431291899306 0.3058308626121625 0.1978136193150201 1.2083316809316933 1.0992414115796827
177 640 5 512 1e-05 4 0.25 9.980534903208415 -0.7256320267588026 0.8334321242890539 0.8243275354232538 2.2951016445983603 1.5149592880993075
194 640 5 2048 0.001 8 0.25 6.606223106384277 0.058407221642556295 0.26558886445225194 0.20844250608970674 1.2523244241178924 1.1190730200116041
229 640 5 512 3.1622776601683788e-06 1024 0.0 0.13048136234283447 0.5907493583717782 0.7696970177241604 0.7720812288091495 0.544305973746946 0.7377709493785629
235 640 4 512 0.0001 1024 0.0 0.128914213180542 0.6629117888316116 0.8182831698016236 0.8025538666832908 0.4483294791882206 0.6695741028356911
247 640 2 32 0.0001 1024 0.25 0.1370789885520935 -0.15380825486607286 0.7272927684286432 0.7078810185539558 1.5345723666639057 1.238778578545781
240 640 1 2048 0.001 512 0.25 0.14393211603164674 0.508076190013963 0.7718225454598282 0.7638215099533898 0.6542618170089465 0.8088645232725604
233 640 1 256 3.1622776601683795e-05 512 0.2 0.14022266070048015 0.5700162877205157 0.787710519027869 0.7771785004816427 0.5718810904644208 0.7562281999928466
241 640 4 512 0.0001 512 0.0 0.1598451018333435 0.6659478822137127 0.8213623347286123 0.8106519078182428 0.44429145555029453 0.6665519151201161
182 640 4 512 0.0001 4 0.0 10.614843559265136 0.6804273813204749 0.8265918330181883 0.8201015024491844 0.42503362902785286 0.6519460322970398
236 640 1 1024 3.1622776601683788e-06 256 0.1 0.1945897380510966 0.538672599481967 0.7727846221187598 0.7788302968038929 0.6135683965114629 0.7833060682207581
238 640 1 256 3.1622776601683795e-05 256 0.2 0.21231791575749714 0.6215006412052533 0.8062301754598646 0.7987337568260462 0.5034065706817508 0.7095115014443041
253 640 1 1024 3.1622776601683788e-06 256 0.0 0.2208621342976888 0.5274811428883135 0.7673372886623546 0.775524086941386 0.6284531054385389 0.792750342439875
250 640 4 512 1e-05 256 0.2 0.28279913663864137 -1.7587726290343144 0.814338398209083 0.7950846213900021 3.6691852606967146 1.915511749036459
237 640 4 4096 0.001 512 0.1 0.3582689881324768 0.4529793448436361 0.7375129054575055 0.708912190903292 0.7275409738637891 0.852960124427742
160 640 5 2048 0.0001 4 0.2 13.375781957308451 0.636816129515478 0.8118405384915224 0.8056725952671776 0.4830368731659684 0.6950085417935296
220 640 3 256 0.0001 8 0.2 4.142792920271556 0.4572705713420663 0.8302131104604284 0.8116363504110125 0.7218336151446827 0.8496079184804498
258 640 1 2048 3.1622776601683788e-06 1024 0.2 0.12204092741012573 0.5375096922658918 0.7533653607153223 0.7577327550030664 0.6151150705547943 0.7842927199424934
256 640 1 32 1e-05 1024 0.1 0.1217754602432251 -1.1415756871155218 0.3617183179848731 0.41995533630421805 2.848309376108782 1.6876935077521575
255 640 1 1024 3.1622776601683795e-05 1024 0.0 0.12580066919326782 0.5293436410106449 0.7752123472134791 0.7767230308240278 0.6259759710104924 0.791186432524277
239 640 1 512 1e-07 16 0.2 1.7934926231702168 0.21549907731512497 0.5905342806336205 0.6028545665768333 1.0433912502335883 1.0214652467086622
243 640 2 2048 1e-07 16 0.0 1.9030218998591104 0.6637887081942393 0.8148621285820234 0.8103600327171587 0.4471631708211193 0.6687026026726076
254 640 5 4096 3.1622776601683795e-05 256 0.1 0.6064341942469279 -0.5902142538280162 0.8342026524055026 0.8202965036217955 2.114995139537107 1.4543022861623738
210 640 5 4096 0.0001 16 0.25 6.5833400845527645 0.6532228963347191 0.8147084109573033 0.8102029627745317 0.461215768245872 0.6791286831270433
245 640 3 256 1e-07 16 0.1 2.122710955142975 0.3445386715935521 0.6284349697995227 0.6419392524575502 0.8717677636186645 0.9336850451938622
234 640 3 1024 0.001 16 0.25 2.255185854434967 0.47442580765115294 0.69971366033214 0.6779332892666307 0.6990170410107339 0.8360723898148616
195 640 2 256 3.1622776601683788e-06 4 0.1 9.288692132631938 0.6877406609015755 0.8335682811322339 0.8196086176327416 0.4153069203589615 0.6444431087062391
264 640 5 512 1e-07 1024 0.25 0.14104323387145995 -26.08766444938376 -0.026822349274734675 0.004247044442573709 36.02676715665684 6.002230181912123
259 640 1 4096 1e-05 512 0.0 0.15321788787841797 0.5967580151734428 0.7942733195392703 0.786177859890983 0.5363144217280432 0.7323349109035041
265 640 5 2048 1e-07 256 0.0 0.29782848755518593 0.42800457938062497 0.6585583109263763 0.6946985338009657 0.7607575718399385 0.8722141777338515
201 640 2 512 1e-07 4 0.25 7.688847510019938 0.5939846615136138 0.7710359637671808 0.7647192157296843 0.5400029998530574 0.7348489639735892
231 640 5 256 0.001 16 0.2 3.1189589460690814 0.6685937588265245 0.8211572639996958 0.8096187368907316 0.44077242271403305 0.6639069382933372
257 640 2 32 0.0001 16 0.25 1.9999623576800027 0.6367496263647565 0.801589798511515 0.7897120771729211 0.48312532278223924 0.6950721709162576
222 640 1 1024 0.0001 4 0.0 6.57694970369339 0.5894074809294524 0.7885824452218595 0.7735751810820384 0.5460906793371152 0.7389794850583575
267 640 1 256 1e-05 1024 0.0 0.10971855719884237 0.4784254921639465 0.7301551789536724 0.7284832057692345 0.6936974349992318 0.8328850070683418
269 640 2 1024 3.1622776601683788e-06 1024 0.25 0.12778981924057006 0.5385702924751761 0.7369808702454442 0.7428681731785094 0.6137044654855539 0.7833929189656708
281 640 5 1024 3.1622776601683788e-06 1024 0.2 0.16322791576385498 -1.057679080347738 0.7524764491880775 0.7585561465328611 2.736726351927998 1.6543053986274716
285 640 5 512 3.1622776601683788e-06 512 0.1 0.19898983637491863 0.2539950328503676 0.7925238154950978 0.7838493099717637 0.9921913828868576 0.9960880397268395
270 640 1 4096 0.0001 256 0.1 0.20151612361272175 0.6622933003857154 0.8216147327565009 0.8121389299927477 0.44915207278136793 0.6701880876152365
271 640 2 512 0.0001 256 0.2 0.20553772449493407 0.5262357528273409 0.8283661076956048 0.8124923650103271 0.6301094821937115 0.7937943576227483
282 640 4 1024 1e-05 512 0.25 0.20274842182795208 -3.257987240598194 0.8139861416375356 0.8014156717481843 5.663150293363028 2.3797374421063826
268 640 2 2048 1e-05 256 0.0 0.20894294182459514 0.6990208683957206 0.8367045456954436 0.8254620441358156 0.40030417216597036 0.6326959555473469
274 640 5 2048 0.0001 512 0.1 0.23778555790583292 -0.4551240403128163 0.8209845485221812 0.8028201962621404 1.9353242905959065 1.3911593332885728
280 640 3 32 0.001 256 0.0 0.25155337651570636 0.5978513567713684 0.7901036478303866 0.7850460789831044 0.5348602704022708 0.7313414184922599
275 640 5 512 0.001 256 0.0 0.272128156820933 0.6241241492230329 0.8070095501752492 0.7915310291325248 0.4999172882201054 0.7070482927071569
284 640 4 2048 1e-05 256 0.0 0.287497611840566 0.6839486103300714 0.827248665822474 0.8171102434408911 0.4203503718990943 0.648344331277057
272 640 4 4096 0.0001 1024 0.25 0.2962517301241557 -0.044058808486926226 0.8047498446154793 0.7883323463816448 1.388604900267464 1.1783908096499498
223 640 1 1024 0.0001 4 0.2 6.8618786334991455 0.5998530433761989 0.8006647161297498 0.7868484206340773 0.5321980144012936 0.7295190294990896
230 640 1 1024 1e-07 8 0.2 4.2964007496833805 0.4755340785846779 0.7285302061375201 0.742382439633803 0.6975430335730237 0.8351904175534006
244 640 3 512 1e-05 8 0.1 4.323854033152262 0.3226885532996112 0.8234415236501585 0.8058642788394985 0.9008285608532199 0.9491198875027432
263 640 1 1024 3.1622776601683795e-05 16 0.0 1.819364885489146 0.6407533312120033 0.8140435398630438 0.8048436375413404 0.4778003697001725 0.6912310537730293
260 640 2 512 0.001 16 0.0 1.8973891456921896 0.6149573183968111 0.8022663462483344 0.78934159725214 0.5121092319130683 0.7156180768490049
224 640 2 256 1e-07 4 0.2 7.529058154424032 0.515964113602142 0.7224129177415474 0.7193285458040888 0.6437708281312657 0.8023533063004512
262 640 4 32 3.1622776601683795e-05 16 0.0 2.1081040183703106 0.5355068438914323 0.7619120841760709 0.7581250059440408 0.6177788717168167 0.7859891040700352
227 640 3 256 3.1622776601683788e-06 4 0.0 7.875955275694529 0.6416094354045594 0.8085523618773719 0.7942537099662164 0.4766617456425431 0.6904069420584813
298 640 1 2048 1e-05 1024 0.0 0.13122886816660564 0.610989799597508 0.7970913609111785 0.7910412776052449 0.5173860573196752 0.7192955284997087
290 640 3 2048 0.0001 512 0.2 0.2033827821413676 -0.6205240572876451 0.8149000932959991 0.7975278128303596 2.155307372208349 1.4680965132471193
294 640 2 4096 1e-07 512 0.1 0.21750311851501464 0.2882201731982753 0.550042993354767 0.5827847436214506 0.9466717270847856 0.9729705684576413
297 640 2 4096 0.0001 512 0.2 0.22911685307820637 0.6320157172028213 0.8214975352629691 0.8102245640386433 0.48942145227824985 0.6995866295736718
252 640 3 1024 0.0001 8 0.1 5.541813707351684 0.5966594014716095 0.8178339193983948 0.8051982521501342 0.536445578582893 0.7324244524747198
306 640 2 1024 0.001 1024 0.1 0.13502753973007203 0.18389955033408079 0.7770715383785969 0.7577608440188565 1.0854188234462532 1.0418343550902194
304 640 4 32 0.001 1024 0.2 0.1527933160463969 0.14492514134389323 0.8184191838830193 0.8134952986893815 1.137255036951539 1.0664216037531962
303 640 3 512 3.1622776601683795e-05 256 0.0 0.2126638611157735 0.6682108866186338 0.8204056796170223 0.8073196363623452 0.44128164520201124 0.6642903320100415
192 640 5 4096 1e-07 8 0.2 12.668037807941436 -1.6680636446959163 0.7627419200945733 0.7406302306094371 3.5485417307282 1.8837573439082327
310 640 2 256 3.1622776601683795e-05 512 0.0 0.1678611954053243 0.6162390028863283 0.7994567056044137 0.794906831096351 0.5104045833355427 0.7144260516915258
302 640 4 4096 1e-05 256 0.0 0.4742656270662943 0.7004031168511642 0.837088079553904 0.8302775778192224 0.3984657728698639 0.6312414537004551
278 640 5 1024 1e-05 16 0.1 2.655617531140645 -0.8295250543781076 0.8295027207652206 0.8149620235285552 2.4332800365462854 1.5598974442399365
246 640 1 4096 1e-07 4 0.0 6.477857307593028 0.6305813941772596 0.8032135876885744 0.7896768960547998 0.49132911108604055 0.7009487221516568
313 640 5 256 3.1622776601683795e-05 512 0.1 0.1766233762105306 -0.3344506719042799 0.8183542519087335 0.8003698166878209 1.77482793795585 1.332226684147953
221 640 5 32 0.001 4 0.25 9.64110083580017 0.6523552797462913 0.8195394062358908 0.8067457674486969 0.4623697038637232 0.6799777230643098
232 640 1 256 1e-07 4 0.1 6.851976629098257 0.37173965323382696 0.6783600311655525 0.6841053992122279 0.8355902838725664 0.9141062760273372
319 640 4 512 1e-05 1024 0.0 0.12665514945983886 0.6465763081074503 0.8067564379275787 0.7986347854605129 0.4700557731454247 0.6856061355803524
283 640 5 2048 3.1622776601683788e-06 16 0.1 3.324553088347117 -0.6852519160655621 0.8290618485528465 0.8150695506401819 2.2413958388274797 1.4971291991099098
292 640 1 32 0.0001 16 0.2 2.1069124579429626 0.6530007337514199 0.816910037831345 0.7986207409526179 0.4615112459041396 0.679346190026955
289 640 1 32 1e-05 16 0.25 2.108970900376638 0.50665871562215 0.7757938153417866 0.7652462718291159 0.6561470670259714 0.8100290531986932
291 640 1 256 0.0001 16 0.1 2.139715584119161 0.6182283330096893 0.8046076321478726 0.7944849467064412 0.507758761534037 0.7125719342873651
318 640 3 512 1e-07 256 0.2 0.22054282426834107 -5.508435582460861 0.029231220420279164 0.019854252660972602 8.6562609973837 2.942152442920608
317 640 3 32 0.001 256 0.25 0.3160167614618937 0.5627786358250957 0.8173176627803506 0.8052361683188681 0.5815072138271223 0.7625662029142928
261 640 4 32 1e-07 8 0.2 4.560332075754801 -2.376125134745409 0.20891145865490932 0.22118566466129178 4.4902680461244655 2.1190252584913813
320 640 4 512 0.0001 512 0.1 0.1653745214144389 -0.045724258258136086 0.828907427767529 0.8145273073038665 1.3908199591268429 1.1793303011145109
301 640 1 4096 0.0001 16 0.2 1.7729974110921225 0.5717385087986999 0.7908972462515731 0.7755229073501716 0.5695905254032667 0.7547122136306439
308 640 2 32 1e-07 16 0.25 1.9815666437149049 -7.693948282605316 -0.007683518448805746 -0.04259758224130149 11.563006882144242 3.400442159799846
305 640 1 2048 1e-07 16 0.25 2.1569604953130086 0.5342382569936086 0.7465186186035313 0.7500286604714593 0.6194661004135277 0.7870616878069518
307 640 4 1024 0.001 16 0.1 2.4891741355260213 0.6797682083772092 0.8279009814618807 0.8168899412809985 0.4259103332629993 0.6526180607851727
295 640 1 32 0.0001 8 0.0 3.277163529396057 0.500261754576311 0.7540934884328572 0.7460300674283938 0.6646550661758904 0.8152638015856527
217 640 3 2048 3.1622776601683788e-06 4 0.2 11.072307527065277 -0.6141229271968078 0.8311569706976287 0.8165874633596111 2.1467938282018886 1.4651941264562482
249 640 1 256 1e-05 4 0.25 8.368727600574493 0.6556260119921112 0.8173292478411815 0.8025948943402125 0.45801960903468714 0.6767714599735181
228 640 3 2048 1e-07 4 0.25 8.519325796763102 -0.3250230055463408 0.7980347373324872 0.7890665313258595 1.7622890813356054 1.327512365793858
277 640 4 1024 3.1622776601683795e-05 8 0.1 4.867402835687002 0.5188084353328183 0.8352249522871491 0.8212812042501435 0.639987862017625 0.7999924137250459
276 640 5 256 3.1622776601683795e-05 8 0.25 4.89829329252243 0.09548911842369345 0.8373316141353704 0.827847177571095 1.2030052639681657 1.0968159663171235
329 640 1 32 0.001 512 0.2 0.14385888973871866 0.6237519002833753 0.8040130342171568 0.7923004912264916 0.500412381693314 0.7073983189782925
327 640 2 1024 3.1622776601683788e-06 512 0.0 0.1448832631111145 0.6346537880530513 0.7980138876278714 0.7918727419624124 0.48591280115620156 0.6970744588321979
325 640 4 1024 3.1622776601683795e-05 1024 0.25 0.15194140275319418 -3.2904091862555376 0.8213366771299004 0.8103129965174891 5.706271688681017 2.38878037682015
330 640 5 32 1e-05 512 0.1 0.19787284930547078 -0.17547730534211814 0.6060194960853568 0.6160568832071134 1.563392342541305 1.2503568860694554
322 640 4 512 3.1622776601683788e-06 256 0.25 0.23749829133351644 -1.9777156350400276 0.7973182440401101 0.786445111025469 3.960380860549392 1.9900705667260625
326 640 1 256 1e-07 512 0.0 0.24089138507843016 -25.568017893168264 0.045113798370583665 0.02498812852333417 35.33563390965739 5.944378345096936
323 640 4 1024 1e-07 256 0.25 0.2857074817021688 -0.6688342635463795 0.23145349085402572 0.2255822222902758 2.219560255856761 1.4898188667944707
333 640 4 2048 1e-05 256 0.2 0.2886747678120931 -2.0722958135697014 0.8237424496435501 0.8117326345438781 4.086173103579083 2.021428480945859
251 640 2 256 1e-07 4 0.0 8.972633024056753 0.5369642285510019 0.7408565120938797 0.7388897806349886 0.6158405407881348 0.7847550833146191
331 640 5 4096 0.0001 512 0.25 0.43939966360727944 -4.719711772729544 0.8168476052693345 0.8005546807484343 7.6072532803397195 2.7581249573468782
279 640 4 4096 0.001 16 0.25 5.345716468493143 0.29466985947205215 0.5442470581735156 0.5577100995741571 0.9380936030441162 0.9685523233383503
266 640 1 1024 0.001 4 0.25 6.850687356789907 -9.173396491580585 0.312029763976705 0.5431654297514339 13.530682472805864 3.6784076001451855
242 640 5 32 1e-05 4 0.25 9.654406301180522 0.36587684019797906 0.8117929837501927 0.7967418343497381 0.8433878627491133 0.9183615098364659
335 640 3 512 0.0001 512 0.2 0.15799241463343303 -0.4911775542304706 0.8236750469101795 0.8129480927035202 1.983275694952592 1.4082882144478068
334 640 4 2048 3.1622776601683788e-06 1024 0.25 0.1669415871302287 -0.8174851143559352 0.7493704264580041 0.7512033121475321 2.417266839226544 1.5547561992886678
339 640 4 512 3.1622776601683788e-06 512 0.25 0.1664113958676656 -0.8825836793441642 0.7575806694257643 0.7551202184990085 2.503848347478976 1.5823553164441215
336 640 3 256 1e-07 256 0.25 0.23382503588994344 -19.577496460974555 -0.09232341014912787 -0.14754290046021662 27.36820204826946 5.231462706382361
337 640 5 512 1e-05 256 0.25 0.3062710920969645 -5.721691580909515 0.8046298236566156 0.786208750435907 8.939892840772282 2.989965357787993
338 640 3 1024 3.1622776601683788e-06 256 0.1 0.327655561765035 0.5446903226492066 0.8333353475848171 0.8203677951658088 0.6055647861682946 0.7781804329127626
309 640 3 2048 3.1622776601683795e-05 8 0.25 4.582977497577668 -0.7307382165184659 0.820351788540685 0.8033198637280654 2.3018929096730165 1.5171990342974175
311 640 3 2048 1e-07 8 0.0 4.028527851899465 0.6635269755992794 0.815697587070646 0.8042160212908913 0.4475112768482574 0.6689628366720063
300 640 5 32 1e-05 8 0.1 4.7965731660525 0.4124103021934161 0.8094909440023164 0.7939873066629158 0.781498060347161 0.884023789469017
357 640 1 4096 3.1622776601683795e-05 512 0.1 0.158794101079305 0.6280449479242989 0.8036421376776117 0.7946468087383761 0.4947026008430309 0.7033509798408124
355 640 5 1024 3.1622776601683788e-06 512 0.0 0.17075104316075643 0.677492063576493 0.8242169925482389 0.8176611494001863 0.4289376204218264 0.654933294635283
299 640 5 512 1e-07 8 0.2 5.172120861212412 -0.791398284355866 0.7196969518129215 0.7292562066368441 2.3825711882956955 1.543557964021985
356 640 2 256 3.1622776601683795e-05 1024 0.2 0.2317807157834371 0.6074505636329437 0.8061944429597518 0.7956577552712417 0.5220932638138375 0.7225602146629978
354 640 3 32 0.0001 256 0.2 0.2552565614382426 -0.0721220032055212 0.7792570096344542 0.7625666092125204 1.425929128928372 1.194122744498392
248 640 4 4096 3.1622776601683788e-06 8 0.1 10.903769254684448 -0.11365901572300041 0.8348814645613925 0.8212551795189783 1.4811736215329905 1.2170347659508296
352 640 3 4096 3.1622776601683788e-06 512 0.1 0.28536989688873293 0.5798626259862801 0.8303467167784702 0.8186090246653135 0.5587853975260639 0.7475194964186981
359 640 4 32 3.1622776601683788e-06 512 0.0 0.15794483423233033 -0.0828724402870229 0.4686585132836079 0.5229370406358326 1.4402272790804926 1.2000946958804928
358 640 3 2048 3.1622776601683788e-06 256 0.25 0.24997198184331257 -1.3278785018927555 0.8150693760339135 0.797306012819849 3.0960933126364605 1.7595719117548054
296 640 2 4096 0.001 8 0.1 6.213611749807994 0.6530897855352562 0.8176383597060073 0.7979921612134584 0.46139280646144976 0.6792590127936837
314 640 2 2048 1e-07 8 0.0 4.730517526467641 0.6791941649170736 0.8241976481882411 0.8149704649781824 0.4266738147405093 0.6532027363235011
324 640 3 256 3.1622776601683795e-05 16 0.25 2.6411736806233725 -0.017740509208837185 0.8212678385260037 0.8053944846202703 1.3536013937147797 1.1634437647410294
353 640 5 4096 1e-05 512 0.1 0.6930682023366292 -0.09570009998479367 0.8358519897378119 0.8224827805098287 1.4572881486124514 1.2071819036965603
346 640 1 256 1e-07 16 0.0 2.090239171187083 -0.06460034691076344 0.5040426769434442 0.5507376463740455 1.4159252778961062 1.1899265850867045
273 640 3 4096 1e-07 8 0.0 8.01067223151525 0.6840769683833285 0.8272897050928509 0.8146376728068526 0.4201796548664015 0.6482126617603219
350 640 1 4096 1e-05 16 0.25 2.204568167527517 0.6870735118527359 0.8313426980471241 0.8178531647325364 0.4161942328655912 0.6451311749292474
360 640 3 2048 1e-05 1024 0.0 0.1468029300371806 0.6845131484250686 0.8288548134701376 0.8177606774088915 0.4195995326180801 0.6477650288631519
362 640 1 4096 3.1622776601683788e-06 512 0.0 0.1547703464825948 0.593553507156056 0.7903390435040982 0.7814636236031025 0.5405764379092375 0.7352390345385897
366 640 1 512 3.1622776601683788e-06 256 0.2 0.18684465885162355 0.5604418968740816 0.7710394109933454 0.763268171087215 0.5846150915938226 0.7646012631390446
369 640 4 32 3.1622776601683795e-05 512 0.25 0.1892528533935547 -3.3376993098963395 0.6719493699005661 0.6567130794830583 5.769167855916115 2.4019092105897997
372 640 4 2048 0.001 512 0.1 0.2008236050605774 0.2577309515750573 0.8065430878908236 0.7930023848612152 0.9872225870623932 0.9935907543160781
371 640 2 4096 3.1622776601683788e-06 512 0.1 0.21470465262730917 0.6850446759175156 0.8332668207291161 0.8201755217978808 0.4188925976498206 0.6472191264555001
321 640 5 32 0.0001 8 0.2 4.8934748530387875 0.3594680263945983 0.812563153395792 0.8020209139235566 0.8519116261424545 0.9229905883282096
349 640 2 2048 1e-07 16 0.2 2.552748982111613 0.6519075239697123 0.8113738243765167 0.8069343523819802 0.46296522191349826 0.6804154774205965
351 640 4 2048 1e-07 16 0.0 2.773543886343638 0.6446117618633412 0.8030272081613423 0.7948041735788065 0.47266863222883715 0.6875090051983589
286 640 2 512 0.001 4 0.1 7.752784343560537 0.6794247840252383 0.8305346566430414 0.8101198071698765 0.4263670898500243 0.6529679087443917
328 640 3 2048 1e-05 8 0.2 4.3432045698165895 -0.7406881141872776 0.8255814248228206 0.8095593483182388 2.315126337280504 1.5215539219102634
344 640 1 32 3.1622776601683788e-06 8 0.0 3.2993506590525308 0.45173695389209323 0.7274067978927035 0.7209946446698121 0.7291933617842172 0.853928194747203
379 640 3 1024 3.1622776601683788e-06 512 0.0 0.1570205291112264 0.6599113638359865 0.8148298480407032 0.8053472492653884 0.4523200636437535 0.6725474434147776
376 640 1 2048 3.1622776601683795e-05 512 0.25 0.162234894434611 0.640060312169809 0.8098073278620193 0.799924004933273 0.4787220894636064 0.6918974558875082
381 640 4 256 1e-05 1024 0.1 0.15397950808207195 0.41533734978241577 0.7825706617349812 0.7714076453635687 0.7776050683122665 0.8818191811886757
384 640 3 1024 1e-05 256 0.1 0.2374467452367147 0.4249983318538354 0.8280318057705669 0.8141469997239367 0.7647559002992009 0.8745032305824838
377 640 5 4096 0.001 256 0.2 0.619184656937917 0.6244912300344972 0.8145902999174254 0.8015445789505701 0.49942906839048473 0.7067029562627318
363 640 3 1024 1e-07 16 0.1 2.241439727942149 0.5681916552067074 0.7840725071391684 0.7890112379876899 0.574307863390683 0.7578310256189588
342 640 3 2048 0.001 8 0.1 4.45491406917572 0.09610074947673397 0.32118777014336675 0.3179893905935723 1.2021917907514237 1.0964450696461834
199 640 4 4096 1e-07 4 0.0 20.751923104127247 0.6893488779841594 0.8305005071393528 0.8241248669077499 0.4131679813419091 0.6427814413483863
373 640 4 512 3.1622776601683788e-06 16 0.25 2.5286127885182696 -3.4389067604556436 0.804103821635532 0.7857243070690914 5.90377441317882 2.429768386735415
368 640 2 512 1e-07 16 0.1 2.5652259548505145 0.5358594990726837 0.7330715112063257 0.7361346241806788 0.6173098380677446 0.7856906758182539
392 640 1 512 1e-07 512 0.1 0.14260352452596028 -23.236219479051048 -0.027019337068519167 -0.009256104809573996 32.23432708866368 5.677528255206106
389 640 3 1024 3.1622776601683795e-05 1024 0.25 0.1444671034812927 -1.5561482856069464 0.8236778349566686 0.8113526218617519 3.3996935865596214 1.843825801576608
388 640 2 1024 1e-07 512 0.25 0.15546133915583293 -4.040968160879786 0.037611798222934464 0.03167604208606221 6.704519930667863 2.5893087746863763
391 640 1 2048 0.0001 512 0.25 0.16282899379730226 0.6766875073541034 0.8273024789561243 0.814482667148851 0.430007685349079 0.6557497124277517
387 640 5 256 1e-07 256 0.1 0.26282909711201985 -22.95300589325592 -0.005882853366642595 0.04515504658054256 31.85765120617448 5.64425825119426
347 640 2 2048 1e-07 8 0.25 4.94932248989741 0.6448290821327638 0.8195704516333708 0.8127791531242995 0.47237959487903014 0.6872987668249013
370 640 5 32 0.001 16 0.2 3.0271883169809977 0.5617453026550012 0.8059511614781376 0.8056068722841766 0.5828815535596529 0.7634667992517113
287 640 5 512 1e-07 4 0.1 9.926832528909047 0.3198742503527874 0.7805563633312954 0.7763887273014551 0.9045716017921304 0.9510896917705135
365 640 5 512 0.0001 16 0.2 3.273781164487203 0.5729285940379636 0.8268541198989783 0.8213975782958775 0.5680077044150768 0.7536628585880273
348 640 3 2048 3.1622776601683788e-06 8 0.2 5.5815854867299395 -0.7322405918115142 0.8316538894670751 0.8143769462862709 2.303891078432294 1.5178573972650706
385 640 3 2048 1e-07 16 0.2 2.316065446535746 0.3229354033745493 0.7905709378160828 0.7877518769175414 0.9005002486730015 0.9489469156243681
400 640 4 512 0.001 512 0.0 0.15987601677576702 0.6078838818492636 0.797275353128964 0.7881980941565693 0.5215169478116488 0.7221613031807014
397 640 2 256 1e-05 256 0.2 0.2186215360959371 0.630288378345681 0.8282944948349076 0.8147790025792141 0.49171882401818423 0.7012266566654353
398 640 4 32 0.001 256 0.25 0.22497510115305583 0.4137476988219563 0.8219111857845192 0.813918850351015 0.7797193142680168 0.883017165330333
405 640 3 2048 3.1622776601683795e-05 256 0.2 0.2511786460876465 -0.47250658648451993 0.8370631672266429 0.823442031043582 1.9584431883025726 1.3994438853711044
396 640 4 4096 3.1622776601683788e-06 256 0.25 0.4930516958236694 -3.240211277144841 0.7958727253863813 0.7785974749879739 5.639508148152766 2.3747648616553105
364 640 1 32 1e-07 8 0.1 4.174497882525126 -5.158353219486737 0.14795916383998348 0.1477231567426492 8.1906492130939 2.8619310287101434
367 640 5 32 1e-07 8 0.0 4.260038908322652 -2.101171748445664 0.06994346266036049 0.06350779021240972 4.124578281853164 2.030905778674423
340 640 2 256 1e-05 4 0.0 7.0156457901000975 0.6545755975254994 0.8185373743686126 0.8116801058726172 0.4594166670009552 0.6778028230989859
374 640 3 512 1e-07 8 0.0 4.034239653746287 0.5828503499944324 0.7646639536772362 0.7589543691543579 0.554811705465193 0.7448568355497538
288 640 5 2048 1e-07 4 0.0 12.374266894658406 0.6531893359431415 0.809746998175404 0.8007921103425342 0.4612604037815532 0.679161544686942
293 640 5 4096 3.1622776601683795e-05 8 0.0 12.555054835478465 0.6877040741369638 0.8315470487968534 0.8208910913182449 0.4153555809901557 0.6444808616166625
375 640 5 32 1e-07 8 0.2 4.773892430464427 -8.58153077691935 -0.056155374241293826 -0.08443425442493978 12.743497282663208 3.569803535583325
395 640 3 256 3.1622776601683795e-05 16 0.1 2.7252570509910585 0.3260893927877072 0.8277947252799793 0.8098207383588788 0.8963054225588961 0.9467340822844058
380 640 2 512 1e-05 8 0.25 4.937395886580149 0.48703340219209323 0.819616467787018 0.8058339412279562 0.6822488595464097 0.8259835709906158
408 640 3 32 1e-05 1024 0.2 0.14021376371383668 -0.754625897579378 0.43524892020281913 0.4608350651152696 2.3336636784339064 1.527633358641368
416 640 2 32 3.1622776601683795e-05 512 0.1 0.14840670426686606 0.42336443636002163 0.7433532451856482 0.7377045863624381 0.7669289917676049 0.8757448211480356
409 640 3 2048 3.1622776601683788e-06 1024 0.2 0.1670920173327128 0.2798569989834889 0.7948730116194873 0.7887004894271773 0.9577948023388251 0.978669914904318
415 640 4 2048 3.1622776601683795e-05 1024 0.1 0.1688900589942932 0.3023187068586902 0.8272220846873375 0.816228351559313 0.9279205870452606 0.9632863473782137
412 640 4 512 0.001 1024 0.1 0.24889336029688516 -0.08020857458572506 0.8056265592109786 0.8001653050610447 1.4366843206413629 1.1986176707530065
411 640 5 4096 3.1622776601683788e-06 1024 0.0 0.3315017580986023 0.6908949685981438 0.8320937652118758 0.8227970526849476 0.4111116709258823 0.6411799052729915
406 640 5 256 0.0001 16 0.2 2.999532190958659 0.5916812002232843 0.8318972555701188 0.8185695083596349 0.5430666181179743 0.736930538190659
386 640 5 512 1e-05 8 0.25 5.229901087284088 -1.5212890483717274 0.8333099407359255 0.819000132877299 3.353330577837381 1.8312101402726508
343 640 4 256 0.0001 4 0.2 8.81237381696701 0.5030517598366171 0.8204026053748064 0.8116821666861019 0.6609443413156235 0.8129848346160115
404 640 5 2048 1e-05 16 0.25 3.346537260214488 -5.314941009067973 0.8345325715578132 0.8183150484173789 8.39891197584926 2.89808764116085
345 640 4 32 1e-05 4 0.25 9.024325029055278 0.41487325293116895 0.8052285782202063 0.7918401404077385 0.7782223200959797 0.8821690994905567
315 640 2 4096 3.1622776601683788e-06 4 0.1 12.338471674919129 0.6688902169935229 0.8335182989114429 0.8221558711355341 0.4403781314537401 0.6636099241676092
382 640 2 4096 0.0001 8 0.0 5.909279537200928 0.6126598900247189 0.7961365794622418 0.789629749268454 0.5151648263581016 0.7177498354984845
393 640 4 256 3.1622776601683788e-06 8 0.1 4.624736722310384 0.1481819813890558 0.813243696253547 0.7933059084255404 1.1329234188383275 1.0643887536226262
427 640 1 32 3.1622776601683788e-06 512 0.1 0.14187747637430828 -3.591555611569068 0.19595966404534038 0.22093378507481698 6.1067983625514515 2.471193712065376
421 640 4 256 0.0001 512 0.0 0.15871159235636392 0.6662035954505447 0.8243091370692099 0.8099737534567065 0.4439513553080075 0.6662967471840212
419 640 3 1024 0.001 512 0.1 0.1628674864768982 0.18625601427758975 0.8072058351595348 0.7954836918426843 1.0822847113132381 1.0403291360493745
426 640 1 2048 1e-05 512 0.1 0.16341660022735596 0.6149000852826219 0.8019780175092657 0.796754480202721 0.5121853523213966 0.7156712599520793
430 640 2 256 3.1622776601683788e-06 1024 0.2 0.12362339496612548 0.22410951804848644 0.5486347697133063 0.5636096406021012 1.0319393089266269 1.0158441361383286
399 640 3 2048 0.0001 8 0.25 4.333585687478384 0.31576345472298506 0.8255549082871775 0.8075135685304183 0.9100389863006851 0.9539596355720116
390 640 4 2048 3.1622776601683788e-06 8 0.0 5.625551525751749 0.6985841106394496 0.8377912558596512 0.8265656254412278 0.4008850627783168 0.6331548489732325
418 640 2 512 0.001 16 0.1 2.4705289642016095 0.6774014022690359 0.8272500195930244 0.8116559868688806 0.4290582005412376 0.6550253434343114
413 640 4 2048 0.0001 16 0.1 2.6487491051356 0.6862779032492929 0.8315851850027971 0.8191363388003231 0.41725239740235426 0.6459507701074086
401 640 5 512 3.1622776601683795e-05 8 0.2 5.340645599365234 0.43925283922162695 0.8312630237398694 0.8212743478762103 0.7457973142301848 0.8635955733039539
428 640 1 1024 1e-05 16 0.0 1.726267675558726 0.5771768047306571 0.7878204236759201 0.7865998586478926 0.5623575569930249 0.7499050319827337
417 640 5 512 3.1622776601683788e-06 16 0.25 3.283218789100647 -5.7075208048481 0.799628146073805 0.7793689276421146 8.921045617876867 2.986811948864017
420 640 3 32 3.1622776601683795e-05 16 0.2 2.0933191696802775 0.5727622166427575 0.8166294699408939 0.8059172129952394 0.5682289874159948 0.7538096493253418
403 640 2 4096 1e-07 8 0.2 5.9801841656366985 0.6733599987198579 0.828155341562042 0.8161586082287685 0.4344332931382532 0.6591155385349773
424 640 1 4096 1e-07 16 0.25 2.1875131885210672 0.5833702134289589 0.7764731293487513 0.7656147834969029 0.5541202837686511 0.7443925602588
332 640 5 4096 1e-05 8 0.0 12.609123102823894 0.6891090329905982 0.8336652061713146 0.8229757238916859 0.4134869767190434 0.6430295302076284
383 640 3 32 0.001 4 0.25 8.288057665030161 0.6268458869161958 0.8024913821038058 0.796158225312734 0.4962973596612479 0.704483754008031
361 640 5 256 3.1622776601683795e-05 4 0.25 9.515432612101238 0.4164786205418386 0.830893962647899 0.8200928398262046 0.7760871708948182 0.8809580982628051
431 640 5 32 3.1622776601683795e-05 16 0.25 2.397226107120514 0.32304198686414043 0.8104747268687463 0.7967186585376066 0.9003584919494045 0.9488722210863824
425 640 4 32 0.001 16 0.25 2.888629901409149 0.5995173824966193 0.7948215818809636 0.7936588653927665 0.5326444455203297 0.7298249416951504
312 640 3 4096 1e-07 4 0.2 16.087218109766642 0.09780608852697326 0.8181204597946352 0.8059757502092482 1.1999236788955296 1.0954102787976427
378 640 3 2048 1e-07 4 0.1 10.770384947458902 0.5894720409521337 0.824380902480949 0.813676932625045 0.5460048140935793 0.7389213855976692
410 640 5 4096 3.1622776601683795e-05 16 0.1 6.569160075982412 0.6237636004088118 0.8311569306280473 0.8251322378047471 0.5003968204515692 0.7073873199680422
394 640 2 32 0.001 4 0.25 9.243140157063802 0.63827965560097 0.7996350455027281 0.789413628921832 0.48109037410148686 0.6936067863721396
402 640 4 32 1e-05 4 0.0 10.028474728266398 0.49559280624976354 0.7498891082287202 0.7479804477767594 0.670864797344899 0.819063365891125
429 640 1 512 3.1622776601683788e-06 4 0.0 6.68803209066391 0.5693017330312129 0.7784583440773986 0.776220488104518 0.5728314527763992 0.7568562959878178
341 640 3 4096 3.1622776601683788e-06 4 0.25 16.606773380438486 -0.8331820851145348 0.8339980826402299 0.8209076424574704 2.4381439108412506 1.5614557024908682
414 640 3 2048 1e-05 4 0.1 8.640824898084004 0.339004567908643 0.8233371555892652 0.8088861334949126 0.8791281569537772 0.9376183429059913
316 640 4 4096 1e-07 4 0.25 21.154984748363496 -2.015337102194869 0.7748864793814005 0.7543262798873455 4.010417652750949 2.0026027196503424
423 640 5 256 3.1622776601683795e-05 4 0.2 9.533359630902607 0.5154622574444123 0.8273924453784459 0.8190449573434416 0.6444383000343694 0.802769144919241
407 640 5 4096 0.001 8 0.1 13.04584211508433 0.17355814957049553 0.4211392625702228 0.36378885219246737 1.0991729526765357 1.0484144946902134
422 640 5 4096 1e-05 8 0.25 13.553061000506084 -5.655936386940267 0.8298204003918008 0.8141774479221554 8.85243801177078 2.9753046922577155
