1 160 2 8192 1e-06 512 0.3 0.13287092447280885 0.3982210922305628 0.6320923240400832 0.6766206349220264 0.8003698004495182 0.8946338918515876
0 160 3 2048 3.1622776601683795e-05 16 0.0 0.5397397001584371 0.7094798963238917 0.8446423856184491 0.8287203699674677 0.3863935980536361 0.6216056612142751
4 160 4 8192 1e-05 128 0.0 0.5577482064565022 0.7217737897557996 0.8500347872506504 0.8383413370845095 0.37004264107291446 0.6083113027660381
5 2560 3 256 1e-06 1024 0.3 0.4768927852312724 -0.1608524834604106 0.46926138877709966 0.5145982154442651 1.5439412357977025 1.2425543190531763
6 1280 3 5120 0.0001 1024 0.1 0.6109746138254801 0.6668020628519624 0.8401390677777079 0.8240821435884577 0.44315538983220903 0.6656991736754742
8 160 5 256 1e-05 64 0.3 0.2062418818473816 -12.555995255881934 0.7278975080602663 0.6983135016638111 18.029560487689583 4.246122994884814
3 640 1 6144 3.1622776601683788e-06 64 0.2 0.636666190624237 0.7103495797941848 0.8442642899932733 0.8245702731778178 0.3852369134696704 0.6206745632532965
7 1280 1 6144 3.1622776601683788e-06 256 0.1 0.4703556855519613 0.7042153467779673 0.8408985257027264 0.8234331841094749 0.3933954826579776 0.6272124701072018
9 10240 2 1024 1e-05 16 0.3 32.33475555976232 -5.683898412467114 0.8257687381292058 0.8044535614716675 8.889627684758889 2.9815478672593683
2 10240 4 256 1e-05 16 0.3 37.932741498947145 -3.213464197243824 0.722238897129631 0.6874798779162615 5.603934360626158 2.3672630526889398
18 160 4 6144 3.1622776601683788e-06 1024 0.3 0.1808480739593506 -0.30596671956232147 0.6548475781405045 0.6916199113183645 1.7369440989618097 1.3179317504946186
16 640 1 2048 1e-05 256 0.3 0.21946261723836263 0.7169784090055791 0.848093706457764 0.8318313943462363 0.3764205281749397 0.6135311957634589
20 1280 3 256 0.0001 1024 0.3 0.2423965374628703 -7.386402599495801 0.7810336989460709 0.7808245800627649 11.153969154431488 3.339755852518487
19 1280 3 2048 3.1622776601683795e-05 1024 0.0 0.2778756340344747 0.7179896377246675 0.8483041438270926 0.8363837686021819 0.3750755875037792 0.6124341495244849
12 2560 1 6144 1e-05 128 0.0 1.299993137518565 0.70544831143852 0.842694494153089 0.825795499827203 0.39175563176492156 0.6259038518533989
17 2560 5 1024 3.1622776601683795e-05 128 0.0 1.5201133569081624 0.7221110615164836 0.8508352021618388 0.8363537627506686 0.3695940674716952 0.6079424869769304
15 640 1 6144 1e-06 16 0.3 2.1029988368352255 0.7114016184664792 0.8442657727143965 0.8261742375585119 0.38383769529944484 0.6195463625100586
14 2560 3 6144 3.1622776601683788e-06 256 0.1 2.500917418797811 0.37424173735801713 0.8470807288609753 0.8329859561094409 0.8322624959668573 0.9122842188522485
23 640 3 2048 1e-06 256 0.0 0.25705230236053467 0.6838078793150641 0.826955967584565 0.8183684986442761 0.4205375450501372 0.6484886622371567
26 640 2 1024 1e-06 1024 0.0 0.1324579874674479 0.07949201322613342 0.4158299593883047 0.46555442525248725 1.224281516308413 1.1064725556056114
28 1280 2 1024 3.1622776601683788e-06 1024 0.1 0.2465997815132141 0.641625664910419 0.8028473433261283 0.7968330336051471 0.47664016029583445 0.690391309545416
27 2560 3 512 1e-06 64 0.1 2.583482201894124 0.4406989072778029 0.8245530675092634 0.8015971076218311 0.7438740344564753 0.8624813241203981
25 1280 5 2048 1e-06 32 0.1 3.0748686671257017 -2.2780832231705226 0.8353838378931983 0.8172390400566004 4.359871675979592 2.088030573526066
21 10240 5 512 1e-06 128 0.0 6.051836311817169 0.6551861344778057 0.8182444425887829 0.7961352316774482 0.458604648945195 0.6772035505999617
29 2560 4 1024 0.0001 512 0.3 0.6579569697380065 -2.192370797652033 0.7601283090814005 0.7301569719778507 4.245873601233906 2.0605517710637375
31 40 2 5120 3.1622776601683788e-06 1024 0.0 0.023979834715525308 -0.018922974615489307 0.3168465963481474 0.36875407378151726 1.355174080276807 1.1641194441623277
11 10240 3 6144 3.1622776601683795e-05 256 0.1 10.166323328018189 -0.8371020708545824 0.841625755930792 0.8241351883308747 2.4433575169746993 1.5631242807194505
10 2560 5 6144 1e-05 16 0.2 49.37517317136129 0.7106247970287427 0.8505560651585131 0.8361334003669505 0.3848708727855263 0.6203796198985959
24 2560 2 5120 0.0001 32 0.1 7.938973458607991 0.6825921041027656 0.8341499525120747 0.8163240458965716 0.4221545338669531 0.6497342024758687
34 160 3 256 3.1622776601683795e-05 1024 0.0 0.045334490140279134 0.5669476744584244 0.7531618982400831 0.7600137526514601 0.5759623657509547 0.7589218442968648
35 40 3 5120 0.0001 256 0.1 0.0500101645787557 0.6827342472158946 0.8475469145064561 0.8345074813269637 0.4219654826163667 0.6495887026545079
33 640 3 2048 0.0001 128 0.3 0.40403945446014405 -4.965274046143041 0.8021937264929049 0.7981331274344138 7.933852676284638 2.8167095477320054
38 160 5 4096 0.0001 256 0.2 0.16800827980041505 -1.4272623078929403 0.8335244506667323 0.8146136386358618 3.2282744109589654 1.7967399397127468
39 2560 4 512 1e-06 512 0.3 0.617626945177714 -1.7252402476671156 0.7239964780099452 0.7136567763480145 3.6245869787746363 1.903834808688673
37 1280 4 1024 0.0001 64 0.0 1.2472063302993774 0.7049172149343359 0.8413665358294382 0.8256309099905852 0.3924619935160319 0.626467871096381
41 1280 3 256 1e-05 512 0.3 0.31552388270696 -2.2546920816264975 0.7620581678869061 0.7361128017432146 4.328761307955443 2.0805675446751164
44 40 3 5120 1e-05 512 0.1 0.0406709353129069 0.6204421598967247 0.7930969211044101 0.7936355304454815 0.5048143575994192 0.7105028906341051
43 2560 4 256 3.1622776601683788e-06 256 0.0 0.8889331340789794 0.6503464791378355 0.8123870880238361 0.7920657157126239 0.465041421535072 0.6819394559160453
45 160 1 7168 1e-05 128 0.3 0.10922496716181437 0.7168704633892623 0.8470395627359875 0.8319774793456801 0.37656409653580336 0.6136481862890196
47 160 5 6144 3.1622776601683795e-05 128 0.2 0.6967353026072184 -1.2452072005728478 0.839619159323163 0.8233440143861203 2.986139952546832 1.728045124569041
32 2560 5 512 3.1622776601683788e-06 16 0.0 9.537576953570047 0.6931939171619912 0.8349380944007112 0.8167746497404275 0.40805405461608096 0.6387910883975143
36 2560 3 2048 1e-05 16 0.3 8.83311135371526 -8.119121107053285 0.8053295665982314 0.7984026271646519 12.128489460989227 3.4825980906485934
48 40 1 1024 1e-06 256 0.1 0.03101672331492106 -8.092538574651202 0.11434522945998285 0.14815529261155655 12.093134522689779 3.4775184431847057
40 2560 5 7168 1e-05 128 0.2 9.37629474401474 -8.759069517026065 0.844163084071355 0.8290889922219311 12.97962494376381 3.602724655557764
49 640 3 7168 0.0001 128 0.0 1.2793340682983398 0.7176943088672606 0.8490198041155342 0.8320587974150148 0.3754683767750846 0.6127547443921464
52 160 2 1024 1e-06 256 0.2 0.06459596951802572 -0.08910859941767435 0.3141387143717881 0.37659732321418427 1.4485214106536173 1.2035453504765066
42 5120 3 4096 3.1622776601683795e-05 64 0.0 9.004106374581655 0.7211520727526045 0.8513702822043724 0.8357109961255609 0.3708695286679413 0.608990581756353
51 2560 3 4096 0.0001 1024 0.0 1.3781845053037007 0.7046038803366602 0.8427799254806154 0.8272026784213913 0.39287873053718336 0.6268003913026725
55 640 5 2048 3.1622776601683788e-06 1024 0.2 0.18489651282628378 -1.1330957998576183 0.7584007989471814 0.7485601799963538 2.8370310717600975 1.684348856905866
54 2560 1 6144 0.0001 256 0.3 0.8916009028752645 0.7008459894222367 0.8410071371914292 0.8234358013274815 0.397876749514679 0.6307747216833273
57 640 1 512 0.0001 512 0.1 0.14526803890864054 0.7066222617143185 0.8430715123590725 0.8238650619428041 0.39019427038145066 0.6246553212624149
58 40 1 6144 0.0001 16 0.1 0.1499254862467448 0.6744310748085518 0.8331870335873961 0.8085007020656457 0.43300875508232195 0.658034007542408
59 40 5 512 1e-06 128 0.0 0.03897988796234131 -3.2678131207697536 0.11812566243956744 0.1508207264091299 5.6762187769051025 2.3824816425116695
50 2560 2 256 3.1622776601683788e-06 16 0.3 7.786540838082631 -4.201317329414417 0.7891418207464922 0.7622947502998536 6.9177853515148815 2.6301683123927413
13 10240 2 5120 3.1622776601683788e-06 32 0.0 30.373521260420482 0.7271400841312528 0.8531347148220364 0.8399079448037532 0.3629054351938404 0.6024163304508273
60 40 1 1024 3.1622776601683795e-05 128 0.2 0.03926952679951986 0.6721386069068606 0.8199692919732069 0.8104030140720291 0.4360577520699608 0.6603466908147271
56 5120 5 512 1e-06 64 0.1 5.8527767340342205 -3.964346837157999 0.8365803160261083 0.8198133135706451 6.602613079520994 2.5695550353166197
53 2560 2 1024 0.0001 16 0.2 8.13657591342926 -2.3415518416561434 0.8404383690554014 0.8216182724396246 4.444285344947208 2.108147372682282
61 10240 1 1024 1e-05 1024 0.1 1.740620454152425 0.7198021146823819 0.8504382005321629 0.8321761298786104 0.3726649815449526 0.6104629239724166
66 160 4 5120 3.1622776601683788e-06 256 0.0 0.17430562178293865 0.7143605326077384 0.8453138241086591 0.8324391787193955 0.3799023205460076 0.6163621667055884
30 2560 2 8192 3.1622776601683795e-05 16 0.3 27.397526240348817 0.678146420285715 0.8343189450502585 0.8146337285487301 0.4280673218087958 0.6542685395224165
63 10240 4 512 1e-06 512 0.2 2.398965287208557 -3.093388254961056 0.7697255334908752 0.7426044608176662 5.444232588558619 2.3332879352018727
46 5120 5 1024 1e-05 16 0.0 19.196392925580344 0.7255341963929305 0.8528997702538321 0.8361589090269594 0.36504127616811033 0.6041864581138097
67 40 1 4096 3.1622776601683795e-05 256 0.3 0.02753235101699829 0.67264023512595 0.8202628631626443 0.8101150832290677 0.4353905833267083 0.6598413319326915
64 1280 4 2048 3.1622776601683788e-06 32 0.0 2.50569798151652 0.7236560625662897 0.8508483718545524 0.837111871279198 0.3675392061830019 0.6062501185014333
69 40 2 256 1e-06 1024 0.2 0.023756138483683267 -37.35392448521377 0.13403915147953277 0.14407125292990652 51.010965140785 7.142196100695149
68 160 1 7168 3.1622776601683795e-05 1024 0.2 0.05705370903015137 0.6710953446232131 0.8220857887087049 0.8106259199493031 0.4374452975870917 0.661396475336157
72 40 1 8192 0.0001 512 0.1 0.03219446341196696 0.677498313773077 0.8308508208972554 0.8108214740552959 0.4289293076203504 0.6549269483082448
71 40 5 256 1e-06 16 0.2 0.17413973013559977 -0.718427256621291 0.22457701778156175 0.2953714831676423 2.285519254184215 1.5117933900451526
74 40 1 5120 0.0001 512 0.2 0.02537093957265218 0.6733124588941661 0.8255670640522842 0.8165774368342897 0.4344965214108148 0.6591635012732537
75 160 1 2048 0.0001 1024 0.2 0.04279365142186483 0.6893647821032973 0.8310401995245339 0.8149624290130351 0.41314682876162345 0.6427649871933159
65 10240 2 7168 0.0001 512 0.3 6.120501399040222 0.6848243002654215 0.8341640878706841 0.8168660311973089 0.4191856986781438 0.6474455179226618
76 160 3 5120 0.0001 1024 0.3 0.09060844580332438 0.21668480357974618 0.7961185425878162 0.7858026761603902 1.0418142267095831 1.0206930129620675
70 40 3 256 3.1622776601683788e-06 1024 0.1 0.03983451128005981 -27.762767960389745 0.109797377496341 0.13802234604529062 38.2546655517761 6.185035614430697
73 640 5 7168 1e-05 128 0.0 2.381400231520335 0.7320054842319165 0.855676228925335 0.841602501307521 0.3564344219074006 0.5970212910000786
78 160 4 256 3.1622776601683795e-05 32 0.3 0.34036155939102175 -9.171952664279605 0.7878820617299114 0.7860734068320501 13.528762173250913 3.678146567668411
80 640 3 256 0.0001 1024 0.0 0.13646429777145386 0.6694533857350682 0.8214607024457716 0.8048242111485303 0.43962911342158484 0.6630453328555935
82 160 2 1024 3.1622776601683795e-05 128 0.0 0.08795145750045777 0.7036296242831069 0.8403491844506757 0.8232631755257163 0.3941744973264507 0.6278331763505738
79 10240 5 1024 3.1622776601683795e-05 1024 0.2 2.077440087000529 -5.376215732548756 0.8371332074671044 0.8244570324212468 8.480407750413201 2.9121139659040134
83 640 4 512 1e-06 1024 0.2 0.13722076813379924 -0.4765280607884681 0.20708633517579425 0.26666126515431565 1.9637917748758278 1.401353550991265
85 2560 1 8192 0.0001 1024 0.0 0.6591059128443401 0.7063874788734188 0.8460617957805006 0.8277217722801266 0.39050653306313293 0.6249052192637959
77 2560 1 6144 3.1622776601683788e-06 16 0.1 8.407307914892833 0.7174517003243129 0.849134178795259 0.8311676531148496 0.3757910476905976 0.6130179831706388
86 2560 3 7168 1e-06 256 0.2 3.1839928944905598 -0.5656469292748156 0.8360685433338007 0.8125433086058941 2.0823204405797995 1.4430247539733334
89 640 1 4096 1e-05 1024 0.0 0.1352306365966797 0.6901889931644227 0.8308891940911953 0.8144244985570966 0.412050622773005 0.6419116939057934
90 40 4 2048 1e-05 64 0.2 0.060229170322418216 -0.510468278056361 0.821738658459273 0.8100283832748181 2.008932481157153 1.4173681530065338
84 5120 2 5120 1e-06 64 0.3 8.091283957163492 0.07415964669760478 0.838625201147664 0.8176769264326775 1.2313735979338418 1.109672743620317
91 40 1 256 3.1622776601683795e-05 16 0.3 0.12266451517740885 0.6531628872570292 0.8119470348750706 0.8015821784205254 0.4612955807034304 0.6791874415089184
93 640 4 4096 1e-06 128 0.3 0.8158361991246541 -3.9925245539421548 0.7643659109661879 0.7321131396956112 6.6400896232623685 2.576837135571895
87 10240 2 4096 1e-05 64 0.0 12.833489660422007 0.7275420190631441 0.8536957944346623 0.8388772401180484 0.3623708591608851 0.6019724737568032
95 40 3 512 3.1622776601683795e-05 32 0.0 0.09459950526555379 0.6818916046408408 0.8289532006055206 0.8144406810740676 0.42308620263652474 0.6504507688030853
81 1280 3 7168 3.1622776601683788e-06 16 0.1 18.14545159737269 0.18655078027148797 0.8447051419335703 0.8288793936080431 1.081892670654003 1.040140697527985
92 5120 1 7168 0.0001 32 0.3 10.1293936808904 0.6421759488699845 0.8121830062802864 0.7935716482087829 0.475908279106212 0.6898610578270178
96 640 2 4096 0.0001 512 0.2 0.23166534105936687 0.6662240319382464 0.8384548453844546 0.8228537836499092 0.44392417464851197 0.6662763500594269
97 40 5 4096 0.0001 64 0.3 0.12857715288798013 -0.26212109041518716 0.8219170109064768 0.8084672680271658 1.6786291314579622 1.2956192077373514
94 10240 4 5120 3.1622776601683788e-06 256 0.3 10.540198079744975 -11.206387549107955 0.8484669925257158 0.8342972191930179 16.234573596308405 4.029215009937842
98 160 5 2048 1e-05 32 0.3 0.4067936937014262 -10.957814185075815 0.823193321834841 0.8100257291945858 15.903969430561052 3.9879781130995506
100 2560 3 256 1e-06 32 0.2 4.733059136072795 -1.787464926289268 0.7793695703533788 0.7515401591636608 3.7073461997590456 1.9254470129710257
103 40 2 1024 3.1622776601683788e-06 16 0.2 0.14784399271011353 0.5846200639638153 0.7762307923141716 0.7836458304873 0.5524579745546533 0.743275167454593
62 5120 3 5120 1e-05 16 0.3 44.51012293497721 -1.0303779327927618 0.751560811289081 0.7344473663975493 2.7004156508739974 1.643294146181382
104 40 2 2048 3.1622776601683788e-06 512 0.2 0.033667941888173424 -0.38387748179105485 0.18957420807455894 0.25616190806711325 1.8405659115790316 1.356674578363961
105 160 1 6144 1e-05 256 0.0 0.07093093395233155 0.6859450401663636 0.8288876478704779 0.8094473240151074 0.4176951074339314 0.6462933601963828
88 10240 1 256 3.1622776601683788e-06 16 0.2 28.05872074365616 0.6656931239008222 0.8247893798953942 0.8131101390465822 0.44463028573762486 0.6668060330693063
101 10240 1 1024 1e-05 64 0.1 8.086930966377258 0.6858736891499786 0.8337657386238875 0.8169219511933111 0.4177900047425753 0.6463667726164266
99 5120 5 7168 3.1622776601683788e-06 256 0.3 11.374542546272277 -13.689128618124345 0.8494790765750379 0.8349734198566054 19.536635114785227 4.420026596615141
107 10240 4 512 1e-05 256 0.2 3.681204783916473 -5.130139254056289 0.836423926099134 0.8214898595869061 8.15312445842086 2.855367657311552
109 5120 5 256 3.1622776601683795e-05 128 0.0 2.9076660950978597 0.6969587098564083 0.837262615636535 0.8160791332707061 0.40304685622700265 0.6348597138163695
111 640 2 2048 3.1622776601683788e-06 256 0.2 0.21826335589090984 0.6997951559495982 0.8423580903421237 0.830057510333308 0.39927436476164535 0.631881606601779
102 5120 5 7168 1e-06 256 0.1 10.884945611159006 -2.351173100263945 0.8428998726430699 0.8258847432750085 4.457081680499317 2.111180162965567
113 1280 4 2048 1e-06 32 0.1 2.6780192693074545 -0.3261051943339568 0.8354057199337919 0.8160643849901553 1.7637283993522561 1.328054366113171
108 2560 1 6144 0.0001 16 0.1 8.707401331265768 0.6696616769579166 0.8272884373799922 0.8100967627030209 0.4393520847615334 0.66283639366101
115 640 2 512 0.0001 64 0.3 0.5947179992993673 -5.780466566339849 0.814442387584704 0.7880132669581814 9.018063947723613 3.003009148791194
116 5120 1 2048 1e-05 256 0.2 1.5064784685770671 0.711152253583677 0.8460504509264853 0.829679009002425 0.38416935219022447 0.6198139657915305
106 2560 2 5120 1e-06 16 0.0 14.151726897557577 0.7205651962060486 0.8495759303344057 0.8354021275385463 0.37165007823255874 0.6096311001192104
117 2560 2 6144 3.1622776601683788e-06 512 0.0 1.1779788851737976 0.7336202092457103 0.8568099475763642 0.8450330474564586 0.3542868273001697 0.5952199822756035
119 40 2 4096 3.1622776601683788e-06 128 0.1 0.04194435278574626 0.58265825734597 0.768880847400826 0.7852160507046373 0.5550671899175934 0.7450283148428611
118 5120 3 2048 1e-05 512 0.0 1.2495716293652852 0.7212011577464607 0.8497046284896008 0.8368782753565446 0.37080424531182743 0.6089369797539212
120 40 4 6144 1e-05 32 0.3 0.3242172598838806 -2.214887817448952 0.8114937279314647 0.7893873578229796 4.275821381737511 2.067805934254351
122 640 1 8192 1e-06 64 0.1 0.7099442521731059 0.7102188058531573 0.8430388987541229 0.8258413195734328 0.3854108436485662 0.6208146612706293
121 1280 3 5120 1e-06 128 0.2 1.6319730798403422 -0.3372823851882165 0.8287223950451574 0.8057985534915278 1.7785941347545968 1.3336394320634783
125 160 5 4096 3.1622776601683788e-06 256 0.2 0.16349327166875202 -1.7184639362735128 0.7886443390618074 0.7628346713159659 3.6155744412332576 1.901466392349141
124 40 2 7168 0.0001 16 0.1 0.3680070082346598 0.6954143824687371 0.8419707363062485 0.8204727419216544 0.4051008215407432 0.6364753110221505
128 40 2 4096 1e-06 512 0.1 0.02710457642873128 -1.2899407587634295 0.12420864794857174 0.15643410610009736 3.0456358713637646 1.7451750259970387
127 40 4 512 1e-05 64 0.0 0.0585817019144694 0.6520911818900721 0.8081229480781881 0.8018265381130091 0.4627209557034807 0.6802359559031562
126 1280 1 7168 1e-06 256 0.3 0.5005177895228068 0.6979469318067747 0.8354797209594202 0.8217821987561846 0.401732514705552 0.633823725262436
130 160 4 1024 0.0001 64 0.1 0.19099738200505575 -1.4174236043245223 0.8388089120465005 0.817969759951623 3.2151888722169635 1.793094775023608
131 640 5 5120 1e-06 128 0.1 1.3367691834767659 -0.5265197239534176 0.8260756354564951 0.8046079404718366 2.0302810069756676 1.4248792955810916
123 160 5 8192 1e-05 16 0.0 4.885451936721802 0.7193434874986752 0.8489646885015149 0.8359446657726654 0.3732749586358158 0.6109623217808245
129 10240 2 5120 1e-06 512 0.3 4.016426952679952 0.29721976006835393 0.8406557315964867 0.8201437465595461 0.9347022189243357 0.9667999891002976
133 160 4 512 1e-06 32 0.2 0.3420758287111918 0.023373511692469484 0.6749732320259526 0.6959218067524023 1.298919482668034 1.139701488403009
132 1280 4 5120 3.1622776601683795e-05 1024 0.3 0.7718543608983358 -1.6656590299313878 0.8287131010409461 0.8117467527762243 3.545343577694925 1.8829082764954126
134 2560 1 4096 1e-06 256 0.2 0.7834431091944377 0.7124336192156464 0.8443229603941254 0.8259868147772694 0.3824651276952788 0.6184376506126376
135 5120 3 512 0.0001 64 0.2 5.156998225053152 -4.152748160019316 0.8415860983604826 0.822686171110805 6.853188045236993 2.617859439549227
139 160 2 8192 0.0001 1024 0.1 0.10288923581441244 0.6482316402912511 0.8220340794828522 0.7999675760837506 0.4678541707420817 0.6839986628218521
137 2560 4 512 1e-06 32 0.2 5.224649639924367 -5.560396703491692 0.7756622278896275 0.753687826142615 8.725369621055359 2.9538736636923657
141 1280 2 8192 3.1622776601683788e-06 1024 0.0 0.689699665705363 0.7202386270433712 0.8488301614339784 0.8337721536537602 0.37208441730990194 0.6099872271694727
143 2560 1 512 3.1622776601683788e-06 512 0.3 0.5247526407241822 0.6825953745153368 0.8266134729742651 0.8199789355495755 0.4221501841972934 0.6497308551987456
144 640 1 6144 3.1622776601683795e-05 128 0.1 0.34056491454442345 0.7095027531802458 0.8461956476372557 0.8281664044434602 0.3863631982883357 0.6215812081203353
138 1280 5 4096 3.1622776601683788e-06 16 0.2 13.119594144821168 -8.131764034069079 0.8491865293160096 0.8348611375178959 12.145304634871335 3.4850114253573596
146 1280 3 512 3.1622776601683795e-05 32 0.3 2.3807876269022623 -7.533168048032415 0.8227748194405118 0.8071472317339327 11.349168140706261 3.3688526445521867
142 5120 5 8192 3.1622776601683788e-06 256 0.1 13.50118743578593 -2.931300741732186 0.8496126172182723 0.8366146735823777 5.2286551581378555 2.2866252771579902
147 640 2 1024 3.1622776601683795e-05 16 0.2 2.044697610537211 -2.200415067736072 0.8284106167026537 0.8070440912271339 4.2565725319521475 2.063146270130198
114 10240 5 512 1e-06 16 0.3 43.357605461279555 -4.605926943797231 0.8154548671106795 0.8067113359180297 7.45591872930951 2.7305528248524165
150 2560 5 6144 0.0001 1024 0.0 2.373566913604736 0.7130931018317375 0.8463454500695586 0.830218303360705 0.38158801159329186 0.6177281049080509
149 2560 3 6144 3.1622776601683788e-06 64 0.0 7.544480645656586 0.7278759302350342 0.8533368052624462 0.8422081108093789 0.3619267551642792 0.6016034866623358
148 10240 3 7168 3.1622776601683788e-06 256 0.0 13.376687089602152 0.7318159653927918 0.8555115770690833 0.8424050443439337 0.35668648317690205 0.5972323527546897
112 2560 5 7168 0.0001 16 0.2 63.38397993644079 0.6077137617357985 0.8258524549910612 0.802180840791821 0.5217432086518154 0.7223179415270089
151 10240 2 6144 3.1622776601683795e-05 256 0.2 6.860775125026703 -2.0235605842345885 0.8337983787343574 0.8146642504713997 4.021354936517717 2.005331627566303
161 40 5 5120 3.1622776601683788e-06 512 0.0 0.06646251281102498 0.44386597433452635 0.675163933812701 0.7095484813220206 0.7396618149926931 0.8600359381983367
162 5120 2 256 1e-05 1024 0.0 0.8497396111488342 0.6814280914302095 0.8300760882502377 0.8125741991508181 0.4237026781744823 0.6509244796245431
22 5120 5 8192 1e-05 16 0.1 159.05112553834914 0.6816752997178303 0.8286385092510921 0.8129117834114555 0.42337388956910255 0.6506718755018558
164 5120 4 5120 1e-06 1024 0.1 3.06830438375473 0.2786286830837066 0.8368215557362191 0.8168898441949474 0.9594284703502909 0.9795041961881995
165 2560 2 6144 3.1622776601683795e-05 512 0.2 1.2358795245488485 0.5217451528895809 0.8345652565826271 0.8142867444206038 0.6360820088636902 0.7975474963058251
167 5120 1 8192 3.1622776601683795e-05 128 0.2 3.360169549783071 0.6993615531990429 0.8403767619886928 0.822165529038601 0.39985105919618874 0.6323377730265596
166 1280 3 2048 3.1622776601683788e-06 16 0.0 4.371313722928365 0.7222399603875477 0.8500384752948722 0.8366122038132731 0.36942263114785645 0.6078014734663421
163 5120 4 7168 1e-05 128 0.0 13.823880275090536 0.7317187283697142 0.8557976773851643 0.8405627285143563 0.3568158090401921 0.5973406139215649
168 2560 4 6144 1e-06 32 0.0 19.157892831166585 0.734541915607059 0.8570546032885611 0.8444926472314154 0.3530609519380037 0.5941893233120262
170 5120 1 2048 0.0001 64 0.0 4.141627947489421 0.6983610573737326 0.8392460844533782 0.820815450031629 0.401181725049903 0.6333890787264199
171 640 3 6144 0.0001 512 0.3 0.4665096600850423 0.6568045266619904 0.8343623856180905 0.8225471267964215 0.4564521769778636 0.6756124458429282
169 2560 3 4096 1e-05 16 0.1 17.484883463382722 -1.1568228111191492 0.8458853378372858 0.8279344673209519 2.8685881486590623 1.6936906886025742
136 2560 5 8192 1e-05 16 0.0 78.37727172374726 0.7310490081285035 0.856208476193 0.8398631940620614 0.3577065412491383 0.598085730685107
140 10240 3 6144 1e-06 16 0.3 114.20856264432271 -7.6668562358099095 0.8384079189684749 0.8236257523752065 11.526974286439316 3.3951398036663107
160 10240 4 4096 1e-05 16 0.1 85.99094254573187 0.27121759106308785 0.8490954468536265 0.8385994463870847 0.9692852701900224 0.984522864229177
145 10240 5 7168 1e-05 32 0.2 128.37443178892136 0.616000622616853 0.8346218546953146 0.8124710955062447 0.5107216306202643 0.7146479067486761
110 10240 4 8192 1e-05 16 0.0 242.6320692062378 0.732454723177207 0.8567171468840136 0.8412664652603522 0.3558369312337427 0.5965206880182302
172 2560 1 8192 3.1622776601683788e-06 256 0.3 1.0624988754590352 0.7196326400164422 0.8493048823943112 0.8320564382325863 0.37289038393577767 0.6106475120196411
173 1280 2 512 0.0001 128 0.0 0.6162127733230591 0.7048918257323153 0.8423490593938994 0.8260731461092647 0.39249576131728325 0.6264948214608667
174 2560 4 1024 0.0001 1024 0.0 0.48883285919825237 0.7105980199004287 0.8455126877916881 0.8297901486121457 0.3849064865376346 0.6204083224277658
175 160 3 7168 1e-06 512 0.0 0.16500547726949055 0.5667195692689961 0.7592043580209203 0.7791672912689233 0.5762657471134236 0.7591216945348246
176 40 2 1024 1e-05 128 0.2 0.043078128496805826 0.5595138394117454 0.7569175020986364 0.768243097033452 0.5858494139609673 0.7654080048973667
178 160 2 1024 0.0001 256 0.1 0.08368517557779948 0.6479244822066903 0.8488761910707117 0.8293379596925956 0.46826269296124295 0.6842972255980898
179 5120 2 256 3.1622776601683795e-05 64 0.1 5.53281033039093 -0.27725981674028377 0.8392236135304856 0.8170144016547305 1.6987637344017394 1.3033663086031262
180 5120 3 512 1e-06 1024 0.1 1.062479015191396 0.5851285808912587 0.7868439243258758 0.7856735846468772 0.5517816437851822 0.7428200615123304
177 1280 3 7168 3.1622776601683795e-05 16 0.3 17.996790591875712 0.7147620216735094 0.8479950376727251 0.83450386882887 0.37936833751784715 0.6159288412778274
182 5120 1 1024 1e-06 32 0.3 7.6507609208424885 0.7231536010641837 0.8514848016793317 0.8335964682872831 0.36820748319800195 0.6068010243877329
181 2560 5 1024 3.1622776601683795e-05 16 0.2 13.212082652250926 -0.030468930216730472 0.8112340076706192 0.8148124734799193 1.3705302751537884 1.1706964914758173
183 5120 4 1024 3.1622776601683795e-05 256 0.3 1.823019234339396 -3.6329354227462547 0.7195400104415591 0.695064501975197 6.16183377636694 2.4823041264855
184 160 1 512 1e-05 128 0.3 0.09673511584599813 0.6498951480640507 0.8066663734238124 0.8032957558326235 0.465641694753023 0.682379436056673
185 2560 2 6144 1e-06 64 0.2 4.955494157473246 0.5417317740895411 0.8517283557730423 0.8317706422978076 0.6094996746958712 0.7807046014312143
186 1280 3 5120 1e-05 256 0.0 1.0011448701222738 0.7290352920189778 0.8553554353428994 0.841541051977702 0.36038479656838374 0.6003205781650198
187 640 3 4096 3.1622776601683795e-05 32 0.1 2.208264696598053 0.15675846420921746 0.8446206009247774 0.8286195886430975 1.1215166417733502 1.0590168278990424
188 5120 3 8192 1e-05 512 0.1 6.379007252057393 0.1927172941005144 0.8456038964803105 0.8301298708818592 1.0736911677779701 1.0361907004880762
189 2560 5 512 1e-06 128 0.0 1.464741575717926 0.6701665534258473 0.8235854603572013 0.8032608104429004 0.43868059582652374 0.6623296730681207
190 10240 1 256 0.0001 1024 0.1 1.8094821373621623 0.6849293142640266 0.8331750170944064 0.8164201825805357 0.41904602938760743 0.6473376471267583
191 1280 5 6144 3.1622776601683788e-06 32 0.0 12.380963842074076 0.7346336789593833 0.857263365585802 0.8449472321956195 0.3529389060918629 0.5940866149745027
193 10240 4 512 0.0001 1024 0.1 2.3926084518432615 -2.3047067156736385 0.8400328239726613 0.8215204400932902 4.395281091475677 2.096492568905427
194 2560 2 2048 0.0001 64 0.0 2.282786750793457 0.717761572260377 0.8489042110849836 0.8303002112256467 0.37537891603156054 0.6126817412258673
195 40 5 6144 1e-05 512 0.3 0.10117547114690145 -2.5996403982743144 0.7119368124895394 0.7259182583982278 4.7875447777585896 2.1880458810908396
192 10240 2 1024 1e-06 16 0.1 32.526613028844196 0.17686429226564004 0.8243420111990716 0.7978015148542986 1.0947757617231695 1.0463153261436866
197 2560 2 1024 1e-05 64 0.2 2.372342109680176 -2.0561709664575956 0.817642679837953 0.798031055932153 4.064726953674574 2.0161168006032226
198 1280 2 4096 3.1622776601683795e-05 512 0.0 0.42028379440307617 0.7214334386144685 0.8506941560775803 0.8359543605379578 0.37049531027011134 0.6086832593969637
199 160 4 7168 3.1622776601683795e-05 512 0.1 0.35150120258331297 0.6218378046992374 0.843970738116677 0.8276319021744885 0.5029581410759356 0.7091954181154413
200 160 1 512 1e-05 1024 0.1 0.041746493180592856 0.0018292077356568681 0.39400920458762295 0.4643055330543655 1.3275735448761172 1.1522037774960283
201 160 4 512 0.0001 128 0.2 0.1125536322593689 -6.910118287970312 0.8310389290206638 0.8115324357974791 10.520507970512853 3.2435332541092983
196 5120 4 7168 0.0001 32 0.0 49.37856667439143 0.710951835584809 0.8438742906275746 0.8321059810635861 0.38443590941197053 0.6200289585269148
202 160 5 4096 1e-06 512 0.2 0.1857996424039205 -0.08873656808222607 0.567776081911995 0.6149965412921496 1.4480266065954004 1.2033397718829875
203 160 5 256 0.0001 16 0.1 0.637274706363678 -2.8565295134548183 0.8448721566407021 0.8251398314231893 5.129208945777998 2.2647756943631303
204 5120 1 6144 1e-06 16 0.2 16.63470015525818 0.7150819964216799 0.8476982329280438 0.8284124597983146 0.3789427690540214 0.6155832754827095
205 40 3 6144 0.0001 64 0.3 0.14892457723617553 0.6400248388991221 0.824390425956794 0.8047119656720462 0.47876926914075085 0.6919315494619037
206 10240 2 1024 3.1622776601683795e-05 512 0.1 2.1081140995025636 -0.23728603144249472 0.8430183566513032 0.8228702979269095 1.6455983440084603 1.2828087714107899
207 2560 3 5120 3.1622776601683788e-06 512 0.2 1.3958998918533325 -0.5488377223039882 0.8360517777227927 0.8139573804362408 2.059964087681319 1.4352574987371844
208 10240 3 256 3.1622776601683788e-06 1024 0.0 1.7232750097910563 0.6487578884099257 0.8117994010050912 0.7931934786379291 0.4671542573747426 0.6834868377479866
209 5120 3 8192 3.1622776601683788e-06 16 0.2 90.37558674017588 -4.460320806075649 0.8404945836434368 0.8234468599951154 7.262261633841655 2.694858369904002
210 1280 1 1024 1e-05 128 0.0 0.5751983046531677 0.7042046200566138 0.8416222509299789 0.8246717180222461 0.3934097492660595 0.6272238430305879
211 5120 3 512 1e-05 128 0.2 2.7900825778643292 -5.061408386343632 0.8374503640455417 0.819463122428905 8.061711964287753 2.8393154041577966
212 40 5 256 1e-06 256 0.0 0.043958886464436846 -27.857725211245324 0.13489652652302747 0.16162025259814183 38.38095930341359 6.195236823836002
213 1280 1 7168 1e-05 512 0.3 0.37763615846633913 0.7209647105096247 0.8504607291291728 0.837257882554191 0.37111872165076176 0.6091951425042404
214 5120 5 6144 3.1622776601683795e-05 512 0.3 5.774061878522237 0.6631716521553206 0.8440877635832518 0.8398278800500838 0.44798385930381485 0.6693159637299971
215 640 3 4096 1e-06 128 0.1 0.6476082841555277 0.6439358907210762 0.8443807377842781 0.8297998433774382 0.4735675451755692 0.6881624409800126
216 40 5 256 3.1622776601683795e-05 16 0.1 0.1847784399986267 -3.669840715864499 0.7948355760914101 0.782819526841695 6.2109180525142484 2.492171352959954
217 160 1 2048 3.1622776601683795e-05 128 0.2 0.09866572221120198 0.7152270662447551 0.8474626342526081 0.8309215240355445 0.3787498252604674 0.6154265392883763
218 2560 1 256 1e-06 256 0.2 0.7826937556266784 0.6122216068491286 0.7848418229021864 0.7854262022519068 0.5157477457879097 0.7181557949274724
219 2560 5 5120 3.1622776601683795e-05 16 0.0 35.010841083526614 0.7273845630549498 0.8535482782660664 0.8392928617099558 0.3625802766599548 0.6021463913866418
220 640 4 7168 1e-06 1024 0.3 0.6342168927192688 -0.3446880691480132 0.6985170991792691 0.7066805264578451 1.788443741838808 1.3373270885758681
221 2560 4 512 3.1622776601683788e-06 64 0.0 2.49304834206899 0.6771830664886405 0.8272868338459285 0.8120524512118507 0.42934858852714064 0.6552469675833232
222 5120 5 2048 3.1622776601683795e-05 32 0.3 12.576212020715078 0.561841347539614 0.82561094638898 0.7996625411681823 0.5827538132481543 0.7633831366018995
223 2560 4 256 3.1622776601683788e-06 128 0.2 1.5033070683479308 -6.863144543431789 0.8095495473179561 0.7965379477401886 10.458032589509521 3.233888153525029
224 640 5 1024 1e-06 256 0.2 0.2640575369199117 -1.3472230394462823 0.756377836740653 0.7529618983369002 3.121821671443341 1.7668677572029383
225 40 1 8192 1e-05 256 0.3 0.031362926959991454 0.5715402705429969 0.7641112527782179 0.776408374867618 0.5698541835526466 0.7548868680488796
227 2560 5 6144 1e-05 1024 0.0 2.2568747639656066 0.732495647840184 0.8561198936017416 0.8433390438860724 0.35578250116994764 0.5964750633261608
228 2560 4 6144 1e-05 1024 0.1 2.377963129679362 0.12021435742430808 0.8482178923175803 0.8311505859044679 1.1701205377846908 1.0817210998148694
229 10240 5 1024 1e-05 256 0.0 3.617402688662211 0.7251863930834421 0.8518914878949835 0.8376377477874153 0.36550385679667147 0.604569149722901
230 640 4 1024 3.1622776601683795e-05 1024 0.2 0.14908172686894736 -2.2458237825911094 0.8229924952066987 0.8033749358928822 4.31696641345575 2.0777310734201744
231 160 1 2048 3.1622776601683795e-05 512 0.0 0.04587484995524089 0.68990461599617 0.8315699502327414 0.8149122595242027 0.412428846227613 0.6422062334076282
226 2560 5 4096 0.0001 16 0.2 26.50572064717611 0.4575070374699174 0.8230644109066401 0.79801966550449 0.7215191136805772 0.8494228120792243
233 160 1 7168 0.0001 128 0.1 0.11090089877446492 0.7096633830241299 0.8458708253966172 0.8289211953716994 0.38614955956747654 0.6214093333443557
234 5120 4 256 1e-05 128 0.1 2.9455902854601543 -2.037010388555307 0.8385339674431161 0.8186273820535857 4.039243262381712 2.0097868698898678
235 5120 5 5120 0.0001 512 0.3 4.418306970596314 0.6649046006008988 0.816609839140809 0.8043979363734689 0.44567902677534055 0.6675919612872376
236 160 5 1024 3.1622776601683795e-05 16 0.1 0.6981620629628499 -2.7519794704714804 0.8404323302952653 0.820618716334422 4.990156719189121 2.2338658686656014
237 40 1 2048 3.1622776601683788e-06 512 0.1 0.030880451202392578 -3.205674201211928 0.13261719699657232 0.17685544723733634 5.593573616025352 2.365073702028195
238 40 1 256 0.0001 64 0.0 0.055396596590677895 0.6834785082950503 0.8288670574978572 0.8068915553382369 0.4209756106156776 0.6488263331706549
239 640 3 4096 3.1622776601683788e-06 1024 0.1 0.24500927130381267 0.657835300422693 0.832304486626204 0.8207268701038817 0.45508124127621197 0.6745970955142128
232 10240 4 7168 3.1622776601683795e-05 128 0.2 28.33224450747172 0.6745837390264131 0.8294513718741933 0.8171772958289778 0.43280571069507634 0.6578797083776611
240 10240 3 7168 0.0001 128 0.2 20.746635135014852 0.1963273241057063 0.8270310742927527 0.8263220398554785 1.0688898047564876 1.0338712708826412
241 160 3 2048 1e-05 128 0.2 0.12161348263422649 -0.02882238123178893 0.8322726563669849 0.8156266125911269 1.368340354461166 1.1697608107904651
242 160 4 2048 3.1622776601683788e-06 32 0.0 0.3298313617706299 0.7094611590122004 0.8431438658693832 0.8280084498074227 0.3864185187981582 0.6216257063524305
243 10240 5 7168 0.0001 512 0.2 15.599228425820668 0.6496888844962855 0.8167053373048703 0.794322664025667 0.46591602661883097 0.6825804176936451
244 10240 5 256 3.1622776601683795e-05 32 0.2 22.22697598139445 -1.3180200316994974 0.8227125778141477 0.8093206285462484 3.082981484156858 1.7558421011460164
245 1280 3 512 3.1622776601683788e-06 1024 0.3 0.2530809998512268 0.011772855824962125 0.6958237614210313 0.7107246812115623 1.3143484292493883 1.1464503605692609
246 5120 3 512 3.1622776601683788e-06 512 0.2 1.1176992932955423 -1.0105842141387567 0.7939689522969366 0.7640795086692886 2.67408987832743 1.635264467395849
247 10240 4 512 1e-05 64 0.2 10.787749262650808 -2.317644027394639 0.8315816895278951 0.8121084449323036 4.41248779890062 2.1005922495574003
248 160 2 1024 3.1622776601683795e-05 64 0.1 0.1654385248819987 0.6728328828455798 0.8450464679196683 0.8256603997709424 0.4351343606261009 0.6596471485772533
249 5120 2 8192 1e-06 256 0.1 4.84090047677358 0.7045967805031498 0.8484049134049945 0.8322059145567711 0.3928881733612116 0.6268079238181435
250 160 5 7168 3.1622776601683795e-05 1024 0.1 0.2177672028541565 0.5648950403478006 0.8313087355286316 0.8196899357020762 0.5786923822608476 0.7607183330647734
251 40 2 256 1e-05 128 0.3 0.03960678974787394 0.0702235298142726 0.41155451002261484 0.47585575846459194 1.2366086585911449 1.1120290727274826
252 5120 5 7168 1e-06 64 0.2 33.37828898827235 -8.618360384530165 0.8509462307560701 0.8382186964604497 12.792480896601031 3.576657782986937
253 40 2 256 3.1622776601683795e-05 256 0.0 0.03664933840433757 0.491192601525979 0.7048527666051845 0.7343730521510494 0.676717097801501 0.8226281649697517
254 2560 5 4096 3.1622776601683795e-05 32 0.0 13.287990053494772 0.7293867311413483 0.8548837790735186 0.8411762633946851 0.35991738028540937 0.5999311462871463
258 640 4 2048 3.1622776601683788e-06 256 0.1 0.2988655805587769 0.18361959327560418 0.8382217032770358 0.8238135285516301 1.0857911681265575 1.0420130364475089
257 1280 4 4096 3.1622776601683795e-05 128 0.0 1.5739881674448648 0.7321737083050102 0.8561308746780347 0.8422869591096086 0.35621068281306795 0.5968338820920508
260 640 1 2048 0.0001 64 0.3 0.5391359806060791 0.7082078658092102 0.8440712392263323 0.8269919739407401 0.38808540678281717 0.6229650124869109
261 640 4 8192 3.1622776601683795e-05 256 0.2 1.358552622795105 -1.3774598200734727 0.8413548911022601 0.8225905873602226 3.162036783279883 1.7782116812347968
262 40 2 6144 1e-05 128 0.2 0.06303420066833496 0.7141105090887168 0.8468133154865327 0.836904816158866 0.38023485342717617 0.616631862156973
256 640 4 6144 1e-05 16 0.0 10.376185254255931 0.7210987600450227 0.8517476718777093 0.8383820329814022 0.3709404349103798 0.6090487951801398
259 2560 3 7168 3.1622776601683788e-06 64 0.0 9.371816635131836 0.732020457862709 0.8556036557486488 0.8425859486202038 0.35641450688257215 0.597004612111642
264 2560 1 1024 1e-06 512 0.0 0.534533663590749 0.6325950351796172 0.7962531811608689 0.7917346929281158 0.4886509556598098 0.6990357327489131
265 160 3 2048 0.0001 128 0.1 0.11644898255666097 0.5468380878443508 0.8300845239905985 0.8133088633039633 0.6027082447068767 0.7763428654318121
266 640 1 2048 1e-05 64 0.3 0.5417341311772664 0.719292943919587 0.8496902172924872 0.8320476281607047 0.3733421819196273 0.6110173335672461
255 10240 4 6144 1e-05 128 0.3 23.38299857378006 -0.27563746896240526 0.8393067251909079 0.835446693969111 1.6966060014694684 1.3025382917478734
267 5120 1 5120 1e-05 32 0.2 8.103433589140574 0.7047799878433251 0.8429737770767659 0.8246174199641637 0.39264450642572446 0.6266135223770106
268 2560 2 7168 1e-05 32 0.1 11.884222666422525 0.5521761684278732 0.8371570236286867 0.8164334529816962 0.5956085633517202 0.771756803242913
270 5120 5 2048 3.1622776601683795e-05 1024 0.0 1.2972557624181111 0.7216680338244257 0.8516175789024985 0.838095502903008 0.37018329713878395 0.6084269036940954
271 1280 2 2048 1e-05 512 0.0 0.2937439242998759 0.7131357284553681 0.8456213700943129 0.8329945081457446 0.38153131791093015 0.6176822143391617
272 5120 2 5120 3.1622776601683788e-06 512 0.3 2.0300009846687317 0.2344062445820626 0.8411472084059781 0.8204003445108778 1.0182445967082998 1.0090810654790328
269 5120 1 1024 1e-05 16 0.3 14.15402250289917 0.687069217840939 0.8340734325428507 0.8164940913425555 0.41619994392877524 0.6451356011946444
273 10240 1 1024 3.1622776601683795e-05 128 0.1 4.492572530110677 0.687216609078457 0.8345494282493948 0.8176426814252379 0.41600391263914815 0.6449836530014913
263 10240 2 6144 0.0001 32 0.0 36.5373331785202 0.6944534616989397 0.8360458541543815 0.8164561601125713 0.406378852317231 0.6374785112591882
275 160 2 6144 3.1622776601683795e-05 1024 0.0 0.0799033522605896 0.7249117816854636 0.8517191409455985 0.8407369762540412 0.365869091714286 0.6048711364532829
277 40 2 6144 3.1622776601683795e-05 1024 0.1 0.035098524888356526 0.5802725702895888 0.7980508445325627 0.8071787489366893 0.5582401689778406 0.7471547155561828
278 640 4 2048 3.1622776601683795e-05 64 0.2 0.7462468306223552 -6.52343922067069 0.8341636776179175 0.8136992342714401 10.006222335145953 3.163261344743104
276 5120 3 256 3.1622776601683788e-06 128 0.3 2.8500107963879904 -8.130733116125844 0.7900127725476234 0.772656758735043 12.143933507405993 3.484814702018745
281 40 5 1024 1e-06 1024 0.3 0.03684300184249878 -26.076860502757338 0.10944881385294021 0.1484593322470379 36.012397838467365 6.001033064270465
282 640 2 8192 3.1622776601683795e-05 1024 0.1 0.37807625929514566 0.6947110212414036 0.8412731632707869 0.8256764717012367 0.4060362964766319 0.637209774310338
283 2560 3 7168 3.1622776601683795e-05 1024 0.1 2.378587226072947 0.6755582144917758 0.8448745266244657 0.8309029454739196 0.4315096520866978 0.6568939427995191
279 1280 4 4096 3.1622776601683788e-06 16 0.1 10.739005466302237 -1.6836049321035365 0.8491228757551443 0.8338374735172511 3.5692117424892826 1.8892357561959499
284 160 1 8192 3.1622776601683795e-05 1024 0.2 0.06745287974675497 0.690476085636593 0.8329406565204496 0.8167654341840659 0.41166878794680073 0.641614204913514
285 40 5 512 1e-06 64 0.3 0.07270089387893677 -2.023987271463742 0.13347882086882312 0.16917313828096806 4.021922433264517 2.005473119556709
274 5120 5 1024 3.1622776601683788e-06 16 0.3 21.391650815804798 -2.8410909814407224 0.7845817068675869 0.7807235038405911 5.108675599348233 2.260237951930777
280 10240 2 7168 3.1622776601683795e-05 64 0.3 24.71058895587921 -5.726401081238777 0.8191896421906172 0.8061188125062053 8.94615650636455 2.991012622234241
286 160 3 2048 3.1622776601683788e-06 64 0.1 0.1883269945780436 0.6269473967955762 0.8403045246410128 0.8246886377837261 0.49616235087171673 0.7043879264096714
287 160 3 5120 1e-06 512 0.1 0.11008254686991374 0.43111822366566654 0.6626031888627454 0.7050307575579946 0.7566164050045527 0.8698369991007239
289 1280 5 6144 3.1622776601683795e-05 256 0.3 2.1016000787417095 0.25691465015365933 0.8147566160003894 0.8336018133099727 0.98830827317953 0.9941369489056978
290 5120 2 2048 0.0001 1024 0.1 1.003474525610606 0.538833467213105 0.8406043508226829 0.8206976014968771 0.613354441399033 0.7831694844661868
291 40 3 1024 0.0001 16 0.1 0.16046448548634848 0.5149358436048974 0.8307730305550767 0.7982494277556971 0.645138433811487 0.8032051007130664
288 10240 1 6144 0.0001 128 0.3 5.404104594389597 0.655584556043598 0.8243237775414685 0.8088395396419483 0.458074745711647 0.6768121938260621
293 40 3 1024 3.1622776601683795e-05 32 0.3 0.09540867408116659 -1.1718069286173574 0.829749186544392 0.8132114364421088 2.888517120873136 1.6995638031192404
292 640 3 4096 0.0001 16 0.1 4.202630591392517 0.7099862630658819 0.8483289707834543 0.8336769753876578 0.38572012704458547 0.6210637061079849
294 5120 4 6144 0.0001 16 0.3 76.22423742612203 0.27705119831459424 0.8033779006227701 0.7811588467231123 0.9615265351936508 0.9805745944055714
295 640 2 5120 1e-06 512 0.2 0.2760831316312154 0.6631120028991411 0.8143578025925888 0.8144901870428419 0.4480631931964605 0.6693752260103898
296 10240 2 4096 3.1622776601683795e-05 128 0.3 7.40568147500356 -5.861421570223418 0.8226859306767708 0.8042064002500497 9.125734621233669 3.0208830863232143
297 2560 5 4096 3.1622776601683788e-06 1024 0.0 1.273895784219106 0.7329777797810296 0.8568891954393119 0.8447068507610159 0.3551412626015915 0.5959372975419407
298 160 3 8192 3.1622776601683795e-05 256 0.0 0.26378289858500165 0.7212057795261329 0.849707476750227 0.8360041245423103 0.37079809831527066 0.6089319324154964
299 1280 2 256 3.1622776601683788e-06 1024 0.1 0.23333163261413575 0.40253219246054084 0.6425287061141575 0.6817396921697586 0.794636009540204 0.8914235859232152
300 160 3 256 1e-06 32 0.3 0.31863563458124794 -0.1327164942750354 0.5247557348509316 0.5658280830539123 1.5065201900298828 1.2274038414596407
301 40 4 512 0.0001 64 0.0 0.06149385372797648 0.6905013535120985 0.8380143408712087 0.8203628924898244 0.41163518151059125 0.641588015404427
302 10240 2 6144 1e-06 256 0.2 6.710825077692667 0.502012804384562 0.8492789845488222 0.8302877886556712 0.6623261587191603 0.8138342329486763
303 160 1 1024 1e-05 1024 0.3 0.04663519859313965 0.21913889042708623 0.5178913729225973 0.5602298537376034 1.0385502754894052 1.01909286892285
304 160 5 5120 1e-05 128 0.3 0.3510535796483358 -7.707495976644742 0.8191484960752105 0.7955166098100077 11.581025401960893 3.403090566229599
305 2560 3 512 0.0001 1024 0.0 0.46407699982325235 0.6789173231253918 0.8299933988475809 0.8132667297802781 0.4270420160960299 0.6534845186353154
306 40 3 8192 1e-06 128 0.3 0.12092322111129761 0.20263305764608142 0.6183117434175607 0.6615278021975056 1.0605031387729542 1.0298073308988211
307 10240 3 2048 0.0001 256 0.0 3.588697858651479 0.714936593941609 0.8471994068763811 0.8332886318425806 0.37913615528351 0.6157403310515805
308 160 5 1024 1e-06 32 0.0 0.35092339515686033 0.6751464614093248 0.8219372062515509 0.8126238525684943 0.43205728632276175 0.6573106467438069
309 2560 1 8192 1e-05 64 0.0 2.8003353198369343 0.708602317258398 0.8437033877631726 0.8268018385818878 0.38756078382977344 0.6225438007319433
310 5120 2 256 0.0001 64 0.3 4.533229633172353 -5.917119150657449 0.8250262508991508 0.8020121025559059 9.199812759835673 3.0331193118365247
311 160 1 8192 3.1622776601683795e-05 128 0.2 0.18098144133885702 0.7131163240559248 0.8456044804148265 0.8279388170635548 0.3815571258864337 0.6177031049674542
312 40 3 8192 0.0001 1024 0.3 0.0595184048016866 0.5291167677681381 0.7740301512513854 0.7621824679611441 0.6262777138756678 0.7913770996659354
313 160 4 1024 3.1622776601683788e-06 512 0.1 0.066128671169281 0.314885769010919 0.6135470782165695 0.6612864283452831 0.9112063139174464 0.9545712723089075
314 1280 2 8192 3.1622776601683795e-05 128 0.1 2.002358583609263 0.6990018803386289 0.8435246485183205 0.8267631701073948 0.4003294264034806 0.6327159128736061
317 640 2 2048 0.0001 512 0.2 0.1769359270731608 0.5182698754898425 0.8377493117632582 0.8181840400681428 0.640704150057115 0.800439972800656
316 2560 1 1024 1e-05 512 0.1 0.5613105098406473 0.7153349483238219 0.8469510558974158 0.8290106968550829 0.3786063414045528 0.6153099555545585
319 40 2 2048 0.0001 1024 0.1 0.02690297762552897 0.5921321459451552 0.7978958843104124 0.7990929829228108 0.5424668574205362 0.7365234941402319
320 640 1 1024 0.0001 512 0.1 0.1425463318824768 0.7069311604244739 0.8443761781846191 0.8262705064643046 0.38978343311910374 0.6243263834879187
315 5120 5 5120 3.1622776601683788e-06 64 0.2 19.619202450911203 -9.214869303309383 0.8515857640061445 0.8386937768220019 13.585841577950468 3.685897662435905
318 5120 1 5120 3.1622776601683788e-06 32 0.3 8.263544821739197 0.7177527663316825 0.849541395150821 0.8328682181613652 0.3753906279731076 0.6126912990838923
321 1280 5 2048 0.0001 16 0.2 6.199148539702097 0.6500123698268441 0.8277548959149337 0.8099635426202579 0.46548578905795124 0.6822651896864966
322 640 5 1024 3.1622776601683795e-05 1024 0.3 0.1583595911661784 -10.903527141512932 0.8071870446257048 0.7950773963938147 15.831767315029168 3.978915344039022
323 40 3 4096 1e-06 64 0.2 0.09294627110163371 0.3088321403340565 0.6386388871648511 0.6792030918501202 0.9192576788183118 0.9587792649084104
324 160 1 1024 1e-05 64 0.1 0.14772327740987143 0.7108525042692848 0.8435967109309592 0.8255179272695922 0.38456802069762397 0.620135485759059
325 640 4 8192 1e-05 16 0.3 15.613639799753825 -3.202038818046155 0.8282771184008414 0.8084921868915677 5.588738533137964 2.364051296638456
326 5120 4 1024 0.0001 32 0.3 10.323004627227784 -0.4524721946852772 0.806036851057361 0.7950483858223883 1.9317973189318387 1.3898911176534077
327 1280 1 6144 1e-05 64 0.1 1.2202281753222148 0.716783356922502 0.849007379039517 0.8311955209572872 0.3766799486943266 0.6137425752661506
329 40 2 7168 0.0001 256 0.1 0.04501485029856364 0.7051985830050994 0.8416600846923501 0.8286261501192269 0.39208777218035135 0.6261691242630472
328 640 3 8192 3.1622776601683788e-06 32 0.1 6.379969322681427 0.46352419488025565 0.845684686733858 0.8293486866002006 0.71351625579771 0.8446989142870435
331 2560 5 4096 1e-05 1024 0.2 1.3345765431722005 -4.939367757658675 0.8411726914853198 0.8237254278328134 7.899397146725659 2.810586619680251
330 5120 2 256 3.1622776601683795e-05 128 0.2 2.478054428100586 -2.562597285640435 0.8373083354041071 0.8136492122315094 4.738277200773046 2.176758415803887
332 640 2 8192 3.1622776601683795e-05 512 0.0 0.4457727630933126 0.7194742273298299 0.8492531569168449 0.8321739181450836 0.3731010738232689 0.6108200011650478
333 40 4 7168 3.1622776601683795e-05 512 0.3 0.07511633237202962 -1.5658928624256898 0.7873308809730188 0.7733263241980501 3.4126539361218744 1.847336984992688
336 640 4 1024 1e-06 512 0.0 0.17498579422632854 0.5155004649437023 0.7216917417151625 0.7535948227478138 0.644387483815676 0.8027374937148981
334 5120 3 5120 0.0001 32 0.1 23.26546595891317 0.7018997356250762 0.8384043524024343 0.8292417861464061 0.39647526031789526 0.6296628147809709
337 1280 5 5120 3.1622776601683788e-06 512 0.0 1.0930142402648926 0.7202660600703845 0.8499969693797789 0.8357465313108914 0.3720479312083238 0.6099573191694021
335 10240 1 8192 3.1622776601683795e-05 32 0.3 21.854720656077067 0.6702812689344281 0.8279403780210862 0.8107858282832893 0.4385280234656021 0.6622144844879203
339 160 1 2048 3.1622776601683788e-06 512 0.0 0.0486689289410909 0.14449365540308068 0.4889601976580707 0.5356521492323886 1.137828916015571 1.0666906374462892
341 40 4 4096 3.1622776601683795e-05 1024 0.3 0.04327438672383626 -1.0525653585786396 0.7225605800251103 0.7235938370482585 2.729925069232567 1.6522484889484896
338 5120 1 256 1e-05 128 0.3 2.322330987453461 0.6822412802323485 0.8307685955079694 0.8188977296150092 0.4226211318608899 0.6500931716768681
342 640 4 8192 1e-05 1024 0.0 1.371091349919637 0.7044161945526165 0.8454135037654061 0.8313324794469642 0.3931283538316905 0.626999484714055
344 640 4 2048 0.0001 512 0.2 0.19960243304570516 -3.3053562893420168 0.8276456844482258 0.8100307424572466 5.726151431490493 2.3929378244096715
346 40 1 8192 1e-06 128 0.0 0.034004497528076175 -0.4403870853868854 0.2614795726831382 0.3435109692447708 1.9157240461855123 1.3840968341071778
343 2560 5 256 3.1622776601683795e-05 64 0.0 2.6368722438812258 0.7035350259090745 0.8405443828665957 0.8220553847089674 0.3943003137696156 0.6279333673007158
347 40 2 1024 3.1622776601683795e-05 16 0.1 0.14567078351974488 0.6773504255769405 0.8367938984683811 0.8155312131516718 0.429125999868122 0.6550770945988892
345 1280 5 8192 3.1622776601683788e-06 256 0.0 3.373140815893809 0.7273354496644715 0.8528457238449461 0.8391444912525342 0.36264559778375816 0.6022006291791451
349 1280 2 6144 1e-05 1024 0.3 0.5222023129463196 0.5843308892957069 0.8501540999128421 0.8336103653462764 0.5528425787147873 0.743533845036517
340 5120 5 5120 3.1622776601683788e-06 128 0.3 10.540158728758493 -13.03052205619944 0.8486043133887077 0.8398430304247422 18.660684170448473 4.319801404051866
350 40 2 5120 1e-06 512 0.2 0.03389088710149129 -0.7268875152216383 0.1497805115151525 0.18085050150675894 2.29677145229267 1.5155102943539085
351 1280 3 8192 1e-06 512 0.2 2.3714218497276307 0.33312990051060287 0.8359134266280579 0.8168079731922311 0.8869415022079418 0.9417757175718334
352 640 3 8192 0.0001 64 0.0 3.3704811056454975 0.7138867429916159 0.8475094628695792 0.8323441479021948 0.380532463769067 0.6168731342578205
354 1280 4 4096 1e-05 256 0.0 0.9569141586621602 0.7295477604158387 0.8543961060359425 0.8413238966075978 0.3597032103192867 0.599752624270446
348 10240 3 512 0.0001 64 0.1 9.850400241216024 -0.9447763389311412 0.8437176559040296 0.824827718960335 2.586564982941588 1.6082801319862121
355 40 4 256 3.1622776601683788e-06 64 0.1 0.05820054213205973 -0.018268158684935143 0.38885812998724334 0.45630613523470787 1.3543031708964646 1.1637453204616828
357 160 3 1024 3.1622776601683795e-05 32 0.1 0.31116175651550293 0.16365379743529884 0.8424941221677842 0.8241274104013057 1.1123458044326933 1.054678057244339
356 2560 2 6144 3.1622776601683788e-06 1024 0.1 1.015178414185842 0.7279022650864213 0.8538130670082978 0.8381526024902243 0.3618917296433156 0.6015743758200773
359 160 1 512 3.1622776601683788e-06 512 0.1 0.04420658747355143 -0.5939678537707973 0.22485853734259453 0.3088287758113348 2.119987451494844 1.4560176686753645
360 40 2 4096 3.1622776601683795e-05 64 0.3 0.06314828395843505 0.5395514368032897 0.8388727799267246 0.8224661036248904 0.6123995372470165 0.7825596061943246
358 1280 3 4096 1e-05 32 0.2 4.396523380279541 -3.9332341674497497 0.8255843386688821 0.8087150559066161 6.5612330295984345 2.56149039225183
361 2560 2 5120 1e-05 64 0.2 4.1831257224082945 -0.25294040791234695 0.8008586374428592 0.776725021384202 1.6664187649464066 1.2908984332419056
363 640 3 5120 3.1622776601683788e-06 32 0.1 2.8364453117052713 0.43386868967259207 0.8418020973387601 0.8245225365958649 0.7529582676044471 0.8677316794980157
365 2560 1 256 3.1622776601683795e-05 512 0.0 0.5131827473640442 0.667456590091987 0.822517139251199 0.8075178814107956 0.44228486441211917 0.6650450093129932
362 2560 1 7168 1e-06 16 0.0 8.976473613580067 0.7097314176838017 0.8439592423414093 0.8269651751028406 0.38605907303449566 0.6213365215682204
353 10240 4 256 1e-06 32 0.2 20.224133773644766 -6.320610539391321 0.8345839852948711 0.8157514649487136 9.736458890357348 3.12032993293295
366 40 1 512 3.1622776601683795e-05 64 0.1 0.04781663417816162 0.6708100531827043 0.8199133599257981 0.8133863477018517 0.4378247370296544 0.6616832603516991
367 40 1 8192 0.0001 32 0.1 0.10090250571568807 0.6899064569605161 0.8364895192620139 0.8189181881501318 0.4124263977332452 0.6422043270900977
370 40 4 4096 1e-06 256 0.0 0.04622711340586345 0.1454455192800741 0.4300079817998411 0.4817489224466971 1.1365629309645027 1.0660970551335853
368 640 4 2048 3.1622776601683795e-05 64 0.3 0.7593579769134522 -6.084596264518233 0.8271039975839785 0.8187421341614001 9.422558393605831 3.0696186071897973
372 160 3 2048 3.1622776601683795e-05 256 0.3 0.07024617989857991 -1.8546982709150797 0.8213973873668388 0.8063766637732026 3.7967669785981935 1.9485294400132098
371 40 5 5120 3.1622776601683795e-05 1024 0.3 0.05337947209676107 -2.159076719241499 0.7627026474833253 0.7577202218464146 4.201592263770015 2.049778588962724
374 40 4 7168 3.1622776601683788e-06 256 0.1 0.09365982214609782 0.6119502521248223 0.8066692083904414 0.8074380009682534 0.516108649308688 0.7184070220346458
364 5120 3 4096 1e-06 64 0.0 8.986967142422994 0.7280076080582124 0.853356349742482 0.8408617917494023 0.36175162281633527 0.6014579144182369
369 10240 1 1024 3.1622776601683795e-05 128 0.3 4.4440707246462505 0.6805536043250973 0.8305421631503569 0.8119076563902976 0.42486575162351486 0.6518172685833928
375 640 5 256 1e-06 512 0.0 0.1670506477355957 -0.02468830972296554 0.36290243323376803 0.4226408600146597 1.3628420128844807 1.1674082460238495
373 160 4 8192 3.1622776601683795e-05 16 0.2 3.8493258396784467 0.665881429534515 0.8422903534322665 0.8239838320331921 0.4443798380391158 0.6666182101016411
376 10240 4 1024 1e-05 1024 0.3 1.949397293726603 -10.62272985260379 0.8282131030959007 0.8074799870430367 15.458305122869582 3.931705116469136
378 40 2 8192 0.0001 16 0.1 0.442957333723704 0.6596322419936107 0.8416926896589205 0.8220076481270143 0.452691297481296 0.6728233776269192
381 640 5 5120 3.1622776601683788e-06 128 0.2 1.3238654057184855 -5.996690484345101 0.8266260439825652 0.8055525718611244 9.30564314312569 3.050515225847216
380 1280 5 256 3.1622776601683795e-05 32 0.2 2.8327209750811257 -3.2356277234447948 0.8239295519204829 0.808903348154196 5.633411992383775 2.3734809863118294
383 40 3 2048 3.1622776601683788e-06 1024 0.2 0.02326192855834961 -1.0429279113713408 0.11404386048573698 0.1545249008575555 2.717107202739473 1.648365008952651
377 10240 2 6144 0.0001 128 0.3 11.377874898910523 0.7110134573752207 0.8433677917393534 0.8296893672877755 0.38435395203616635 0.6199628634330981
382 10240 1 256 0.0001 128 0.2 4.399602909882863 0.6507773100740502 0.8169490166764585 0.7956304034999605 0.46446841363134905 0.6815191953506144
384 160 3 2048 1e-06 128 0.0 0.10401964584986369 0.6054526626508872 0.7810329530413009 0.7886531583297043 0.5247504849122863 0.7243966350779705
385 40 3 4096 0.0001 16 0.0 0.2705585201581319 0.6924127592740166 0.8359994524483094 0.8145744909524378 0.4090929996087449 0.6396037832977107
387 40 4 512 1e-06 32 0.1 0.09805596272150675 -0.023135951580615544 0.34693582925588073 0.402704330866491 1.3607773666155973 1.1665236245424253
388 2560 3 512 3.1622776601683795e-05 128 0.2 1.3651214361190795 -5.167027710608214 0.8412429260016021 0.8245433637532421 8.202186341827161 2.86394593905457
386 1280 1 4096 3.1622776601683795e-05 16 0.0 3.3725512742996218 0.7156298923031963 0.8475710114010123 0.832172959727222 0.37821406402349483 0.6149911088979213
390 160 2 6144 3.1622776601683788e-06 16 0.2 1.1389123717943828 0.6777777251801043 0.8519910899655245 0.8329960194969878 0.4285576886599674 0.6546431765931479
389 2560 3 8192 1e-06 1024 0.3 2.372998297214508 -0.25772560095581687 0.8089819374730448 0.7882181064413843 1.6727831023332227 1.2933611646919134
391 2560 1 2048 3.1622776601683788e-06 256 0.2 0.7845005790392557 0.713351432715416 0.8459262808651866 0.8298941738123552 0.38124442986393864 0.6174499411806099
394 160 5 4096 3.1622776601683795e-05 32 0.0 0.8518349130948385 0.7149402536163418 0.8491414071338219 0.8327154242368903 0.3791312878926828 0.6157363785685257
392 1280 5 8192 1e-06 32 0.1 20.380557799339293 -1.6629252321333814 0.8423140641686795 0.8263053412673513 3.5417076091194066 1.8819425095149445
393 1280 5 6144 1e-05 16 0.3 25.380559229850768 0.6387901693849507 0.844401415996599 0.8408328180402016 0.48041138750003554 0.6931171527960014
379 10240 3 6144 3.1622776601683795e-05 32 0.1 57.70639783541362 0.6808769211295597 0.8313603894179451 0.8287442935517824 0.4244357382034221 0.6514873277381703
397 40 3 1024 3.1622776601683795e-05 128 0.1 0.0398994247118632 0.6250835625248468 0.8384239827416878 0.8276171204220845 0.49864126238568796 0.7061453549983091
396 640 3 8192 0.0001 512 0.2 1.3742219805717468 0.7042149066202372 0.8462924549399033 0.8315095502558645 0.3933960680705767 0.6272129367850895
399 640 5 256 1e-05 256 0.3 0.27798311710357665 -14.295501880932479 0.7775830241581471 0.7593413119348681 20.343115436853303 4.5103342932484844
398 1280 4 8192 0.0001 1024 0.3 2.376939582824707 0.5919886719143336 0.8294804871000483 0.8111435393190205 0.5426576788001756 0.7366530247003508
401 640 5 2048 0.0001 64 0.1 0.8581128040949504 0.6811793306820402 0.842985756773656 0.8382332570395008 0.424033531562332 0.651178571178699
400 640 4 256 3.1622776601683788e-06 32 0.0 1.1845599134763083 0.6505981173305455 0.811973899418742 0.7958001909103664 0.46470674112755933 0.6816940230980167
404 160 2 6144 3.1622776601683788e-06 256 0.1 0.12087934811909994 0.7162140349666314 0.8474154710543089 0.8381769684212445 0.3774371505409328 0.6143591380788055
403 40 4 5120 1e-06 64 0.0 0.13560197750727335 0.6322933239971307 0.7969149604205852 0.8011992167603634 0.4890522334643363 0.6993226962313867
405 640 4 2048 3.1622776601683795e-05 256 0.3 0.2917854428291321 -8.821934290761627 0.8362319795607795 0.8208839031842828 13.063235495347502 3.614309822821987
408 2560 2 4096 1e-06 1024 0.2 0.7099217414855957 0.6910690797393808 0.8313389313761773 0.8263039773650097 0.4108801019932249 0.6409992995263137
407 10240 1 2048 3.1622776601683795e-05 1024 0.2 1.6935567776362102 0.7080437100587105 0.8449206070029938 0.8257245769054444 0.38830373498205095 0.6231402209631881
402 1280 4 7168 0.0001 128 0.0 4.3726833264033 0.7119290365360673 0.84508989727657 0.8285684607364033 0.38313622588989965 0.6189799882790231
409 10240 3 1024 3.1622776601683795e-05 512 0.2 2.531326238314311 -5.269234986845405 0.8431187696284788 0.8248259864357391 8.338122673643216 2.8875807648693077
410 5120 4 2048 3.1622776601683795e-05 512 0.3 1.4841483155886332 -4.586448145544481 0.8298965560106866 0.818239001646283 7.4300118029130084 2.7258047991213545
413 40 4 7168 0.0001 512 0.0 0.0960395336151123 0.6927654432454613 0.8325328160702474 0.8127942666367327 0.4086239276685314 0.639236988657987
412 5120 4 512 0.0001 1024 0.1 0.9920887231826783 -2.347573080847244 0.8365277426028714 0.8192249555902961 4.452293631624625 2.110045883772347
419 160 2 4096 1e-05 128 0.1 0.12454040050506592 0.7170290106338627 0.849816943381827 0.8357132815835389 0.37635322768532636 0.6134763464758249
416 40 5 5120 1e-05 64 0.0 0.1829246958096822 0.7093494821218498 0.8473929359599335 0.8341354308855339 0.386567049777378 0.621745164659427
406 1280 2 7168 1e-05 32 0.3 5.893897604942322 -0.3852929380333314 0.7883256408905406 0.7625826811428148 1.8424484774442513 1.3573682173398092
420 160 4 7168 1e-05 512 0.1 0.3496240417162577 0.4328867554156539 0.844769030420725 0.8278945823930189 0.7542642464533788 0.8684838780618663
417 5120 4 2048 1e-06 256 0.0 2.0246103843053183 0.7037756917466533 0.8399544791920671 0.8259430224534393 0.39398022666468197 0.6276784420901215
422 1280 2 6144 1e-06 1024 0.2 0.526679515838623 0.672203747231976 0.8200463895574146 0.8228893925596906 0.43597111502047176 0.660281087886418
418 5120 2 4096 0.0001 256 0.3 2.298484269777934 -5.426125846339209 0.7968770689818812 0.7916547387611227 8.54678852132281 2.923489100599284
395 10240 1 4096 1e-06 32 0.1 15.443425647417705 0.718622813637599 0.8497656215161318 0.8319147398379704 0.374233459485433 0.6117462378187813
423 40 5 8192 1e-05 16 0.3 1.375849469502767 -1.771068585791133 0.8397200484874053 0.8231110082590739 3.685538961912779 1.9197757582365653
414 10240 2 512 3.1622776601683788e-06 128 0.0 5.089163486162821 0.6817981180790791 0.8306201190475113 0.8173508431863792 0.42321054036225086 0.6505463399038157
427 2560 4 2048 0.0001 256 0.1 1.0961384812990824 -0.36745272156925135 0.8465062093543361 0.8303019806124681 1.8187208753183182 1.3485995978489382
425 1280 1 512 0.0001 32 0.2 1.9172775189081828 0.689990894975924 0.8379507061194982 0.8212861069261277 0.4123140946321065 0.6421168854905674
431 2560 1 2048 3.1622776601683795e-05 1024 0.3 0.45889831384023033 0.7122273360851501 0.8464953842009035 0.8287829251640503 0.38273948557964443 0.618659426162444
415 5120 1 8192 1e-06 64 0.3 5.567266329129537 0.7214278283481234 0.8504866437813314 0.8321398574487714 0.37050277196027215 0.6086893887363835
421 5120 2 1024 0.0001 64 0.1 4.587859292825063 -0.25806075474580115 0.8417095944700534 0.8213147120130742 1.67322885901985 1.2935334781210148
435 1280 2 512 0.0001 1024 0.1 0.23218546311060587 0.5066317079365688 0.8296404940946032 0.8069235517499244 0.6561829874207213 0.8100512251831493
430 160 3 8192 3.1622776601683788e-06 32 0.0 1.4046189824740092 0.7211317961951322 0.8506088596249334 0.8352097804461672 0.37089649661920776 0.6090127228713763
424 640 4 6144 1e-05 32 0.3 4.859585122267405 -7.235767902613484 0.8336847806562006 0.8134530314676841 10.953624043082613 3.3096259672480532
437 640 2 6144 1e-06 1024 0.1 0.2745344161987305 0.5982350828637678 0.7769994967898468 0.7959243060234443 0.5343499122424287 0.7309924159951515
433 10240 5 2048 1e-06 512 0.2 3.286038041114807 -7.925784489111807 0.8246242026591188 0.8086142745822459 11.871350521216527 3.445482625295987
432 1280 4 256 0.0001 16 0.1 4.541593627134959 -1.0488739640358813 0.842084658832341 0.8231461379599243 2.7250154908551543 1.650762093959985
443 40 5 4096 3.1622776601683788e-06 64 0.1 0.12703595956166586 0.3929766244374655 0.8311541146219762 0.825554494597235 0.8073449761940183 0.8985237760872098
438 160 5 7168 3.1622776601683795e-05 32 0.0 2.3747183203697206 0.7137918940024508 0.8469885960834737 0.8334008035946139 0.380658613531963 0.6169753751422847
442 2560 2 256 3.1622776601683795e-05 512 0.0 0.5416860461235047 0.6747084533188834 0.8280446468085954 0.809208272483088 0.43263983988756066 0.6577536316034756
428 10240 3 6144 1e-06 512 0.0 7.054551188151041 0.7233174421115731 0.850575537120501 0.8389134727164171 0.36798957355592005 0.6066214417212106
441 1280 3 4096 3.1622776601683795e-05 64 0.2 2.339685829480489 -2.511025057968404 0.8364371225755776 0.821564379866022 4.669685807758628 2.160945581859624
445 2560 5 2048 3.1622776601683788e-06 1024 0.3 0.6916116992632548 -8.430678288449723 0.7636004897256996 0.7384837063594717 12.542862507108715 3.5415903923391134
446 1280 2 7168 1e-06 256 0.2 1.043230672677358 0.7111448894972314 0.8498460453464094 0.8329761507574721 0.38417914647234824 0.6198218667265203
444 640 5 6144 3.1622776601683788e-06 512 0.2 1.3786717494328817 -3.110841068683764 0.8028449804850424 0.7769453469056947 5.467444942558036 2.338256817066516
448 160 5 2048 1e-06 64 0.3 0.22727497021357218 -3.377812246837264 0.6784663432283387 0.6813859622543755 5.822518318885736 2.4129894982957834
434 10240 4 6144 1e-05 1024 0.2 8.375153430302937 -5.013967201820371 0.8431315174159063 0.8281175251325184 7.998614885111761 2.828182258114169
447 2560 2 6144 1e-05 1024 0.2 1.0684632102648417 0.5998467325066469 0.8463448168688028 0.8287625034911529 0.5322064078982055 0.7295247822371804
453 40 1 8192 3.1622776601683788e-06 128 0.0 0.034380845228830975 0.42430955944665627 0.6618987345102469 0.6988127636452564 0.7656719720108741 0.8750268407373993
455 40 1 5120 3.1622776601683795e-05 64 0.3 0.046244454383850095 0.7154053706903525 0.8460410846832163 0.8313407581255455 0.3785126792061615 0.6152338410768392
449 640 4 512 0.0001 16 0.2 2.4717992345492044 -1.813609922828213 0.8204616784214787 0.8008185553179263 3.742119212559033 1.9344557923506633
456 160 2 2048 0.0001 128 0.2 0.09547652006149292 0.42806590604181327 0.831763217692179 0.8177387443847509 0.7606760069878911 0.8721674191277103
451 5120 2 5120 3.1622776601683788e-06 256 0.3 2.824024478594462 0.057499873889416464 0.8387952857921412 0.8189937557122968 1.2535312024392038 1.1196120767655213
426 10240 1 5120 1e-05 32 0.0 15.934223258495331 0.717336136500892 0.8487571112129126 0.8352035292613319 0.37594474831568836 0.613143334234083
450 640 3 4096 1e-05 16 0.1 4.212623512744903 -0.11179354718529955 0.8366311250484366 0.8196548060012259 1.4786925364334829 1.2160150231117552
457 160 2 7168 3.1622776601683788e-06 128 0.1 0.35057954788208007 0.7156503719399461 0.8465078328211304 0.8315945176855184 0.3781868259754891 0.6149689634245692
461 40 3 4096 3.1622776601683795e-05 32 0.3 0.1483971873919169 -0.5085197581854697 0.8203568374182726 0.806941282480364 2.0063409372527348 1.4164536481130383
465 160 1 6144 3.1622776601683788e-06 64 0.3 0.16260869105656942 0.6874047662813353 0.8291826610355142 0.8120241778849332 0.41575366235457273 0.6447896264321974
464 160 2 8192 1e-06 128 0.3 0.2604865829149882 0.6686821534974045 0.8180019793263824 0.8141494694930416 0.4406548572357825 0.6638183917577024
440 10240 4 1024 1e-06 64 0.1 10.892532869180043 -2.3166886020147435 0.8488652700699134 0.8308188627376765 4.411217077027888 2.10028976025402
462 1280 2 4096 3.1622776601683795e-05 64 0.0 1.6343404253323872 0.7198851135715669 0.8496805490959722 0.8356481091689496 0.3725545924909047 0.6103725030593242
454 5120 3 8192 3.1622776601683795e-05 512 0.1 5.641415814558665 0.32462217827749085 0.8396894788067206 0.8240041799816387 0.8982568272518775 0.9477641200488007
468 2560 4 512 1e-06 256 0.3 0.9121683518091838 -3.5199124073195005 0.7574295720622751 0.7335283911171723 6.011512442176922 2.4518385840378896
452 10240 3 1024 1e-05 64 0.2 9.93559323946635 -4.075927374492881 0.8399087129379896 0.8199120306103904 6.751015908612814 2.5982717157011916
473 640 5 5120 0.0001 256 0.1 0.8380768934885661 0.6863235287743363 0.8478619752280018 0.8395966433098588 0.41719171516191184 0.6459037971415804
411 5120 2 8192 1e-06 32 0.1 27.492380813757578 0.6752036617131498 0.846072877592812 0.8299463338613619 0.43198120955242797 0.6572527744729785
469 1280 1 7168 3.1622776601683795e-05 32 0.3 2.5597794095675153 0.7029560751468331 0.8411681033913427 0.8235042544801354 0.3950703219903469 0.6285461971807219
475 40 4 2048 3.1622776601683795e-05 16 0.3 0.18387573560078938 -2.139129967356085 0.8199031734984643 0.8069773337368505 4.175062956045822 2.043297079733102
466 5120 4 1024 3.1622776601683795e-05 64 0.3 5.697290460268657 -2.8682777049402626 0.7392868664702703 0.754174370656281 5.144834115675861 2.2682226777095456
474 2560 2 5120 3.1622776601683788e-06 1024 0.0 0.851699701944987 0.7204677133891284 0.8491233999148659 0.8349481692321746 0.3717797310032331 0.6097374279173233
472 1280 1 6144 0.0001 16 0.0 4.249923841158549 0.7103597650211202 0.8447363749622978 0.8286537230638608 0.38522336705263144 0.6206636505005199
476 160 3 7168 3.1622776601683788e-06 32 0.2 1.1318643887837727 -0.12176894851946019 0.8437368886246134 0.8231722364155403 1.4919598840791817 1.221458097553568
429 5120 3 5120 3.1622776601683795e-05 32 0.1 23.26534546613693 0.7031551045071918 0.839587997820512 0.835294084355763 0.3948056116667096 0.6283355884133173
478 160 5 7168 3.1622776601683788e-06 512 0.1 0.26352156400680543 0.36229561523604514 0.8291824711680583 0.8133596963128539 0.8481509148786275 0.9209510925552059
481 40 3 256 3.1622776601683788e-06 512 0.0 0.02835603952407837 -17.155959117376018 0.11338640184489154 0.14875592571297908 24.147541876478293 4.914014842924092
479 5120 1 1024 1e-06 256 0.0 1.5193755110104878 0.7038520624874272 0.8393980571849214 0.8198384536083995 0.39387865309046033 0.6275975247644467
467 5120 3 256 3.1622776601683795e-05 32 0.0 8.754873549938202 0.714656089785578 0.8470755129128438 0.8303366311043876 0.3795092276070647 0.6160432027115181
463 5120 4 256 3.1622776601683788e-06 32 0.2 10.24065933227539 -5.178160401243588 0.8277801115772735 0.8155594127541382 8.216992891653454 2.8665297646550707
485 160 3 1024 3.1622776601683788e-06 128 0.1 0.10572717189788819 0.6311812189843876 0.817620320456869 0.809091161192845 0.49053134025195594 0.7003794259199481
482 10240 1 4096 0.0001 512 0.1 2.4185929457346598 0.6996941031169083 0.8408230552146814 0.8230069461966389 0.3994087656761518 0.6319879474136764
477 10240 2 8192 1e-05 1024 0.0 5.367606743176778 0.7191804380097621 0.848489395894417 0.8330283845309296 0.37349181550005595 0.6111397675655348
484 5120 1 6144 1e-05 128 0.0 3.3711689869562784 0.70600459928651 0.8425287432946167 0.8241329765973481 0.39101576536525223 0.6253125341501258
489 40 2 5120 1e-05 512 0.3 0.02768120765686035 0.5419016915017645 0.7371879941775334 0.7637669538597291 0.6092736834496538 0.7805598525735575
439 1280 4 7168 3.1622776601683795e-05 16 0.3 25.375258378187816 0.6913177428365739 0.8333651433286544 0.8202629221344139 0.4105493784817989 0.6407412726536342
487 640 3 512 3.1622776601683788e-06 16 0.2 2.274508464336395 -1.770316677477993 0.772636440904475 0.7362151312810535 3.684538919041927 1.9195152823152846
483 10240 2 4096 0.0001 256 0.2 4.693658232688904 -2.7803941173640174 0.8363254491857433 0.8201737524110594 5.027948381491677 2.2423087168121336
496 160 2 7168 3.1622776601683795e-05 1024 0.2 0.0885778546333313 0.6794373819317328 0.8411701834498615 0.8285396713383297 0.42635033455372406 0.65295507851132
492 160 2 256 3.1622776601683795e-05 32 0.1 0.2874554951985677 0.5774749417126394 0.82323652344348 0.7999740269732037 0.5619610328980542 0.7496406024876549
486 160 5 8192 3.1622776601683788e-06 32 0.1 3.3749213576316834 -0.021853980252174665 0.8426638592898436 0.8233533405291581 1.3590723365404664 1.1657925786950551
471 5120 4 8192 1e-05 256 0.1 11.37521662314733 -1.7874886764901845 0.8469200724888696 0.8314302964711547 3.7073777876783343 1.9254552157031164
495 10240 1 256 1e-06 512 0.3 2.0695674061775207 0.6591009309017459 0.8136014678496553 0.806954659909929 0.4533979446353956 0.6733483085561258
491 2560 4 7168 3.1622776601683795e-05 1024 0.2 3.376511732737223 -0.5637332213895783 0.8345024856859178 0.8147064577195355 2.0797751968391984 1.4421425716062883
490 10240 2 1024 3.1622776601683795e-05 256 0.1 3.709005586306254 -0.2568427808490794 0.8454560620404479 0.8237457020568087 1.6716089459386736 1.29290716833757
459 5120 3 1024 3.1622776601683795e-05 16 0.3 17.950851007302603 -5.706131520293922 0.8203760824317564 0.7986374026785198 8.919197860524394 2.986502613513739
497 5120 1 2048 1e-06 512 0.1 1.1272131522496542 0.6947451182685749 0.8340462292042132 0.8165240603318434 0.4059909472121752 0.6371741890662044
460 10240 3 1024 1e-06 32 0.2 18.64214981396993 -4.520800700897271 0.8414322736157765 0.8241121494399709 7.342700281199724 2.7097417369926093
470 5120 1 512 0.0001 16 0.1 14.430149388313293 0.6655315685180361 0.8226774511742514 0.8055062360437382 0.4448451554311496 0.6669671321970443
499 640 1 6144 3.1622776601683795e-05 16 0.3 2.2194981733957926 0.7033227998594471 0.843687126126091 0.825370330918905 0.39458257577447725 0.6281580818348812
493 1280 2 4096 1e-05 16 0.1 5.984358791510264 0.5804340606114085 0.8422950371556625 0.8249130181500177 0.5580253858158178 0.7470109676676895
480 2560 3 5120 0.0001 32 0.1 11.5633491675059 0.7065935471746685 0.8448722289761283 0.8338629791149305 0.390232460903041 0.6246858897902536
494 10240 5 4096 0.0001 512 0.2 6.64259889125824 0.6572946491994494 0.8176895114244149 0.7996418983219322 0.4558003108648492 0.6751298474107401
436 10240 2 2048 0.0001 16 0.3 32.64750605424245 -3.5294214974570295 0.8234313674050149 0.8022915182247892 6.024159592945367 2.4544163446622838
458 5120 3 4096 1e-05 16 0.0 32.3714137673378 0.7297930216037171 0.8558681532971248 0.8411936992273212 0.3593770113690312 0.5994806180094826
498 2560 3 4096 1e-05 16 0.3 17.10771809021632 -7.843197002265807 0.8058116443583939 0.8069802827148862 11.76150863491385 3.4295055962797103
488 10240 4 256 1e-06 16 0.1 36.507402809460956 -2.177798142631845 0.8341192268573878 0.8110807629490853 4.226491876750142 2.055843349273028
152 5120 4 512 0.0001 1024 0.0 0.9673250794410706 0.7011187879892411 0.8394345857398442 0.8246477944379315 0.3975139256738675 0.6304870543269445
153 1280 3 256 3.1622776601683788e-06 64 0.1 1.2678419947624207 -0.10731178605213532 0.8023547387996136 0.7731844046300819 1.4727317654302106 1.2135616034755758
155 1280 5 2048 0.0001 1024 0.3 0.3764066259066264 -1.9760820576878992 0.8382210230931542 0.8290730677405382 3.9582081922114676 1.9895246146281949
156 640 4 1024 1e-05 16 0.2 2.5156649033228557 -6.922365276587424 0.8483845789423361 0.8279142668214073 10.53679654378957 3.246043213481541
157 2560 2 512 1e-05 16 0.3 8.053413764635723 -5.134858155908912 0.817717452167665 0.7886966926179564 8.159400628099396 2.8564664584236583
158 2560 1 256 1e-05 16 0.0 6.841029302279154 0.6782007105459096 0.8292428106871659 0.8141484373507291 0.4279951154151232 0.6542133561882723
159 1280 2 5120 1e-05 128 0.3 1.1634764075279236 0.18745025933503068 0.8398708607671062 0.8219190313370413 1.0806963577402378 1.0395654658270626
154 2560 5 8192 0.0001 16 0.2 79.38106092611949 0.6459979932384156 0.8293760165757063 0.8000640813899691 0.47082493562411964 0.6861668424108817
