18 40 5 256 0.001 16 0.2 0.16800069014231364 0.4372792233270567 0.8204124900332184 0.8097676567542361 0.7484222360067824 0.8651140017401073
5 1280 1 256 1e-05 512 0.0 0.3026832620302836 0.5161235832620685 0.7597723017443636 0.7555429913626525 0.6435587324624991 0.8022211244180117
1 1280 2 256 0.001 512 0.0 0.320543110370636 0.6001687019867645 0.7922984661746453 0.7838567930035293 0.5317781864281181 0.7292312297400038
20 5120 5 256 1e-07 512 0.0 1.2053230961163839 0.13088226890672416 0.46551933593365485 0.4880531739669796 1.155932147207755 1.0751428496752211
2 10240 1 256 3.1622776601683788e-06 512 0.1 2.3604234059651694 0.5964795204722895 0.7955554513294214 0.7850465213298097 0.5366848214637444 0.732587756834459
34 10240 4 256 1e-07 512 0.1 2.4862402200698854 0.3363547331068101 0.6850962634128106 0.6849691917411118 0.8826524542067806 0.9394958510854535
4 10240 2 256 1e-07 512 0.25 2.5772311727205914 0.21877340086498565 0.536206202036463 0.5556297900026459 1.0390363789471835 1.0193313391371734
40 1280 4 256 0.001 512 0.2 0.3280957539876302 0.38224739313088685 0.8260477367130576 0.8166916360087225 0.8216149225297136 0.9064297670143636
13 20480 5 256 3.1622776601683795e-05 512 0.0 4.6694702982902525 0.6734672202248567 0.8259811423845014 0.8176346085978651 0.43429068785007857 0.6590073503763662
0 20480 4 256 1e-05 512 0.2 4.807987169424693 0.25111281184158074 0.7999281458201907 0.7793847046746057 0.99602475528305 0.9980103983842302
3 20480 1 256 1e-05 512 0.2 4.820222532749176 0.6390381010589201 0.8106441720544474 0.7967144478258863 0.4800816367861802 0.6928792367982896
31 20480 4 256 3.1622776601683795e-05 512 0.1 4.981278165181478 0.6261115743948289 0.8277186352358767 0.8147680913604818 0.49727400001637845 0.7051765736440615
44 40 4 256 1e-07 16 0.1 0.16296305259068808 -19.575972443240655 -0.05555432242348531 -0.049164845740143674 27.36617509492528 5.2312689755856825
45 40 2 256 0.001 4 0.1 0.4804459055264791 0.592522426309283 0.7883664876081221 0.75678616991583 0.5419477820373293 0.7361710277084594
51 1280 2 256 1e-05 512 0.0 0.27672239939371746 0.6113056397611248 0.7976138099439767 0.7936671582349144 0.5169659878797792 0.7190034686145674
17 2560 3 256 3.1622776601683788e-06 16 0.2 8.349889473120372 -0.1297613833894835 0.7950879036619922 0.7711007673367278 1.502589873630888 1.2258017268836294
52 40 4 256 1e-05 512 0.25 0.02366823355356852 -0.908980620468359 0.206963367883851 0.19286401136639492 2.538956448190515 1.593410320096652
27 1280 5 256 3.1622776601683795e-05 8 0.2 9.808406444390615 0.43662016363024336 0.8220702756519882 0.8204556378490474 0.7492987896234222 0.8656204651135636
53 1280 2 256 1e-07 512 0.25 0.28836990197499596 -29.539164955699974 0.0861569890497467 0.06750929537128542 40.617284929589694 6.3731691433375355
41 2560 2 256 1e-05 16 0.0 8.96851615111033 0.6497384309332586 0.8148451327122638 0.8070848608484775 0.465850129540417 0.6825321454264385
23 1280 1 256 3.1622776601683788e-06 4 0.25 13.552225701014201 0.6561146853634623 0.8176892443907482 0.804450723080308 0.4573696703218749 0.6762911135907931
10 1280 1 256 3.1622776601683795e-05 4 0.25 13.604130578041076 0.6232067246228862 0.812567697553938 0.7978808055012336 0.5011374688124572 0.7079106361769523
33 5120 4 256 3.1622776601683795e-05 16 0.0 16.57543363571167 0.6983664074376289 0.8380995534135891 0.8272942810516254 0.40117460943066513 0.6333834616017892
58 2560 1 256 0.001 512 0.2 0.5263895630836487 0.5959212669592493 0.8011538999533552 0.7842350362988342 0.5374273022105163 0.7330943337732985
26 5120 5 256 0.001 16 0.0 17.881956374645235 0.6607090667782276 0.8195447450733249 0.8061233860435999 0.4512591136229791 0.6717582255715066
62 1280 5 256 3.1622776601683795e-05 512 0.2 0.33174044291178384 -3.369001578953588 0.7990001226472709 0.7837912111192668 5.810800074186826 2.410560116277299
63 40 4 256 0.001 512 0.25 0.024405797322591145 -2.505009654111508 0.6849583300654758 0.697420440527923 4.661685282113067 2.1590936251383512
57 1280 4 256 3.1622776601683788e-06 16 0.2 5.630781241257986 -1.3629578829208677 0.8062008362876028 0.7857174138329328 3.1427491140128025 1.772780052350771
46 1280 1 256 3.1622776601683788e-06 4 0.2 14.016493570804595 0.6463970669146606 0.8126353835207929 0.7960620601599371 0.47029416507949423 0.6857799684151573
39 1280 5 256 3.1622776601683795e-05 4 0.25 19.14038914044698 0.5522406046241711 0.8227111008853364 0.8097029266863522 0.5955228627980668 0.7717012782146125
42 2560 4 256 0.001 8 0.2 22.2888267715772 0.6016376659719141 0.7961485059329491 0.7804906020223805 0.5298244549222738 0.7278904140887376
69 40 3 256 1e-07 512 0.25 0.021542108058929442 -34.409947646946414 -0.12407209039351949 -0.13483940346467618 47.09545709596862 6.862612993311558
35 5120 1 256 1e-05 8 0.0 26.993725176652273 0.594892544582349 0.793224237608176 0.7855998601959846 0.5387955095585765 0.7340269133748275
28 5120 2 256 1e-05 8 0.2 30.20446807940801 0.6797180971289815 0.8246485838893857 0.8069828999328928 0.4259769815439984 0.6526691210284108
59 2560 1 256 3.1622776601683788e-06 8 0.1 13.744083825747172 0.6477446252618464 0.8154867637200259 0.8031121819499009 0.46850190384948703 0.6844719890904865
24 2560 3 256 1e-07 4 0.2 32.44554734627406 0.11519177773251976 0.806194729572193 0.7961112343686826 1.1768006009337277 1.0848044067636007
60 1280 2 256 1e-05 4 0.2 15.172431755065919 0.5619124526210217 0.8244522156086052 0.808181438331055 0.582659243034605 0.7633211925753176
12 10240 3 256 3.1622776601683795e-05 16 0.1 33.89355331659317 0.596020417415442 0.81564867020324 0.8055321133260016 0.5372954314689319 0.7330043870734553
76 2560 1 256 3.1622776601683788e-06 512 0.25 0.5269298871358236 0.54618872493025 0.7716740848579127 0.7630662766784453 0.6035719015404216 0.7768989004628734
64 1280 1 256 1e-05 4 0.25 13.871717131137848 0.6379701501568205 0.8126914598880064 0.8005724114788739 0.48150201832393086 0.6939034647009128
75 10240 5 256 3.1622776601683788e-06 512 0.0 2.3919865687688193 0.6140735885961845 0.7969592519562246 0.7792522586985771 0.5132845982063147 0.7164388307499215
25 163840 4 256 1e-05 512 0.0 37.09634037812551 0.6780264597788986 0.827237280261022 0.813654704703101 0.42822687005095394 0.6543904568764385
77 2560 4 256 1e-07 512 0.1 0.623815405368805 -2.253521052592869 -0.0011969931024037265 -0.036304794873132686 4.327203831842762 2.08019321983386
7 5120 2 256 1e-07 8 0.1 37.823233532905576 0.6841893251490473 0.8296231998785086 0.8147029189458928 0.420030219648589 0.648097384386474
81 40 5 256 0.001 512 0.25 0.03259539604187012 -5.5508486362545 0.7109062596829038 0.6924441818727751 8.712670630494797 2.951723332308568
82 2560 3 256 3.1622776601683795e-05 512 0.2 0.6867148160934449 -0.3768543394967325 0.8131539863229423 0.7924118151473395 1.8312250873592688 1.3532276554073481
80 5120 3 256 1e-07 512 0.0 1.1227306087811788 0.06491314323192032 0.436173614570098 0.4787751361332651 1.243671506747424 1.1152002092662214
66 2560 5 256 1e-07 8 0.25 19.103850479920705 -3.294550806356055 0.7692636985932642 0.7589910102064515 5.711780069932988 2.389933068086424
87 10240 4 256 3.1622776601683795e-05 512 0.1 2.8269909779230753 0.45449499638240853 0.828393018645759 0.813416943348972 0.7255251476126918 0.851777639770317
83 1280 4 256 1e-05 16 0.2 4.535805082321167 -0.09043181530139699 0.8109262628417649 0.790095392900292 1.4502812962513567 1.2042762541258367
43 5120 5 256 0.001 8 0.25 39.301889872550966 0.5810381885361389 0.7669471927239101 0.7513264300032938 0.5572218918077697 0.7464729679015643
36 5120 4 256 3.1622776601683795e-05 8 0.25 45.454019606113434 0.6146545488292591 0.8058293415141786 0.8046379831855754 0.5125119173765087 0.7158993765722308
85 1280 4 256 0.001 8 0.2 8.998850202560424 0.6530269054773907 0.813027881634285 0.8018278771288712 0.461476437341024 0.6793205703797169
94 40 4 256 3.1622776601683788e-06 512 0.1 0.03535856405893962 -13.086142780975685 -0.03142478558344162 -0.038183515055230446 18.734660090533524 4.328355356314165
32 10240 1 256 0.001 8 0.0 52.0656764348348 -1066.4051196677024 -0.012982212523238789 0.5198842659000993 1419.6556436214491 37.678317951063704
61 163840 2 256 3.1622776601683795e-05 512 0.25 34.25125916401545 0.5739386705733052 0.7898176314224243 0.783289041007205 0.5666642961556769 0.7527710781875702
92 1280 5 256 3.1622776601683788e-06 8 0.0 10.77187348206838 0.6488093279384124 0.8127324026354246 0.7968517005778577 0.4670858424724943 0.6834367874737899
79 5120 3 256 0.001 16 0.25 16.92082824309667 0.6571013271870376 0.8119551262966319 0.7972192817757292 0.45605743037917373 0.6753202428323719
98 2560 5 256 3.1622776601683795e-05 512 0.1 0.7503734389940898 -0.6494228375945523 0.8220003428801624 0.805416845147031 2.1937429350518634 1.4811289393742408
100 5120 2 256 1e-05 512 0.0 1.234486699104309 0.5968077003331322 0.7917294114612864 0.7877636359674588 0.5362483401475284 0.7322897924643825
15 5120 2 256 3.1622776601683795e-05 4 0.25 59.35701266527176 0.6434257865480102 0.8065489652679445 0.7942827205376426 0.4742459869918812 0.6886552018186468
99 1280 5 256 3.1622776601683788e-06 16 0.0 4.406942041714986 0.6274438449599823 0.8019205893925833 0.7847188161455918 0.4955020716343602 0.7039190803170207
72 5120 3 256 0.001 8 0.1 33.32800016800562 0.6401453524472194 0.8002398667497176 0.7949131376683828 0.47860898535014806 0.6918157163220189
96 2560 2 256 0.001 16 0.2 7.788541726271311 0.6694051682410908 0.8211194426405648 0.798343455729682 0.4396932429973055 0.6630936909647878
101 10240 2 256 1e-05 512 0.25 2.5262794454892474 0.5794471172209739 0.8299407964255308 0.8124660822435839 0.5593380268443727 0.7478890471482871
88 5120 5 256 3.1622776601683795e-05 16 0.1 19.406013596057893 0.6457076368004133 0.8156042624044172 0.8165889747108545 0.4712111115457791 0.6864481856234883
71 163840 3 256 1e-07 512 0.1 36.91044482390086 0.5051987831852269 0.8211343816920718 0.8024477403362307 0.6580887865148465 0.8112267170864421
78 5120 1 256 3.1622776601683795e-05 8 0.1 27.613662787278493 0.5965608153972222 0.8019681797954034 0.7890354564698082 0.5365766986930626 0.7325139580192739
91 2560 5 256 3.1622776601683788e-06 8 0.2 19.664691642920175 -0.24378269267631203 0.8003361009274642 0.783868662640123 1.6542389450467583 1.286172206606393
110 1280 1 256 0.001 512 0.2 0.2687970836957296 0.5641531856460392 0.8016091868234035 0.7925598907069575 0.5796790537641944 0.7613665699019063
11 5120 3 256 0.001 4 0.2 66.10047897497813 0.593807635024209 0.7827856036212877 0.7642124432292454 0.5402384462174447 0.7350091470297799
106 5120 4 256 1e-05 512 0.1 1.28934961160024 0.09650529734892366 0.8119529975534607 0.7912488856589587 1.201653739491141 1.09619968048305
68 10240 3 256 3.1622776601683788e-06 16 0.2 41.63426840702693 0.5739017710493743 0.7922849298369405 0.7746894155706048 0.566713372758768 0.7528036747776727
74 163840 4 256 0.001 512 0.0 36.246443740526836 0.6651301374870033 0.8199240789395768 0.8153924149604508 0.4453790612727367 0.6673672611633992
97 2560 2 256 3.1622776601683795e-05 8 0.2 15.184312049547831 0.6597747697445567 0.8170751817467155 0.8007446317961592 0.45250173465995014 0.6726824917150365
95 2560 4 256 3.1622776601683795e-05 8 0.2 17.94896014134089 0.515183159406828 0.8174988718311702 0.808503945941485 0.6448095022113869 0.8030003127093954
116 2560 3 256 1e-05 512 0.2 0.6049535711606343 -0.34090251823941076 0.8161835106034087 0.79666932846194 1.7834089348919508 1.3354433476909273
113 40 2 256 1e-07 8 0.1 0.2572449843088786 -27.211332222865053 0.0790689002114809 0.06355490013653013 37.521252490093204 6.125459369720217
117 40 3 256 0.001 512 0.25 0.029316588242848714 -0.9171932236297262 0.7350003396818131 0.7165154419313774 2.5498792629794194 1.596834137592073
55 5120 3 256 1e-07 4 0.0 59.6998361825943 0.6249042579708544 0.7997595996298938 0.7859344954785864 0.49887973859056284 0.7063141925450478
54 5120 2 256 1e-07 4 0.1 59.98210603396098 0.688325840822022 0.8324702221707065 0.818531282231847 0.4145286273179327 0.6438389762339126
9 10240 2 256 0.001 8 0.2 74.37241348028184 0.48967214499351186 0.7086126036133845 0.7271543011074323 0.678739314724978 0.823856367775948
104 1280 2 256 3.1622776601683788e-06 4 0.2 15.117246345678966 0.6293569785025425 0.828417412372652 0.8101533093568556 0.492957591773197 0.7021093873273573
123 1280 4 256 1e-05 8 0.0 8.117688608169555 0.6889487532313143 0.833675652836894 0.8184059875275551 0.4137001498251426 0.6431952657048577
121 1280 5 256 1e-05 8 0.2 9.646166173617045 -0.014272187784130974 0.8237388359093258 0.8111517227330695 1.3489885040126857 1.1614596437296845
126 2560 5 256 1e-05 512 0.0 0.5947107593218486 0.6301489492512532 0.8042328673983918 0.7886391506840347 0.49190426560652056 0.7013588707691096
128 40 3 256 3.1622776601683788e-06 16 0.0 0.13409826755523682 0.5417601706143624 0.7400908817694278 0.7356564842544144 0.6094619071360395 0.7806804129322316
111 2560 5 256 0.001 8 0.25 19.588527647654214 0.619771060855973 0.7880569077103208 0.7825716814774101 0.5057069236205834 0.7111307359554806
56 10240 5 256 3.1622776601683795e-05 8 0.25 78.57505704561869 0.5269457073916975 0.7570569035908677 0.7777102749459316 0.6291652380773657 0.7931993684297571
67 5120 3 256 1e-05 4 0.2 68.22336387236913 0.6255950580240903 0.8069079717637496 0.7973397048939069 0.49796097009665136 0.7056634963611561
127 1280 2 256 1e-07 8 0.2 7.648984591166179 0.5707869506660677 0.7592694743423654 0.7525562664080888 0.5708561038123768 0.7555501993993363
131 2560 1 256 3.1622776601683795e-05 512 0.0 0.5285755634307862 0.49544562053156593 0.7533368070792017 0.7487360128117329 0.671060555292514 0.8191828582755586
124 1280 2 256 3.1622776601683788e-06 4 0.0 17.537689912319184 0.641450103250182 0.8104670817841996 0.8037908155203679 0.4768736584280492 0.6905603944826616
73 5120 3 256 3.1622776601683795e-05 4 0.2 65.67503105004629 0.5856563692161509 0.8026946793172877 0.7976369987421317 0.5510796819337119 0.7423474132329902
133 2560 3 256 3.1622776601683795e-05 512 0.0 0.5959155519803365 0.640281265144401 0.8091372910262719 0.7983828690118128 0.47842822059266427 0.6916850588184367
136 40 4 256 0.001 16 0.25 0.159759259223938 0.2124054301972046 0.7997610334865005 0.7942481069079487 1.0475058207086636 1.0234773181212486
138 5120 1 256 3.1622776601683795e-05 512 0.25 1.0557334343592326 0.6385500358590304 0.8116043325552045 0.7993429088113371 0.48073076662705505 0.6933475078393626
103 163840 5 256 1e-05 512 0.0 37.791575745741525 0.6730452620113486 0.825674462629598 0.8135960937646413 0.4348518949757908 0.6594330102260508
120 5120 2 256 1e-05 8 0.1 30.425729942321777 0.6804823512720504 0.8286093004917007 0.8116681625115726 0.4249605186402916 0.651889958996372
119 163840 2 256 3.1622776601683788e-06 512 0.2 34.684173583984375 0.6417030313474796 0.8015826764812525 0.7833720178766846 0.47653726243917605 0.6903167841210122
84 10240 5 256 0.001 8 0.0 70.0839807510376 0.5731930428562069 0.7808926584867886 0.7855095554271243 0.5676559857935801 0.7534294829601375
90 20480 3 256 3.1622776601683795e-05 16 0.1 66.65623776912689 0.6369039267827526 0.8062939319373876 0.8037337159331515 0.4829201022383378 0.6949245298867625
134 1280 5 256 0.001 4 0.1 19.281596676508585 0.6563320612904443 0.8192479046242204 0.8054357906571049 0.4570805589471576 0.6760773320761151
139 2560 1 256 3.1622776601683795e-05 8 0.1 13.781462184588115 0.6259524148805824 0.8115361983877062 0.802493928704715 0.497485683189405 0.7053266499923315
115 163840 5 256 1e-05 512 0.25 47.568332680066426 0.05923876642414594 0.7868551519835609 0.7801661838540681 1.251218464234099 1.1185787697941076
130 5120 3 256 0.001 8 0.25 33.76721492608388 0.6498220538606784 0.8158136119106875 0.7943015510300914 0.4657389105115214 0.6824506652583184
109 20480 1 256 3.1622776601683788e-06 16 0.2 56.14414984782537 0.5608759037824875 0.7982401072152632 0.7851212041985639 0.5840378596267499 0.7642236973731905
108 20480 1 256 3.1622776601683795e-05 16 0.2 56.3459710597992 -0.1905209166912918 0.6080261226014133 0.723266758521873 1.583400441958095 1.2583324051927196
105 20480 2 256 3.1622776601683788e-06 16 0.1 62.087652313709256 0.653593823212762 0.8116771214253989 0.7917661732686471 0.46072243312307587 0.6787653741338577
114 10240 2 256 3.1622776601683788e-06 8 0.2 61.44506121873856 0.6605758283507852 0.8133539927404525 0.7935397623837718 0.45143632158458674 0.6718901112418508
122 10240 2 256 0.001 8 0.1 61.10169202884038 0.544979794915738 0.7402458696038265 0.7245247806359232 0.6051797862003524 0.7779330216672592
144 10240 5 256 1e-07 512 0.1 2.5188957691192626 0.25906547644183897 0.6661399788049842 0.6806787973214131 0.9854476604447754 0.9926971645193591
142 2560 5 256 3.1622776601683795e-05 8 0.25 18.830488709608712 0.499602791267019 0.8125406696327441 0.8091620472523783 0.6655314915965096 0.8158011348340413
14 20480 4 256 3.1622776601683788e-06 8 0.2 141.7196697274844 0.45097831227249585 0.77960769625626 0.7678477496655399 0.7302023599957705 0.8545187885563258
135 10240 5 256 0.001 16 0.25 48.54196098645528 0.5339990294153238 0.7588762238692233 0.7333971930752792 0.6197842746243911 0.7872637897327623
147 20480 2 256 3.1622776601683788e-06 512 0.0 4.235012888908386 0.5834168008238259 0.7875917281277054 0.7841917600461602 0.5540583222351847 0.7443509402393368
6 20480 2 256 1e-07 8 0.2 147.93772147893907 0.6477763803873622 0.8373786952251413 0.8215821843209128 0.4684596693292269 0.6844411364969429
49 10240 3 256 0.001 4 0.0 148.91154133876165 0.5160978155460823 0.7608911596161749 0.7690963022638219 0.6435930036897484 0.8022424843460663
37 10240 2 256 3.1622776601683795e-05 4 0.2 154.0070233186086 0.5875327664214681 0.7758795247200707 0.768538363459277 0.5485840616363001 0.7406646080624483
137 10240 2 256 3.1622776601683795e-05 8 0.25 61.08100815614065 0.6013114929907237 0.7916608209350957 0.7777092059413937 0.5302582670757024 0.728188345880173
86 20480 2 256 3.1622776601683788e-06 8 0.1 120.2679862221082 0.6484984164967376 0.8088568649141191 0.7902365014993006 0.46749935668064957 0.6837392461170044
132 10240 4 256 1e-05 8 0.1 74.23382978439331 0.6539269553346376 0.819295438708381 0.811624996845575 0.4602793652679774 0.6784389178606851
145 2560 5 256 0.001 4 0.25 37.8578040321668 0.6429607006056016 0.8128178230249241 0.8047715029699989 0.47486455427317253 0.6891041679406478
146 10240 5 256 1e-05 16 0.2 39.05820692777634 0.2569245002724633 0.8095709519677308 0.8061928687171271 0.9882951724584516 0.9941303598917255
118 10240 1 256 1e-07 4 0.25 108.64870051542918 0.6281989966864284 0.8066096348420502 0.7950614719124219 0.4944977150030434 0.7032053149707014
149 10240 1 256 1e-07 16 0.2 29.149770891666414 0.5887165658925515 0.7892293470061481 0.779128696518881 0.5470096007600371 0.7396009740123637
153 2560 1 256 1e-05 512 0.25 0.5374422391255697 0.6029940143858574 0.7966588751094252 0.7851017778057537 0.5280205028471976 0.7266501929038467
125 20480 3 256 3.1622776601683795e-05 8 0.0 124.55158223311106 0.6589747986270289 0.8174922427628311 0.8105764139805286 0.45356570136837876 0.6734728660966073
152 20480 4 256 3.1622776601683788e-06 512 0.25 5.545795536041259 -1.780476674588399 0.7816697747382356 0.7582466144257883 3.698051780251976 1.923031923877494
150 10240 3 256 1e-05 16 0.0 31.02796008189519 0.6642632972116136 0.8208198794946986 0.8143557505066392 0.44653196438927645 0.6682304725087569
157 40 3 256 0.001 4 0.1 0.5246395389238994 0.15979004729284219 0.5953679006916224 0.7807244622584526 1.1174846168612764 1.0571114495933134
158 1280 3 256 3.1622776601683788e-06 512 0.0 0.2898169994354248 0.6072961276471472 0.7863792878188595 0.7787445184052793 0.5222986646637812 0.722702334757389
93 10240 3 256 1e-05 4 0.25 164.6125571211179 0.5950944070296812 0.7923387665667443 0.7886912001463648 0.5385270312111241 0.7338440101350723
65 10240 5 256 1e-07 4 0.1 191.398768389225 -0.34666050930189507 0.8137663654353435 0.7958694918942055 1.791067099872762 1.338307550555089
160 40 5 256 3.1622776601683788e-06 512 0.25 0.036698500315348305 -23.502628525052742 -0.002140764555332417 0.04696310187645971 32.58865282563021 5.70864719750925
161 10240 2 256 3.1622776601683788e-06 512 0.1 2.2565582116444904 0.6851834632161209 0.8339978479975376 0.8198226397136831 0.4187080096540377 0.6470765098920201
159 1280 4 256 3.1622776601683795e-05 8 0.1 8.782603534062703 0.5678757662526808 0.8292862979626465 0.8130361934223369 0.5747279977221365 0.7581081701987761
107 10240 3 256 3.1622776601683788e-06 4 0.2 162.7000329852104 0.607807524336812 0.7889396324986152 0.777943133624076 0.5216185037921172 0.7222316136753619
38 20480 2 256 0.001 4 0.2 240.3799838701884 0.0944322881751547 0.5158921072829801 0.6058508421773349 1.2044108549654762 1.097456538987069
168 1280 3 256 1e-05 512 0.0 0.2794788837432861 0.6206526897979969 0.7994360392196668 0.7889780988470138 0.5045343514827302 0.7103058154645294
169 40 2 256 3.1622776601683788e-06 8 0.0 0.2326245864232381 0.5720994680828486 0.763560137640992 0.7560682412130374 0.5691104472441709 0.7543940927951192
170 40 2 256 3.1622776601683788e-06 512 0.1 0.030992913246154784 -28.10803437448453 0.08426875658800748 0.06077747889805079 38.713872093220445 6.22204725899928
29 20480 3 256 1e-05 4 0.0 249.21467549006144 0.6755348626377948 0.8268293335379164 0.8184531711761263 0.4315407102020115 0.656917582503324
163 10240 1 256 1e-07 16 0.25 28.008429845174152 0.5913471777109762 0.7905099710680938 0.7796515134623864 0.5435108701980491 0.737231897165369
143 10240 3 256 3.1622776601683795e-05 4 0.2 132.44076180060705 0.5839319416491469 0.7793497499641183 0.7819276084347955 0.5533731816391246 0.7438905710110356
155 20480 1 256 3.1622776601683788e-06 16 0.1 56.38682290315628 0.5627843989540137 0.7956946560591363 0.7836697540716148 0.5814995488287609 0.7625611771056542
176 1280 5 256 1e-07 8 0.2 12.093297759691874 -0.9414345329382818 0.7403897851890593 0.7399513758656174 2.5821203595739135 1.6068977439693894
181 40 5 256 3.1622776601683795e-05 8 0.1 0.3222862402598063 -0.34884772353206817 0.813235623682742 0.8051188140542974 1.7939761088033555 1.33939393339053
164 5120 5 256 1e-07 8 0.1 39.5380729118983 -0.0012523826797787851 0.8157430842188111 0.7974140191404069 1.3316720798596904 1.1539809703195674
184 40 4 256 1e-07 512 0.25 0.024366410573323567 -30.28152336514186 -0.07469997592115968 -0.07249406353171657 41.60462636737679 6.4501648325741865
148 20480 2 256 0.001 8 0.2 119.0221170981725 0.45681607478598873 0.6880657968939756 0.6826285390070985 0.7224380984743513 0.8499635865578897
175 5120 4 256 3.1622776601683788e-06 16 0.1 18.63281205892563 0.33392615733568687 0.800247230162355 0.7782644616432917 0.8858824755322459 0.9412132997000445
179 1280 1 256 1e-07 4 0.2 13.578814240296682 0.48864652492324234 0.7378966044647711 0.7322788722612178 0.6801033959853554 0.824683815765385
180 2560 2 256 3.1622776601683795e-05 16 0.0 9.132115817070007 0.6420150740732582 0.813365901885615 0.8113597362712631 0.4761222436159194 0.6900161183739981
188 1280 5 256 3.1622776601683788e-06 512 0.1 0.33674851258595784 0.19080512497901292 0.8001931093905892 0.7926408401540377 1.0762343649529502 1.0374171605255766
156 20480 1 256 0.001 16 0.25 68.37519352038701 -6.526410918752426 0.31022189898879854 0.7057570511088908 10.010174712622078 3.1638860144799903
189 10240 5 256 3.1622776601683788e-06 512 0.2 2.9761254946390787 -3.024068201914469 0.8042760506942852 0.7878789410086551 5.352036474158903 2.313446881637636
172 2560 3 256 3.1622776601683795e-05 4 0.25 32.60287655989329 0.5682366477967166 0.8081678903858998 0.8004612718691533 0.5742480229578888 0.7577915432082155
191 10240 2 256 1e-07 512 0.0 2.3937825560569763 0.3370981999570112 0.6229237469769386 0.6442602087583276 0.8816636385356866 0.9389694555925058
187 1280 5 256 1e-05 8 0.25 9.881109790007274 -0.18146553304230895 0.8221077398804868 0.8115360114333475 1.5713567237244426 1.2535376834082184
185 1280 1 256 1e-07 4 0.1 14.14535813331604 0.5088161981677477 0.7460524312729004 0.7412141282605069 0.6532776014262316 0.808255900953548
174 10240 2 256 1e-05 16 0.2 31.260668138662975 0.657113109428811 0.816202903811114 0.7985992281318004 0.45604175992217505 0.6753086404912757
50 20480 4 256 3.1622776601683795e-05 4 0.1 276.7451572457949 0.5996640579454005 0.7805736008472984 0.783818861773545 0.5324493662343059 0.7296912814569638
194 2560 1 256 1e-07 512 0.2 0.5398590485254924 -10.563241198008923 0.015721512839576266 -0.023765998300886475 15.379184831359886 3.921630379237682
192 1280 2 256 1e-07 4 0.25 15.28182611465454 0.5996620239817556 0.7819507401620489 0.7737490233372433 0.5324520714189768 0.7296931351047348
196 1280 1 256 0.001 16 0.25 4.375484967231751 0.5700470797647428 0.7871423751830837 0.7709103002178467 0.571840136848441 0.7562011219566135
183 2560 3 256 0.001 4 0.2 32.932824766635896 0.6081581746889814 0.7808359454630758 0.7747683879740844 0.5211521365785609 0.7219086760654431
197 2560 5 256 1e-07 512 0.1 0.6579753597577412 -6.592302266569389 0.024259497507909136 0.00768765397905801 10.097810627112816 3.177705245473975
202 40 1 256 0.001 8 0.1 0.23302756945292155 -0.4843457094575423 0.5078100085812942 0.4488963118488388 1.9741892976611373 1.4050584677020161
173 10240 4 256 1e-07 8 0.25 70.96500563621521 -2.745551107681593 0.8002066557829237 0.7802792771617374 4.981606955518556 2.2319513783948244
178 5120 4 256 0.001 4 0.0 66.37291159232457 0.5408153860700038 0.7730873700376601 0.785472250883283 0.6107184766293755 0.7814847897620116
165 10240 5 256 3.1622776601683788e-06 8 0.2 96.19286108016968 0.2505062466608774 0.8018597678780113 0.7921261329001303 0.9968314908571475 0.9984144885052237
206 40 5 256 1e-07 16 0.25 0.20965953667958578 -28.62415272643962 0.007084794911892277 0.06320430351031008 39.400312805962905 6.276966847607442
129 20480 2 256 3.1622776601683788e-06 4 0.1 242.06649092435836 0.6511527158968122 0.8107915470203477 0.7951766295047162 0.46396912148339825 0.6811527886483313
195 10240 3 256 1e-05 16 0.25 34.57203619082769 0.61537640308609 0.8008551510371056 0.7920001378135549 0.5115518465929797 0.7152285275301732
199 10240 1 256 3.1622776601683788e-06 16 0.25 28.053761605421702 0.6302670435818728 0.8114432683050726 0.7962641020176083 0.4917471993906531 0.7012468890416934
190 10240 1 256 0.001 8 0.2 55.38122115135193 -1.0350265717050262 0.4566109865344481 0.6564575284900164 2.706598370391971 1.6451742674841383
203 5120 2 256 3.1622776601683788e-06 16 0.25 15.351079595088958 0.615322285264007 0.8271232930427744 0.808201675692825 0.5116238236428599 0.7152788432792206
209 10240 5 256 3.1622776601683788e-06 512 0.1 2.558040420214335 -0.531987585656255 0.8115041613035354 0.7937198343550772 2.037553298050486 1.4274289117327301
198 2560 2 256 3.1622776601683788e-06 4 0.0 34.89492239952087 0.6465213171666666 0.8128215954115552 0.8040766820787041 0.47012891144876706 0.6856594719310505
212 10240 1 256 0.001 512 0.0 2.0005450288454694 0.5589384280125363 0.7779623131075484 0.7655321383874523 0.5866147148062035 0.7659077717363909
204 1280 4 256 0.001 4 0.0 16.086702068646748 0.6611813197057376 0.8200075052549476 0.8064931668875827 0.4506310142056136 0.6712905587043613
215 5120 4 256 1e-05 512 0.0 1.1534671823183695 0.6382952474633266 0.8079186271101397 0.7894824478155704 0.48106963682471987 0.6935918373400309
177 10240 4 256 3.1622776601683795e-05 8 0.25 88.73369911909103 0.5987456254919361 0.7834362538134271 0.7918193654599661 0.5336708872780233 0.7305278141713861
214 2560 3 256 0.001 16 0.25 8.330500741799673 0.6562804240586088 0.8157016410303816 0.8019144767533446 0.4571492367961257 0.6761281215835692
218 2560 4 256 1e-05 512 0.25 0.6196519136428833 -2.9205060874422126 0.7994832360031083 0.7761416398042883 5.21429819881535 2.2834837855380865
208 1280 3 256 1e-07 4 0.25 20.842398659388223 -0.04475733233091783 0.7656253573035232 0.7615610445645699 1.389533941452535 1.1787849428341604
221 40 2 256 1e-07 16 0.0 0.15410012404123943 -34.64149638731934 0.09433319421322689 0.07438531687046608 47.40341840324266 6.885014045246579
222 40 5 256 1e-05 16 0.0 0.18778680165608724 0.6390590121271665 0.803876462651625 0.7902219409202493 0.48005382493152154 0.6928591667370227
200 5120 1 256 3.1622776601683795e-05 4 0.0 54.236973802248635 0.5826694146164568 0.7874736842814631 0.7871161141152686 0.5550523506764072 0.7450183559325282
224 40 3 256 0.001 16 0.1 0.1487588842709859 0.5330396189253059 0.7905613915921006 0.7759065325303917 0.6210602967191021 0.7880737888796341
47 20480 4 256 1e-07 4 0.1 354.80290304025016 0.10502949354331836 0.8068504134670704 0.7872442472109199 1.1903165039732186 1.091016271177116
210 5120 3 256 1e-05 8 0.25 32.920663714408875 0.6066469592941226 0.8073794694244638 0.796246555598296 0.523162062729849 0.7232994281276939
225 40 3 256 1e-05 8 0.2 0.2783154765764872 0.03072171166437232 0.8081608122920445 0.7945912573646285 1.2891463296557846 1.135405799551766
211 10240 4 256 1e-05 16 0.2 37.0576171875 0.459819665399844 0.8092189640955831 0.7995410801353366 0.7184433037263033 0.8476103489966975
213 10240 4 256 3.1622776601683788e-06 16 0.2 36.740866617361704 0.41062996035781407 0.7890850990893012 0.7714040328654748 0.7838659263878209 0.8853620312549104
229 40 4 256 0.001 4 0.2 0.5772751530011495 0.5673234310611258 0.8276368598047332 0.8192273516349502 0.5754626070634387 0.7585925171417384
223 1280 1 256 1e-05 4 0.2 17.078461015224455 0.6358900891204454 0.8111267845484076 0.7975890778490514 0.484268512820684 0.6958940385006068
231 10240 1 256 1e-07 512 0.0 2.1084835449854533 0.05100869033623667 0.5512945597327159 0.5887998847075575 1.2621645181271812 1.123460955319401
201 10240 2 256 3.1622776601683788e-06 8 0.1 60.722178097565966 0.6701499266330875 0.8195197166179848 0.7993417660823483 0.43870270956735374 0.6623463667654211
232 40 1 256 3.1622776601683795e-05 16 0.0 0.12010694742202759 0.5429340310125623 0.7715221604410869 0.7632306453417105 0.6079006652903501 0.7796798479442381
230 1280 2 256 1e-07 4 0.2 18.84895762602488 0.6147765814258754 0.788437993386989 0.7800146063830328 0.5123496132416494 0.7157860107892927
186 20480 3 256 0.001 8 0.25 131.37505791982014 0.5497747670707145 0.7482022715339292 0.7493036809726896 0.5988024425326182 0.7738232631115571
216 10240 4 256 1e-05 8 0.25 70.66197388569513 0.3750879341614074 0.7996829891991497 0.797297497645771 0.8311370488002543 0.9116671809384466
220 5120 4 256 0.001 4 0.25 69.97269882361094 0.6094035375834866 0.7850449330035861 0.7568005100996439 0.5194957959549638 0.7207605677025928
167 10240 5 256 0.001 4 0.2 189.71889828840892 0.06324024498136716 0.27399078133630206 0.2564952225240918 1.2458964721320211 1.116197326699908
236 10240 1 256 1e-07 512 0.2 2.0214948773384096 -0.06156657144425193 0.5170534415671493 0.5560922901046053 1.4118903371007554 1.1882299176088589
154 20480 2 256 1e-05 4 0.25 247.91397872368495 0.5586383563888937 0.7780093063766123 0.7693828033198016 0.5870138119869698 0.7661682661054097
235 163840 1 256 0.001 512 0.2 32.88515999714534 0.17356792116607156 0.6818507361811104 0.7563505689977308 1.0991599563918535 1.0484082966057897
205 20480 4 256 3.1622776601683795e-05 8 0.0 134.18554172515869 0.6865870275546067 0.831048060478116 0.8202385193411684 0.4168412600970022 0.6456324496933237
239 10240 1 256 3.1622776601683795e-05 512 0.0 2.0301272590955097 0.5237797065029577 0.7635936510301407 0.7590097730792038 0.6333760395309032 0.7958492567885599
240 1280 5 256 3.1622776601683788e-06 512 0.25 0.34519524971644083 -3.1378947383303295 0.7656520187829003 0.7565489246328575 5.503426496409281 2.345938297656032
242 40 1 256 1e-07 16 0.1 0.12491868734359741 -25.813135754544387 0.04510422899130408 0.030617801317948907 35.661642234747085 5.971736952909688
237 10240 2 256 3.1622776601683795e-05 16 0.2 30.300141660372415 0.6271374165113618 0.8083379469907774 0.7971745621239074 0.49590962343304906 0.7042085084923705
234 20480 3 256 3.1622776601683788e-06 16 0.1 84.30292906363805 0.6325135759857912 0.8008732899051124 0.7805568497193484 0.4887592969091716 0.6991132218097235
243 5120 5 256 1e-05 16 0.2 20.052519122759502 0.250021028752612 0.8197099493747849 0.8137447959820917 0.997476833781931 0.9987376200894462
244 5120 3 256 3.1622776601683795e-05 16 0.25 16.570356170336407 0.6075999390959246 0.8110432746441351 0.8054422432203635 0.5218945934916401 0.7224227249274763
245 10240 1 256 3.1622776601683788e-06 512 0.25 2.3924240708351134 0.6303444318495481 0.8067216701100708 0.7959217256676628 0.49164427249913734 0.7011734967175651
70 163840 1 256 0.001 16 0.25 468.40167737404505 -4.623401699220308 0.35365249192452053 0.654512436815256 7.479160265910907 2.7348053433308386
246 2560 1 256 0.001 8 0.0 13.923483848571777 0.23241889925464798 0.6828824914390202 0.6915012886768782 1.0208877787184885 1.0103899142006953
250 2560 2 256 3.1622776601683788e-06 512 0.25 0.9748719930648804 0.6098433769559872 0.8212613188656785 0.8063155462034125 0.5189108067733007 0.720354639586156
251 1280 1 256 1e-07 16 0.0 3.614299499988556 0.3559466609888192 0.6693809903073468 0.6787572800955721 0.8565950646790094 0.9255242107470821
252 40 2 256 1e-07 4 0.1 0.6063003301620483 -16.615683644746767 0.044471510917383224 0.02639652357096218 23.428972038564137 4.840348338556239
226 10240 2 256 1e-05 4 0.0 139.44203404982883 0.6420374136425514 0.8131105386278479 0.8147422509404441 0.4760925318457219 0.689994588272779
254 1280 3 256 1e-07 512 0.25 0.348896594842275 -18.931231274784253 -0.0917292960902528 -0.1469744112193833 26.508665212680036 5.148656641560013
255 2560 3 256 3.1622776601683795e-05 16 0.1 8.464618627230326 0.5890368792710985 0.8212614999007171 0.8080376756518142 0.5465835819156427 0.7393129120444487
248 2560 1 256 3.1622776601683788e-06 4 0.0 32.462851480642954 0.5278236129461356 0.7648852633949554 0.758957613030197 0.627997618068842 0.7924630073819484
261 40 1 256 1e-05 16 0.1 0.14810934861501057 0.5295664439707173 0.7561401541252875 0.7515571526495917 0.6256796416470162 0.7909991413693293
253 5120 2 256 3.1622776601683788e-06 8 0.0 28.929292897383373 0.6377373596437852 0.8092443374947664 0.8006823493923917 0.48181163119679676 0.6941265239110207
233 20480 5 256 1e-05 8 0.25 155.1287473678589 0.4037697142703268 0.7822522905834459 0.7883725630696068 0.7929900976094891 0.8904999144354193
256 5120 5 256 3.1622776601683788e-06 8 0.0 43.711874643961586 0.6730045015056415 0.8245714987329398 0.808662600959806 0.43490610670936575 0.659474113752288
247 5120 4 256 1e-05 4 0.25 69.17182130813599 0.3472926300465332 0.8005914585739142 0.7971914818853874 0.8681049812429431 0.931721514854596
259 5120 4 256 1e-07 8 0.25 36.121115636825564 -2.3654573301447464 0.7917266368730304 0.7766792753624232 4.476079797700946 2.1156747854292126
263 5120 1 256 0.001 8 0.25 27.64554344813029 -2.2163579802033726 0.3799405984972027 0.6648493512925211 4.27777670761416 2.0682786822897343
268 10240 1 256 3.1622776601683795e-05 512 0.2 2.089449187119802 0.632652765418474 0.8098155612852355 0.7988709986011732 0.4885741740724906 0.6989808109472609
258 10240 4 256 3.1622776601683795e-05 8 0.0 66.37561098337173 0.6962961305958867 0.8360660391797397 0.8267757032640465 0.4039280908859097 0.63555337375071
270 5120 1 256 1e-07 512 0.25 1.0638047218322755 -2.3640643520452356 0.18677866729178055 0.20553403746123006 4.47422712790953 2.1152368964041663
257 5120 2 256 3.1622776601683795e-05 4 0.2 75.8988275051117 0.6462273665004235 0.810062563032701 0.7994965137047718 0.4705198677170004 0.6859445077533608
265 10240 1 256 3.1622776601683788e-06 16 0.2 34.37167017857234 0.6263076958658043 0.8107149161649134 0.7945236151809344 0.49701315720423955 0.7049916008040377
273 5120 1 256 3.1622776601683788e-06 512 0.1 1.0572062611579895 0.5628724669486682 0.7804765199885643 0.7720072831849042 0.5813824178319819 0.7624843721886907
267 163840 4 256 1e-07 512 0.2 39.152047197024025 -1.5203011246043872 0.8078837794563435 0.7886972824135635 3.3520166329012646 1.830851341016322
278 5120 4 256 3.1622776601683795e-05 512 0.1 1.4963843901952107 0.16219335070926066 0.8185901876501183 0.7988345049979811 1.1142882079293843 1.0555985069757272
279 1280 5 256 3.1622776601683795e-05 16 0.2 6.118097980817159 0.35355124957873496 0.8259210951146612 0.8194907690979898 0.8597809771919452 0.9272437528460061
276 1280 1 256 0.001 4 0.0 13.144593473275503 -42.922516060536175 0.15133876340408103 0.6696004027920028 58.41722759096923 7.643116353358049
238 20480 5 256 1e-05 8 0.1 158.56806071599325 0.6259907557150839 0.8018246648019953 0.8106065304187182 0.4974346896340264 0.7052905001728198
274 5120 3 256 3.1622776601683795e-05 8 0.0 30.894415219624836 0.6672075284555179 0.8220338098207942 0.8153457961576768 0.442616117983334 0.6652940086783692
112 163840 4 256 3.1622776601683788e-06 16 0.25 564.8903620719909 0.38707143980568726 0.7169001156516529 0.733853700256736 0.8151989095644527 0.9028836633611512
272 2560 5 256 3.1622776601683788e-06 4 0.2 47.66826321681341 -0.037349473494822316 0.8098970084812256 0.7961392127977963 1.379681441768921 1.174598417234129
264 20480 3 256 1e-07 8 0.2 131.62816042900084 -0.28210110242569275 0.8073776580995025 0.7881460446942391 1.7052026753614888 1.3058340918208136
260 20480 2 256 3.1622776601683788e-06 8 0.2 150.19643688599268 0.6318934567749583 0.8079725634192045 0.7911700742209543 0.4895840594301262 0.6997028365171362
277 10240 5 256 1e-05 8 0.25 78.06716740528742 0.31558342471237966 0.7908339648278947 0.8021105394814071 0.9102784273675004 0.954085125849628
275 20480 4 256 1e-05 8 0.0 162.74691020250322 0.7047118482253647 0.8412767670964746 0.8303872429399255 0.3927351325539013 0.6266858324183668
271 20480 1 256 3.1622776601683795e-05 4 0.1 215.47233779827755 -0.7542516799793821 0.5079822058046004 0.7102732663987464 2.333165966629843 1.5274704470561264
269 20480 4 256 0.001 4 0.0 258.403007042408 0.45495115707046263 0.7396320774870885 0.757812757215605 0.7249184509768392 0.8514214297143566
262 20480 2 256 1e-07 4 0.2 300.3731430689494 0.6472009936850222 0.8331187313276835 0.817122702873092 0.46922493732746934 0.6849999542536257
182 163840 2 256 1e-05 16 0.0 568.8830615997315 0.6175260664453273 0.8001438422125247 0.8004349522401847 0.5086927805611647 0.7132270189506037
219 163840 3 256 1e-07 16 0.0 488.2098767558734 0.5324738459941369 0.7645574122049974 0.7554238895122355 0.6218127783401312 0.7885510626079526
162 163840 5 256 0.001 16 0.1 621.1923135519028 0.5156027943786956 0.7802795701455092 0.769655727875921 0.6442513850119321 0.802652717563413
140 163840 1 256 3.1622776601683795e-05 8 0.1 858.6390521446864 -12.678777583834039 0.2484616838416941 0.655435139851285 18.192861770025992 4.265309106035105
249 163840 3 256 1e-07 16 0.2 557.5171063582103 0.2967856262942433 0.7759230908941128 0.7528586103811997 0.9352796196236077 0.9670985573474958
217 163840 4 256 1e-05 16 0.2 714.3275860349337 0.42583358247071956 0.7365829127407908 0.7474200313632988 0.7636450116307383 0.873867845632701
141 163840 2 256 3.1622776601683795e-05 8 0.25 948.0086540738741 -1.6519109700551127 0.35848304735377234 0.5857216308472107 3.527058570032347 1.8780464770692835
171 163840 1 256 1e-05 8 0.0 844.569413336118 -2.2177762094779956 0.39519998330503225 0.6853926281248137 4.279662961630156 2.068734628131447
30 163840 4 256 1e-05 8 0.2 1167.8516912817954 0.38274961114559336 0.6978929291729029 0.7311679553729418 0.8209469693545138 0.9060612392959506
227 163840 1 256 3.1622776601683795e-05 8 0.0 841.0069929560026 -1.2788920280649085 0.43755065470423127 0.6542300031147681 3.0309409887910705 1.7409597895388251
166 163840 1 256 1e-05 8 0.1 1060.2142915447553 -25.003736142496884 0.18383704814803542 0.6450510878052786 34.58513556823796 5.880912817602209
266 163840 1 256 1e-07 8 0.2 854.3655818144481 0.640843769489495 0.8139369905961913 0.7986098297338858 0.4776800862120434 0.6911440415803665
22 163840 1 256 1e-05 4 0.25 1698.7114671667416 -0.060052653462483896 0.6263187603073586 0.710736808883734 1.4098768164915738 1.1873823379567232
89 163840 1 256 0.001 4 0.1 1720.1560274481774 -29794141.826801497 0.042543891873023446 0.4590632170817098 39626400.72786987 6294.9504150445755
16 163840 2 256 0.001 4 0.1 1886.3896643877029 -0.057047876622115634 0.463350395597414 0.5009620689117216 1.4058804440546682 1.1856982938566911
193 163840 1 256 3.1622776601683795e-05 4 0.0 1629.1081008791923 -1.3142660612728068 0.4867158003083105 0.6704788352292858 3.0779886794531497 1.7544197557748686
151 163840 2 256 0.001 4 0.2 1885.352348903815 -4.295924938699027 0.340696132201445 0.44301166210093346 7.043614077624273 2.6539807982772357
21 163840 3 256 0.001 4 0.1 2123.3229770700136 -0.20517233489046038 0.3791068302309419 0.47916620269675897 1.602886921974214 1.2660517058849587
48 163840 2 256 1e-07 4 0.25 2410.1454990267753 0.646049541898088 0.8047635038586327 0.7838371454373665 0.4707563755766956 0.6861168818624823
19 163840 5 256 1e-07 4 0.1 2420.1023411313695 0.4843425061689225 0.7901498560439716 0.7720149136655714 0.6858277684867022 0.8281471901097668
102 163840 5 256 3.1622776601683795e-05 4 0.1 2386.7261938095094 0.37700930420145384 0.6846642949845663 0.6858619706201987 0.8285816143446971 0.9102645848019668
228 163840 4 256 0.001 4 0.0 2088.964978750547 0.3048683054782425 0.6682106495868567 0.6582121826651862 0.9245296045564904 0.9615246250390524
207 163840 3 256 3.1622776601683788e-06 4 0.2 2125.3043195645014 0.34625056525977405 0.6319157957499362 0.6983466408044874 0.8694909340815451 0.9324649774021248
241 163840 3 256 1e-05 4 0.1 2061.67948110501 0.4991501568852842 0.7142594453792585 0.7409967517170499 0.666133498222379 0.8161700179634014
8 163840 5 256 1e-07 4 0.25 3032.2215809702875 -0.08941365213358976 0.7680042362160433 0.7529367951613715 1.4489271327189996 1.2037138915535535
