2 2560 2 256 1e-05 32 0.2 4.014053308963776 0.4798561081042454 0.702842185857339 0.6858233362773632 0.6107302627054702 0.7814923305480804
1 5120 2 4096 3.1622776601683795e-05 4 0.05 60.371551056702934 0.4381419609859101 0.6886748525431501 0.7264634367940709 0.6597091941608862 0.8122248421224791
8 20480 5 2048 3.1622776601683795e-05 32 0.1 43.08373448053996 0.5452348860398453 0.7468547905423429 0.7300366956311916 0.5339653542905235 0.7307293303888407
11 20480 2 1024 3.1622776601683795e-05 32 0.1 40.46736245950063 0.5331447560599807 0.7338255199575577 0.7405497770498914 0.5481610573907452 0.7403789957790167
12 5120 4 4096 3.1622776601683795e-05 16 0.2 37.62747399409612 0.5559492278452725 0.755088656908475 0.7462103201666554 0.521385041635701 0.722069970041478
9 10240 5 256 0.0001 16 0.25 51.30485573212306 0.49889431903258286 0.7242785902705106 0.7112867072257675 0.5883764261174284 0.7670569901366054
18 5120 1 512 0.0001 32 0.2 8.986311221122742 0.44718267480228246 0.7057419348395317 0.7142604323676771 0.6490939824663026 0.8056636906714256
13 5120 5 256 1e-05 8 0.1 52.19020489056905 0.528055175636802 0.7526610211562427 0.7382101706172667 0.5541370206527179 0.7444038021482143
4 20480 1 512 1e-06 8 0.2 112.27636068264643 0.5052279461969574 0.7189084418072769 0.6996314047582954 0.5809397574527655 0.7621940418638586
10 5120 5 2048 3.1622776601683795e-05 4 0.1 81.74696258703868 0.5366315558530583 0.7487030233411491 0.728950378046812 0.5440670092113723 0.7376089812437022
19 10240 1 256 3.1622776601683795e-05 16 0.25 28.18478668530782 0.45568818956615686 0.7157662611984195 0.7252871359236159 0.6391071781471097 0.7994417915940533
5 20480 2 256 3.1622776601683788e-06 8 0.2 123.94922085205714 0.5233039681713602 0.7303586074939408 0.717105502999532 0.5597156811517612 0.7481414847151314
21 5120 5 2048 3.1622776601683788e-06 16 0.25 27.613751113414764 0.34881896577073834 0.736647599462129 0.7323788437329446 0.7645883577603589 0.8744074323565411
25 2560 5 512 0.0001 32 0.25 5.38391079902649 0.5531062288630684 0.750497085304786 0.7307537687636382 0.5247231669935604 0.7243777791964359
22 5120 3 512 1e-05 8 0.2 44.8233469804128 0.4891071098742189 0.7519359363747561 0.7314449033122746 0.5998681400711491 0.7745115493465214
23 10240 3 4096 1e-06 16 0.25 53.380552025636035 -0.35104502827693773 0.7137940840749102 0.7028358346091651 1.5863381227821125 1.2594991555305277
14 10240 2 1024 1e-05 4 0.05 119.37472347815832 0.5140852159188476 0.7243493060698971 0.7291957665507028 0.5705399378098055 0.7553409414362533
28 20480 4 2048 3.1622776601683788e-06 32 0.05 40.28262981573741 0.5771280473540137 0.761978048380835 0.7506597169491083 0.4965177958525716 0.7046401889280597
16 20480 5 256 0.0001 16 0.2 100.36044163703919 0.46349604632544217 0.7066201118274487 0.6893684727754187 0.6299395334163692 0.7936873020380062
0 20480 5 256 3.1622776601683795e-05 8 0.1 198.45770078102748 0.5342237382228576 0.737094663429529 0.7256779790440913 0.5468941636137432 0.7395229297416972
27 5120 4 256 1e-05 8 0.05 47.41947061618169 0.5572225139613267 0.7522276174946028 0.7348494281150051 0.519890004634838 0.721033982995835
32 5120 3 1024 1e-06 16 0.25 17.627863550186156 -0.9641422290604778 0.714171058663225 0.7071655269746063 2.3062101050019153 1.5186211196351496
31 5120 4 4096 1e-05 32 0.2 19.17168865998586 0.5714289106607897 0.7632230371131171 0.7513058338383269 0.5032094734903907 0.7093725914428824
37 5120 1 256 0.0001 16 0.2 17.678042781352996 0.4798458505566635 0.7223204058108573 0.7199064223789482 0.6107423066702786 0.7815000362573751
34 2560 4 256 1e-05 8 0.05 23.33333704074224 0.5307916901072441 0.7407341882445834 0.7274738732565709 0.5509239247623879 0.7422424972759158
36 2560 3 2048 1e-06 4 0.1 32.86473064819972 0.27116955932563214 0.701684924690173 0.7045950795926008 0.8557609027734374 0.9250734580418127
24 10240 4 2048 3.1622776601683795e-05 8 0.05 99.48705519835154 0.5007159900888405 0.7299272445657116 0.7090659575786543 0.5862374994471635 0.7656614783617911
44 10240 3 256 0.0001 32 0.2 22.476034959157307 0.572368016404159 0.7671128787613678 0.7449759451280148 0.502106816502022 0.7085949594105381
35 5120 5 256 3.1622776601683788e-06 4 0.1 59.36688834428787 0.48228315616110495 0.7513951892130863 0.7329358382240184 0.6078805287751873 0.7796669345144677
39 5120 2 1024 3.1622776601683795e-05 4 0.05 59.01451788743337 0.5519735474781687 0.7449868233944581 0.7386974741806283 0.5260531120540323 0.7252951895980231
38 40960 1 4096 3.1622776601683795e-05 32 0.05 73.6725102186203 0.43154645796771507 0.6981119578382301 0.6886791475110186 0.6674533460268168 0.8169781796515846
46 5120 3 256 3.1622776601683788e-06 8 0.1 41.583053000768025 0.4695575048180113 0.7409701188959573 0.7186861752293712 0.622822433330751 0.789190999271248
29 5120 4 4096 3.1622776601683788e-06 4 0.05 127.84679867426554 0.588256205823213 0.7683744870934294 0.756080154322572 0.4834515977269877 0.6953068371064588
42 10240 1 4096 0.0001 4 0.05 80.57406950394312 0.09872567413587063 0.5634221131748196 0.6763964084643893 1.0582369886120118 1.0287064637747796
47 20480 2 4096 3.1622776601683795e-05 32 0.2 39.80633355379105 0.5305577968631852 0.734327930325726 0.7420184518594307 0.5511985520042241 0.742427472554878
30 10240 2 4096 3.1622776601683795e-05 4 0.25 115.67488795121511 0.5796808324890947 0.765359826477938 0.7569344831069966 0.4935204269312594 0.7025100902700683
53 2560 4 256 0.0001 16 0.25 11.639341688156128 0.5462429548525325 0.7599120043111516 0.744626142451609 0.5327817238751901 0.7299189844600495
43 20480 2 512 3.1622776601683795e-05 16 0.1 78.09307180643081 0.5670663914868344 0.7545215839710404 0.7416039138235333 0.5083317531569975 0.7129738797157982
45 10240 1 512 3.1622776601683788e-06 8 0.1 70.82469606002172 0.5066948722752828 0.7226837360412135 0.7005774386046567 0.5792173568571921 0.7610633067341981
59 2560 2 2048 1e-06 32 0.1 5.168167638778686 0.4796549416941509 0.7083532335615786 0.7071133817628122 0.6109664635268173 0.7816434375895555
58 5120 4 2048 1e-05 32 0.25 10.083932983875275 0.5066329045907728 0.7544936599854115 0.7406051198454278 0.579290116608541 0.7611111066122613
48 2560 4 4096 3.1622776601683788e-06 4 0.2 63.83957282304764 0.4940080165126193 0.7459312303785683 0.7385470237660967 0.5941137093349613 0.7707877200208637
50 5120 3 4096 1e-06 8 0.25 54.74708377917607 -0.5032016190012514 0.7148677566345287 0.7067525057412533 1.7649937526439599 1.3285306743330993
6 40960 1 256 0.0001 8 0.25 279.27642463445665 -1.3856150186433283 0.45941468706597133 0.7030548690954981 2.8010850646346817 1.673644246736648
49 2560 4 4096 0.0001 4 0.05 63.23654581705729 0.5264229480967024 0.7316707912692298 0.7145978916828126 0.5560535110121969 0.7456899563573302
60 5120 4 1024 0.0001 16 0.25 24.936459239323934 0.5347599694904199 0.7404580552990387 0.7237208061627496 0.5462645442564619 0.7390971142255001
55 10240 5 512 3.1622776601683795e-05 16 0.2 42.587393653392795 0.5272776074709637 0.734456686652944 0.7201232021587964 0.5550500072658319 0.7450167832108427
41 20480 2 256 1e-06 8 0.25 126.3776551246643 0.5130415494540046 0.7221387524128596 0.7006651261895839 0.5717653654350868 0.756151681499874
54 10240 1 512 3.1622776601683795e-05 8 0.1 56.79051301081975 0.412357956851121 0.6960642400693412 0.6922085830530071 0.6899836467963785 0.8306525427616401
56 20480 5 2048 0.0001 32 0.05 55.64894404411316 0.47035178777885644 0.7135401034899058 0.690656935044827 0.6218898209346476 0.7885999118276945
51 20480 3 1024 1e-06 16 0.05 72.36553803284963 0.47135344822499636 0.7151890364156877 0.7139174300193429 0.6207137149437013 0.787853866490291
63 10240 2 2048 1e-05 16 0.2 40.23510812918345 0.5082039665173401 0.7215404574985728 0.7308669605482238 0.5774454442436653 0.7598983117784018
66 5120 5 2048 3.1622776601683795e-05 16 0.05 27.504067472616832 0.5637955439149743 0.7549122673290862 0.7337225258138989 0.5121722396607438 0.7156620988013433
72 2560 4 512 1e-05 32 0.25 6.31420791943868 0.1034379538903526 0.7491690700744554 0.7307147473631678 1.0527040353326658 1.0260136623518548
7 40960 2 1024 3.1622776601683788e-06 8 0.05 314.33881298303606 0.5174650186310445 0.7278215644264485 0.7340509750567401 0.5665715209342566 0.7527094531984148
68 5120 1 4096 1e-06 8 0.1 35.4116419394811 0.5168114997956184 0.7275529675255805 0.7102285252368837 0.5673388542361784 0.7532189948721277
70 5120 2 512 0.0001 8 0.1 31.078929750124612 0.5514643417662218 0.7452570921788023 0.7401505710180908 0.5266509991831014 0.7257072406853203
67 20480 4 2048 0.0001 32 0.2 40.179533100128175 0.5272601291594297 0.7365857774405771 0.7195839623690037 0.5550705295366135 0.7450305561093542
3 40960 2 256 3.1622776601683788e-06 4 0.2 361.47277150154116 0.5340780580958642 0.7360301631740305 0.719592321268283 0.5470652148624764 0.7396385704264458
81 5120 4 2048 1e-05 32 0.1 10.209505601723988 0.5732296472547604 0.7662287851223648 0.7551965143538447 0.501095127152321 0.7078807294681223
71 2560 5 1024 1e-05 4 0.25 32.873352177937825 0.5066109659169331 0.7469515738019827 0.7244516646843369 0.5793158760421251 0.7611280286798832
83 2560 4 256 3.1622776601683788e-06 16 0.2 9.273480749130249 -0.11036166671623793 0.7248223447776109 0.7138429427160178 1.3037382212451323 1.1418135667634766
40 20480 3 2048 3.1622776601683788e-06 8 0.05 187.0816294113795 0.5895751232447912 0.7695076775069707 0.7580734378391305 0.4819029824381847 0.6941923238110492
86 2560 2 256 0.0001 16 0.1 7.729490892092387 0.5133123178465087 0.7233318038759519 0.7126265080701332 0.5714474410029001 0.7559414269656745
84 5120 1 4096 1e-05 16 0.05 14.54939683675766 0.49382373396445567 0.7224317382277619 0.7057855585857558 0.5943300858623138 0.770928067891106
80 5120 1 1024 3.1622776601683788e-06 8 0.2 27.815740100542705 0.5049134815832501 0.718903997182162 0.7035698440566278 0.5813089880813154 0.7624362190251165
76 5120 3 256 3.1622776601683795e-05 8 0.2 43.109590299924214 0.5582734507890375 0.7709160337674893 0.7524774613171589 0.5186560404667012 0.7201777839302607
52 10240 2 1024 1e-05 4 0.2 120.869682097435 0.514465009575442 0.7234290953422481 0.7261416696813574 0.5700940006695646 0.7550456944248901
77 10240 4 4096 0.0001 32 0.1 38.25991097688675 0.5026432631864557 0.7254902989463375 0.7141485520719613 0.5839745794676137 0.7641822946572459
73 5120 3 1024 3.1622776601683788e-06 4 0.2 53.47700383663177 0.45932978197053365 0.755372993785001 0.7367397330372029 0.6348313792375323 0.7967630634244613
87 5120 2 1024 0.0001 16 0.25 16.04333472251892 0.5334252627132282 0.7337800071009389 0.7407834466310442 0.5478316987176978 0.7401565366310682
90 2560 1 2048 3.1622776601683788e-06 8 0.25 14.123709499835968 0.4838203827908395 0.7056227300238388 0.6940732663106051 0.6060755843395353 0.7785085640759101
97 5120 1 512 1e-06 32 0.2 7.3472496946652734 0.4138626111341479 0.6537390175817963 0.6474511015324002 0.688216947389019 0.8295884204766958
62 40960 5 1024 1e-05 32 0.25 107.63385125796 0.5262096263861619 0.7332280819317155 0.7122693625629399 0.5563039840569622 0.7458578846247871
20 40960 4 4096 0.0001 16 0.05 298.56440248092014 0.4195704322633971 0.6769000837120288 0.6610049092079555 0.6815150728653424 0.8255392618557535
93 5120 5 512 3.1622776601683795e-05 16 0.1 27.41489223241806 0.5608555719448145 0.7535857155712353 0.7377383630366553 0.5156242264698905 0.7180697921998185
94 2560 2 512 3.1622776601683788e-06 4 0.05 28.740059598286948 0.4607986105435482 0.6979559540745685 0.6868686591983827 0.6331067448157053 0.7956800517894773
88 10240 3 1024 3.1622776601683795e-05 16 0.25 45.535890710353854 0.5695128192245318 0.7648266404525048 0.7505403404894037 0.5054592644510583 0.7109565840830636
74 10240 3 512 3.1622776601683795e-05 8 0.2 87.83826809326807 0.5673149986569053 0.7596938529519529 0.741195320013823 0.5080398494652433 0.7127691417739991
100 10240 2 1024 1e-06 32 0.25 20.011309071381888 0.4365974177119071 0.7070884747460464 0.7065394564757708 0.661522729480995 0.8133404757424747
89 2560 3 4096 3.1622776601683795e-05 4 0.05 45.69762034813563 0.5538547017335065 0.7501044151478815 0.7334539287795635 0.523844342806806 0.7237709187352073
101 2560 2 512 0.0001 8 0.25 19.896664595603944 0.544563373512845 0.7404971540580806 0.7278807862850832 0.5347538149999824 0.7312686339506039
108 2560 4 512 1e-06 32 0.1 6.4960455338160195 0.1829577492537836 0.6770419395120103 0.6804676704720085 0.9593353612613633 0.979456666351995
69 10240 4 1024 1e-05 4 0.2 118.61208961804708 0.5736394621563886 0.7643128886524712 0.7472107949259589 0.5006139403760623 0.707540769409129
95 10240 4 512 0.0001 16 0.1 49.814065213998155 0.5247435697233322 0.7357735849173249 0.7115785204959956 0.5580253638227953 0.7470109529470069
75 10240 5 2048 3.1622776601683788e-06 8 0.05 109.15298164685568 0.5881640904043328 0.7679161916360369 0.7524833235540194 0.48355975563261416 0.6953846098617759
109 5120 2 2048 3.1622776601683788e-06 32 0.2 10.392448198795318 0.46243064455376703 0.7116316954709682 0.7067499230774615 0.631190481690568 0.7944749723500218
107 2560 4 2048 1e-05 8 0.2 25.38159812291463 0.5406273955872005 0.7587657130946821 0.7434992610893246 0.5393752685438674 0.7344217239051875
99 20480 3 4096 3.1622776601683795e-05 32 0.1 55.95856101512909 0.5603127849273428 0.7551593009626582 0.749775953996391 0.5162615433026719 0.7185134259724532
78 10240 5 2048 1e-06 8 0.2 105.11763366063435 0.36444517787965636 0.735165865069331 0.7304821026485989 0.7462407413121713 0.8638522682219288
98 5120 5 512 3.1622776601683788e-06 4 0.1 62.69582198460897 0.509841889287526 0.7418211582939902 0.7291435858952282 0.5755222667935157 0.7586318387686584
116 2560 5 256 3.1622776601683788e-06 32 0.1 5.325670921802521 0.170068905593191 0.719599944238256 0.7104599811062148 0.9744688791156518 0.9871519027564358
115 2560 3 4096 1e-05 16 0.2 14.128759543100992 0.5184793765306914 0.7466618726792933 0.7379590783041861 0.5653805061474237 0.7519178852424138
117 5120 5 4096 1e-06 32 0.2 23.63885069290797 -0.7668555683948746 0.7202057409079 0.7092456371881617 2.0745647161510608 1.4403349319346042
17 40960 1 256 1e-05 4 0.25 399.3789777517319 0.33299873465002217 0.6758152781675264 0.7268237798850063 0.7831637828666728 0.8849654133731288
112 10240 5 4096 0.0001 32 0.05 49.88253101905187 0.47351784168366307 0.7173094080075165 0.7057123481478171 0.61817237858235 0.7862393901238668
61 20480 3 256 3.1622776601683795e-05 4 0.05 198.8325278242429 0.5593551111024664 0.7517807284007585 0.7373223081982134 0.5173860021221752 0.7192954901305688
119 2560 5 4096 3.1622776601683795e-05 16 0.1 22.854515715440115 0.5703151099108964 0.7644742817371964 0.75551116388087 0.5045172497330467 0.7102937770620313
82 40960 3 512 1e-06 16 0.25 142.58378370205563 0.32944798414466314 0.7473196846866522 0.7216466048439214 0.7873329191820794 0.8873178230950167
122 5120 1 4096 1e-05 32 0.05 9.097171501318615 0.5033775695380152 0.7261247924318542 0.7119127909810338 0.5831123889892065 0.763617960101258
57 40960 5 512 1e-06 16 0.05 219.26035252809524 0.5527780594565791 0.751343141493708 0.7340263372640606 0.525108489191821 0.7246436980970862
125 5120 1 4096 3.1622776601683788e-06 32 0.25 7.129165248076121 0.5104026750111257 0.7250353243334955 0.7080637200488265 0.5748638166653267 0.7581977424559683
124 5120 5 512 3.1622776601683795e-05 32 0.1 10.707960426807404 0.5600151947015607 0.7529404636294427 0.7384654853806735 0.5166109607611911 0.7187565378910936
104 40960 2 4096 0.0001 32 0.2 82.37819471359253 0.3482009253487429 0.6341636801187728 0.7360625831878207 0.7653140338572407 0.8748222870144774
106 40960 2 2048 3.1622776601683788e-06 32 0.25 81.11719110806783 0.5208951898008937 0.7273822657491588 0.7308635989858282 0.5625439636134326 0.7500293085029629
91 20480 2 1024 3.1622776601683788e-06 8 0.1 129.25539919137955 0.5096192319774152 0.722396192722093 0.7248994232558427 0.5757837012919613 0.7588041257742089
128 2560 4 4096 0.0001 32 0.1 9.575890143712362 0.5461877719150547 0.7496382209337851 0.7316079390884578 0.532846517272609 0.7299633670757794
65 20480 5 512 3.1622776601683788e-06 8 0.1 210.42752529382705 0.5483562929239874 0.7529771609341764 0.7378538450033407 0.5303003345218306 0.7282172303110045
120 20480 3 256 1e-05 32 0.25 44.40353773832321 0.4980547151586959 0.7659579824274648 0.7502505082194476 0.5893622523521626 0.7676993241837344
121 5120 3 256 1e-06 8 0.2 33.76930778423945 -0.13128761744411488 0.7076691465489312 0.6963474042658439 1.3283085595390585 1.152522693719763
132 10240 2 1024 1e-05 32 0.05 16.423827791213988 0.4592173454036903 0.6979375403671265 0.7071957400415027 0.6349633973484354 0.796845905648285
85 40960 4 2048 3.1622776601683788e-06 16 0.25 160.74346139431 0.5758287042919414 0.7751136504754116 0.7678939554150249 0.49804342778252014 0.7057219195848462
114 5120 5 512 0.0001 4 0.1 79.29675806363424 0.5211334915048788 0.741067764572425 0.7282792192686064 0.5622641601503032 0.749842756949951
134 5120 2 2048 1e-06 16 0.1 20.115460761388142 0.49176610413981914 0.7184517790639887 0.7086790089511983 0.5967460650229471 0.7724934077537149
113 40960 3 512 3.1622776601683788e-06 32 0.05 90.44129890203476 0.5518782310876491 0.7478111671460594 0.7376616210268452 0.5261650284008916 0.7253723377692947
141 2560 1 256 1e-05 16 0.2 6.981556518872579 0.5026711015805685 0.7153784347217268 0.698266774404364 0.5839418928399043 0.7641609076888873
133 2560 2 512 0.0001 4 0.2 29.406363268693287 0.5701497055938407 0.7557414836966042 0.7449797423619116 0.5047114602651359 0.7104304753212209
139 2560 5 2048 3.1622776601683795e-05 8 0.25 21.519524594148 0.5404477682755306 0.7433115768917912 0.732621368161383 0.5395861790956483 0.7345652994088737
131 2560 3 4096 0.0001 4 0.05 44.726522084077196 0.5209502538752275 0.7268021536973287 0.7039842325434591 0.5624793097799308 0.7499862063931114
33 40960 2 2048 0.0001 4 0.1 375.8060956954956 -1.3383842938930277 0.2982195276122798 0.7062313574938812 2.745628808425675 1.6569939071781992
148 5120 5 512 0.0001 32 0.05 13.792030715942383 0.5382912227180203 0.7401903580230541 0.7214463459134073 0.5421183007938851 0.7362868332340903
103 10240 4 256 3.1622776601683788e-06 4 0.05 140.3834815065066 0.54933574374082 0.7492770818919625 0.7303521085710841 0.5291503061085562 0.72742718268467
105 40960 1 2048 0.0001 16 0.25 140.94983722368877 -3.9274385731937516 0.339923307331296 0.7037345196193454 5.785583376368489 2.405323964951185
146 5120 1 256 0.0001 8 0.1 35.038010764122006 0.4491469807333822 0.7042728450161319 0.7087743625381738 0.6467875801495088 0.8042310489837536
153 2560 1 2048 1e-05 4 0.2 20.371717961629233 0.5015790315308917 0.7218463972196081 0.704289095425281 0.5852241538425299 0.764999446955702
150 5120 3 4096 3.1622776601683788e-06 16 0.2 27.37389339605967 0.33118919322798546 0.730287727828204 0.7190484860641478 0.7852884674496812 0.8861650339805115
154 10240 3 2048 3.1622776601683788e-06 32 0.05 22.325423403580984 0.45355994141555456 0.7012124554352724 0.7142903994665933 0.6416060742648407 0.8010031674499426
138 5120 5 1024 3.1622776601683788e-06 4 0.2 66.51726406017939 0.4778746081755051 0.7433940278025569 0.7336853436542312 0.6130568534640768 0.7829794719301885
151 2560 5 512 3.1622776601683788e-06 4 0.05 32.10560832420985 0.4995670349817706 0.7328187361063924 0.7209541229904425 0.5875865524021452 0.7665419443201691
123 10240 5 256 3.1622776601683788e-06 8 0.2 103.72784645557404 0.41240131221889764 0.7663389796552874 0.7502075458122461 0.6899327408152367 0.830621900033485
142 5120 4 256 1e-06 4 0.2 70.52922621568044 0.05441091385734731 0.7336421074825181 0.724425141137143 1.1102694465689662 1.0536932412087334
149 5120 4 1024 0.0001 4 0.05 59.79295705954234 0.5109538002608494 0.7224636281713595 0.7029638000562496 0.5742167094440527 0.7577708818924442
126 40960 2 512 3.1622776601683788e-06 16 0.05 128.2499136845271 0.49536998660943776 0.7160160289380603 0.71502506482867 0.5925145434733854 0.769749662860196
145 40960 3 1024 1e-06 32 0.05 91.07194243272146 0.4932315189711004 0.7219334526703409 0.7182409321906171 0.5950254388677134 0.7713789204196038
96 40960 3 2048 1e-06 8 0.25 279.1442650953929 0.5070583865976763 0.7637132973946872 0.7466547996110129 0.5787905342008623 0.7607828429984882
118 20480 3 4096 3.1622776601683788e-06 8 0.2 221.26979047060013 0.5933765329482863 0.7752271781959965 0.7604589582947187 0.47743953302920455 0.6909699943045317
156 10240 2 512 0.0001 4 0.05 114.3101328810056 0.583758383377296 0.7640802910301464 0.7525276797797751 0.48873274459191707 0.6990942315538851
155 40960 3 4096 1e-06 32 0.1 114.04258578221003 0.48383752152549053 0.7247393079196358 0.7254282395549014 0.6060554607851132 0.7784956395414898
158 2560 2 1024 3.1622776601683795e-05 32 0.2 5.113677446047465 0.4771647874236181 0.7063150086494322 0.7079575028760603 0.6138902940197156 0.7835115149247748
129 20480 5 256 3.1622776601683788e-06 8 0.25 203.07858529090882 0.4016568697445242 0.7597906248135783 0.7509705794813679 0.7025483963621695 0.8381816010639755
147 10240 5 2048 3.1622776601683788e-06 4 0.2 163.26187351147334 0.580998873735284 0.7662184539359924 0.7514813729868348 0.4919728404093684 0.701407756165676
127 40960 3 4096 1e-06 16 0.2 210.7681233048439 0.5344720063723303 0.7582210154850944 0.7403548064309509 0.546602657985183 0.739325813146804
161 2560 5 512 3.1622776601683795e-05 16 0.2 10.528234215577443 0.5247479485015387 0.7484748790105966 0.7289662019868689 0.5580202224524823 0.7470075116439474
130 40960 5 512 3.1622776601683788e-06 16 0.2 215.88803133567174 0.5151602145370426 0.747838227257119 0.7410773373726728 0.569277721337157 0.7545049511680868
152 20480 1 2048 1e-06 4 0.2 159.93483595450718 0.5037719200881775 0.7242310054285331 0.7072979952294324 0.5826493597796912 0.7633147186971382
165 5120 3 256 1e-06 32 0.05 9.01962469816208 0.45902496980705054 0.6980217011781602 0.6822249067169396 0.635189276380189 0.7969876262403256
163 2560 4 2048 1e-06 4 0.05 30.219776519139607 0.37640259118406827 0.6843959515730578 0.6977010070553312 0.7322008683415107 0.8556873660055468
159 2560 4 4096 0.0001 4 0.25 64.37398881117502 0.544640747748302 0.738276668428422 0.7204811239958183 0.5346629655487373 0.731206513612083
164 2560 3 1024 3.1622776601683788e-06 4 0.2 33.59399824142456 0.14628219307249812 0.7377227081639717 0.7240887389296098 1.0023981990846225 1.0011983814832215
160 5120 2 512 3.1622776601683788e-06 4 0.1 57.88375999132792 0.4743491556238839 0.7039520265471843 0.6958749407706185 0.6171962860260164 0.7856184099332298
162 5120 2 512 3.1622776601683795e-05 4 0.05 57.95072662035624 0.5228294115602932 0.7307275352909756 0.724075087706711 0.5602728848184029 0.7485137839869102
143 20480 2 1024 1e-05 4 0.2 231.74261461098988 0.516902519015559 0.7224913038191136 0.7295481212332657 0.5672319834395168 0.7531480488187676
169 2560 5 256 0.0001 32 0.25 6.757229216893514 0.5203634123813434 0.7476600375393815 0.7294124067113762 0.5631683534567105 0.7504454366952407
15 40960 3 4096 1e-06 4 0.1 697.3724284529686 0.5959921776029045 0.7747539540824371 0.7575369816744002 0.4743683572027676 0.6887440433156338
26 20480 5 4096 3.1622776601683795e-05 4 0.25 653.3559955318768 0.41845191395122094 0.6889931531929857 0.6682564933352577 0.682828388263792 0.8263343078099759
168 10240 3 1024 0.0001 32 0.2 22.375003850460054 0.5617098838676614 0.7547757286049919 0.7442408135548457 0.514621130685816 0.7173709853944583
92 40960 3 512 1e-05 4 0.1 407.3715192635854 0.5828578160452631 0.7672300351908118 0.7526052006881889 0.4897901514592204 0.6998500921334657
79 40960 3 4096 3.1622776601683788e-06 8 0.1 445.58649457295735 0.5986062158137337 0.7780529959289526 0.7664609459626088 0.4712990675925343 0.6865122486835427
167 10240 4 4096 3.1622776601683795e-05 32 0.25 40.37777074575424 0.5300428507973072 0.7399345668478604 0.7303311547703963 0.5518031792064133 0.7428345570895402
102 40960 4 1024 3.1622776601683788e-06 8 0.2 390.51460038026175 0.5728659882285168 0.7672146039244446 0.7569647781632196 0.5015221197135978 0.7081822644726411
137 20480 4 512 3.1622776601683788e-06 4 0.2 286.59726790189745 0.5212433400946226 0.7577335543389105 0.7393248565086914 0.5621351807291904 0.7497567477050077
136 40960 4 256 0.0001 8 0.2 299.3067048589389 0.4737505660474056 0.7078872010954015 0.6887604953960133 0.6178991237887804 0.786065597637233
176 2560 2 256 1e-05 4 0.05 22.376393461227416 0.4734268946917166 0.7040750057085294 0.6911770343388768 0.6182791645720523 0.7863072965272879
174 10240 4 2048 1e-05 16 0.2 40.46408946116765 0.5935748542634007 0.7766285025032008 0.7633699483452566 0.4772066727942445 0.6908014713318469
166 40960 2 2048 3.1622776601683788e-06 32 0.2 81.54669559001923 0.5193311631585089 0.7270161282776005 0.7310437705312959 0.564380375454588 0.7512525377358721
178 10240 1 256 1e-05 16 0.2 35.4926849881808 0.5094114523960254 0.7299572243168082 0.7171476455134662 0.5760276670104946 0.7589648654651245
170 20480 2 1024 1e-05 16 0.05 64.77191104491551 0.5137647681241291 0.7246046888285417 0.730934150801471 0.5709161936284377 0.755589963954285
183 5120 2 256 1e-06 16 0.05 16.374804937839507 0.4799444931194148 0.7011135614404299 0.6890761398309978 0.610626484877114 0.7814259305123641
172 10240 4 4096 0.0001 16 0.25 72.5953421831131 0.5150611461802579 0.7259307984177119 0.7131932876886763 0.5693940430790974 0.7545820320409818
144 10240 5 4096 1e-06 4 0.2 324.87265942494076 0.531958738830105 0.7546475731654202 0.7440177615915032 0.5495536270732136 0.7413188430582441
181 2560 4 256 3.1622776601683795e-05 4 0.05 35.688409034411116 0.5633890689868104 0.7550027179591259 0.7356539893781106 0.5126495047858921 0.7159954642215913
184 2560 1 4096 1e-06 4 0.25 26.372713740666708 0.5122520619820188 0.7225852778120839 0.7067730030729333 0.5726923471774106 0.7567643934392068
189 5120 5 256 3.1622776601683795e-05 32 0.05 10.422764778137207 0.5615371001003635 0.7560686319081894 0.73897566396619 0.5148240058463961 0.7175123733054337
187 10240 5 256 1e-06 32 0.2 22.172920974095664 -0.2542547244088216 0.7169978281964836 0.7129837765613167 1.4726911711794126 1.2135448781068678
171 10240 4 2048 3.1622776601683795e-05 8 0.2 99.99630525112153 0.5439404344624899 0.7471677291555326 0.7313874697889071 0.5354852428525451 0.7317685719218509
110 40960 4 512 3.1622776601683795e-05 4 0.2 449.62170490423836 0.4812401533786598 0.7121736106597236 0.6941947067324087 0.6091051771335554 0.7804519057146029
191 5120 1 256 1e-06 16 0.1 17.925769674777985 0.4286369279123329 0.6654104042007442 0.6564360658796888 0.6708695892678875 0.8190662911314857
190 5120 5 512 1e-05 16 0.05 21.210207029183707 0.5546814102112302 0.7491802390645502 0.7341350141166283 0.5228736577835889 0.7231000330407881
196 2560 3 256 1e-05 16 0.05 8.515490289529165 0.4920843176610742 0.72318284453636 0.7101869976428997 0.5963724325907287 0.7722515345343955
194 2560 4 512 3.1622776601683795e-05 8 0.25 19.947829039891563 0.53646782438536 0.7638486946660122 0.7497482006092961 0.5442592555567367 0.7377392869820183
177 40960 3 4096 3.1622776601683788e-06 32 0.05 110.14420021772385 0.5931751653996771 0.7716993967140618 0.7584637480289821 0.47767597001861967 0.6911410637623984
185 10240 1 4096 1e-05 8 0.25 71.2006038626035 0.5054874746222315 0.7300208163307914 0.7034831813382846 0.5806350304996727 0.7619941144783683
201 5120 3 512 1e-06 16 0.1 17.953027753035226 0.3479130779278712 0.7112376708321193 0.701230114640013 0.7656520117393367 0.8750154351434818
135 40960 3 1024 3.1622776601683795e-05 4 0.25 419.71428670883176 0.4448419979828889 0.6762434633530798 0.6512653405424269 0.6518423030581423 0.8073675142449951
200 10240 1 1024 1e-05 16 0.1 29.520404815673828 0.49173068909795226 0.7176321607453938 0.7043994940537097 0.5967876478198618 0.7725203219462009
204 5120 3 256 3.1622776601683795e-05 32 0.2 11.254424444834392 0.527642445884137 0.7736974777496501 0.7562816430929868 0.554621629919882 0.7447292326207439
207 5120 1 2048 3.1622776601683788e-06 32 0.05 7.163642394542694 0.4840073484991154 0.710317145588108 0.701807975414737 0.6058560573626519 0.7783675592948693
202 2560 1 256 1e-06 8 0.05 13.93356743256251 0.4003100567596052 0.6478533490072577 0.6425207963540699 0.7041297654042952 0.839124404009498
186 10240 2 512 1e-06 4 0.25 91.77793809572856 0.47399732031441477 0.7106605194625911 0.6963505198602591 0.6176093956949543 0.7858812860063245
206 2560 1 1024 3.1622776601683795e-05 4 0.1 25.017016224066417 0.48752839583829677 0.7177716856323955 0.7000969401554128 0.6017217972089488 0.7757072883562128
193 10240 4 1024 0.0001 8 0.05 76.70548386573792 0.5285384233263093 0.7369987318408174 0.7194971806431714 0.5535696123009848 0.7440225885690466
195 40960 1 512 3.1622776601683795e-05 32 0.2 72.98740326960882 0.31774878355896585 0.6757453912600571 0.7055448849479912 0.8010696100448818 0.8950249214658114
210 2560 1 2048 1e-05 4 0.25 24.921126421292623 0.4895251806403076 0.7178084521700958 0.7032309411746298 0.5993772596190645 0.7741945876968299
211 2560 1 1024 3.1622776601683788e-06 4 0.05 26.3742019812266 0.49414516058602576 0.7158379963264048 0.7050198662943382 0.5939526807479011 0.770683255785346
221 2560 2 2048 3.1622776601683788e-06 16 0.2 10.11987814505895 0.4711561331743995 0.717903045823798 0.7108768558379238 0.6209453936667708 0.7880008843058305
198 40960 5 256 0.0001 32 0.05 83.4010989745458 0.48754762754145 0.7175049801119976 0.7032871448580965 0.6016992161822329 0.7756927330987656
215 2560 1 512 3.1622776601683795e-05 4 0.25 25.283817636966706 0.48043048764367713 0.7157201259935652 0.7074499479489988 0.6100558513118627 0.7810607219108273
216 10240 5 256 3.1622776601683795e-05 32 0.2 26.81619472503662 0.5260481910524412 0.7581162205971048 0.7408538754626968 0.5564935343819961 0.7459849424633155
217 2560 5 1024 1e-06 8 0.25 26.528855987389882 -1.5522777460776043 0.702788802812382 0.7008372217863696 2.9967731672829103 1.7311190505805516
199 10240 1 512 0.0001 4 0.2 82.06658887465795 0.4236409573291946 0.702432602220484 0.7217374490179275 0.6767356399401125 0.8226394349531954
192 20480 5 1024 1e-05 16 0.25 110.6962784409523 0.5629350736749698 0.7548448577276676 0.7402707263763993 0.5131825662721222 0.7163676195028096
188 40960 2 2048 0.0001 16 0.2 128.68822944959004 0.5199402778389163 0.7309465058214222 0.729510037191004 0.5636651795740267 0.7507763845340547
222 2560 5 2048 3.1622776601683788e-06 8 0.2 27.656787105401357 0.32798616639660594 0.7354967324982863 0.727705780067199 0.7890493217991411 0.8882844824712076
214 10240 3 4096 3.1622776601683795e-05 16 0.2 54.37262269258499 0.5626588872818381 0.7549166330470736 0.7467520028837694 0.5135068522842452 0.7165939242585337
212 10240 4 256 0.0001 8 0.25 73.11378802458445 0.5625047934492897 0.7585695822700254 0.7381251594474778 0.5136877825389301 0.7167201563643443
208 40960 4 2048 1e-06 32 0.25 81.50528790950776 0.4213472333017788 0.7453425929424663 0.7365982604539472 0.679428830612278 0.8242747300580541
213 10240 1 1024 0.0001 4 0.1 79.51269921461741 0.4525669317990052 0.7096157278847285 0.7065703254572809 0.6427720228291388 0.8017306423164446
220 40960 2 4096 1e-05 32 0.25 70.98118235270182 0.5096867774012777 0.722086980996553 0.7380441012359948 0.5757043924024352 0.7587518648428057
231 20480 4 1024 0.0001 32 0.25 40.246435805161795 0.5235171244054648 0.734026845999999 0.7106931350304815 0.5594654024022068 0.7479741990217355
140 20480 4 4096 0.0001 4 0.1 509.35845836400983 0.48774598903212874 0.7094973698935699 0.6826918355403572 0.6014663087748782 0.7755425899168131
237 2560 3 1024 3.1622776601683795e-05 16 0.2 8.760504424571991 0.5615363923231325 0.7634985765414255 0.7394830549145981 0.5148248368875387 0.7175129524179606
205 10240 4 512 3.1622776601683788e-06 4 0.2 116.44375241200129 0.4812133002523379 0.7524101965271037 0.7319778749306194 0.6091367069028145 0.7804721051407376
157 40960 2 512 1e-05 4 0.1 374.4423250555992 0.5598362086924973 0.7489431468294356 0.7410900457183144 0.5168211183234331 0.7189027182612632
209 20480 1 2048 3.1622776601683788e-06 8 0.1 111.8027959982554 0.4937733904824454 0.7213373663059492 0.7059517979765035 0.5943891969822801 0.7709664045743368
234 5120 5 512 1e-05 8 0.05 42.83849337895711 0.5679206315245771 0.7561708794681233 0.7439896802471015 0.507328741777276 0.712270132588245
241 5120 1 4096 3.1622776601683788e-06 16 0.2 14.098482886950174 0.5130618388848203 0.7273119591779158 0.7101474377927574 0.571741542470701 0.7561359285675433
229 10240 4 1024 1e-06 8 0.25 78.74837489525477 0.10724295401672301 0.7391027402814053 0.7252793413063195 1.0482363702058044 1.023834151709057
242 2560 1 4096 3.1622776601683788e-06 4 0.1 20.374974767367046 0.5109211687111094 0.7275759683093385 0.7102010588124325 0.5742550239859625 0.7577961625568993
236 40960 1 256 1e-06 32 0.05 56.221600671609245 0.4957082260874631 0.713905454700672 0.6981989692311664 0.5921173974365092 0.7694916487113483
226 20480 5 4096 3.1622776601683788e-06 32 0.1 98.1484963218371 0.5893830784654362 0.7685941812317463 0.7551786816752831 0.4821284730387167 0.6943547170133697
245 2560 5 1024 1e-06 8 0.2 21.164656631151836 -0.8912134876390623 0.7092373838419915 0.7064918206769463 2.220580358885418 1.4901611855384698
243 5120 2 512 3.1622776601683788e-06 8 0.05 33.097983380158745 0.45667512358509665 0.694707722547517 0.6884749940874852 0.6379483632844316 0.7987166977623741
111 20480 5 4096 0.0001 4 0.25 645.9215792973836 0.4133346287024866 0.676292801470553 0.6716697609294515 0.6888368813231023 0.8299619758296776
248 10240 1 2048 3.1622776601683795e-05 32 0.1 14.401404905319215 0.49406811702063114 0.722083563086276 0.7060985178766694 0.594043141940787 0.7707419425078584
252 5120 4 512 3.1622776601683795e-05 32 0.1 10.059525469938913 0.5722727812769518 0.7613188156972441 0.7482221742657161 0.5022186374330456 0.7086738582966396
179 40960 1 1024 1e-05 8 0.2 283.87623471419016 0.14856939990435813 0.6204287435876138 0.7032680003503073 0.9997126606191173 0.9998563199875857
219 20480 1 2048 1e-06 8 0.2 143.04276440540949 0.49485414315459864 0.7166601685630366 0.7005668209868464 0.5931202243505377 0.770142989548394
256 2560 1 4096 3.1622776601683788e-06 32 0.2 4.607402578989665 0.5086115394117605 0.7220003733901567 0.7068552793622971 0.5769668899344456 0.7595833660201134
197 40960 5 2048 3.1622776601683795e-05 16 0.2 216.3508763750394 0.42544298145791626 0.7041666767553941 0.7083212485240545 0.6746197818349167 0.8213524102569595
251 10240 1 4096 1e-06 16 0.25 28.342776131629943 0.5135350591362398 0.7258612358343948 0.7087575547261963 0.5711859078992487 0.7557684221368665
258 5120 2 256 3.1622776601683788e-06 32 0.25 10.023035776615142 0.46217594889489033 0.6937246678447933 0.6811860544176916 0.6314895342202225 0.7946631577091154
249 10240 4 256 1e-05 16 0.25 46.47547829945882 0.3932302551332486 0.7660362478149066 0.7539993471997396 0.7124425595647886 0.8440631253435898
239 40960 3 256 1e-06 32 0.05 88.88573021094004 0.5107327468532648 0.733691957947369 0.7216339784876065 0.574476260710134 0.7579421222693287
247 40960 3 1024 1e-06 32 0.1 72.18888572057088 0.4792840315163135 0.7329804663255022 0.7253182918677695 0.6114019700739098 0.7819219718577486
254 5120 2 2048 0.0001 4 0.1 47.43057449658712 0.5775113398192631 0.7612208639250988 0.7508529657921877 0.49606775056386954 0.7043207724921008
259 20480 3 1024 1e-06 32 0.2 36.18893278837204 0.0094384332067603 0.7277652554436533 0.7185445386674619 1.1630741710888388 1.0784591652393887
182 40960 1 2048 0.0001 4 0.2 316.3700823108355 0.3207067616955299 0.6767665231863123 0.729812823774582 0.7975964811807965 0.8930825724314614
265 2560 4 2048 1e-05 16 0.2 9.893210756778718 0.5083341357642537 0.7561481967649677 0.7405321493446466 0.5772926051935441 0.7597977396607232
266 5120 4 1024 3.1622776601683795e-05 32 0.25 9.948098071416219 0.5545367174083512 0.7602660243907285 0.7435448061603177 0.5230435497594261 0.7232174982392408
260 20480 3 1024 0.0001 32 0.2 44.918681820233665 0.530707551845312 0.7355575522264044 0.7201764624935136 0.5510227162383892 0.7423090436188887
264 10240 3 512 3.1622776601683795e-05 32 0.25 18.319210092226665 0.5598721439323668 0.7677977901976613 0.7495839349932122 0.5167789247327214 0.7188733718345126
240 10240 5 2048 3.1622776601683788e-06 4 0.1 128.57068300247192 0.605361563123825 0.7784975830378652 0.761386339569251 0.463367233533459 0.6807108295990736
225 40960 5 4096 0.0001 32 0.2 193.06228077809016 0.45697357627141355 0.7053738768336061 0.6892292703905113 0.6375979331623837 0.7984972969036174
263 20480 3 512 3.1622776601683795e-05 32 0.2 36.86247568130493 0.5689327040269101 0.7627026887495806 0.747425975913936 0.5061404104042514 0.7114354576518178
227 20480 4 2048 3.1622776601683795e-05 8 0.1 202.7249826312065 0.5289695250955391 0.7417921149357675 0.726999073065534 0.5530634314135867 0.7436823457724318
253 10240 2 512 1e-06 4 0.2 91.72571247021357 0.48234015308672795 0.7107972794331305 0.6969144424494408 0.607813605472037 0.7796240154536268
180 40960 2 1024 0.0001 4 0.25 371.0633651137352 0.483818419427936 0.7034148108102671 0.7081829015080748 0.6060778896345902 0.7785100446587636
244 40960 3 256 0.0001 16 0.2 136.17005386749904 0.5130103803484627 0.7307520660402526 0.7247154318233215 0.5718019628388292 0.7561758808893796
273 5120 1 2048 0.0001 16 0.2 17.989849543571474 0.49413053322244715 0.7212763631837311 0.6902162014190424 0.593969855559987 0.7706943982928558
224 20480 3 256 3.1622776601683788e-06 4 0.05 252.89115621646246 0.5428504412593713 0.7436508459831564 0.7324660393819115 0.5367650653125601 0.7326425221842915
270 10240 2 256 1e-06 8 0.05 60.92344097296397 0.4879574249915576 0.711331661451188 0.6938977681567605 0.6012180498967882 0.775382518436409
255 10240 5 256 3.1622776601683788e-06 4 0.2 150.90972139437994 0.43986632111100477 0.7650992188502046 0.7516321103640099 0.6576845257400774 0.8109775124749622
268 40960 5 512 3.1622776601683795e-05 32 0.1 83.99647179047267 0.5629936995192851 0.7562625269322808 0.7350748167741589 0.513113730363717 0.7163195727911649
250 20480 5 2048 1e-06 8 0.25 171.9229503273964 0.4647494854417781 0.7484672909220914 0.7425299012795115 0.6284677998966021 0.7927596104094873
276 10240 2 256 3.1622776601683795e-05 32 0.05 19.71860094865163 0.5095620275697397 0.721285449233982 0.7042594152890082 0.5758508682114847 0.7588483828878366
235 40960 3 256 1e-06 8 0.05 273.9757473389308 0.5245081345128659 0.7359163728956848 0.729010722191278 0.5583018015743071 0.7471959592866567
277 10240 3 2048 3.1622776601683795e-05 16 0.25 35.9133576909701 0.5833549661917643 0.771601451117083 0.765443458418011 0.48920641944908333 0.6994329270552562
278 5120 4 512 3.1622776601683795e-05 16 0.2 24.988542171319327 0.5635513437909802 0.7640291445464301 0.7488696029841623 0.512458968791285 0.715862395150971
246 40960 1 1024 3.1622776601683788e-06 8 0.05 228.0540229519208 0.4715386173811803 0.708411740214826 0.6983401548517787 0.6204962973998963 0.7877158735228689
173 40960 5 1024 3.1622776601683795e-05 4 0.25 519.7110052585601 0.48756925338540513 0.7229148777297838 0.7033961100613705 0.6016738240598497 0.7756763655416153
279 5120 5 512 3.1622776601683788e-06 16 0.2 21.538457000255583 0.23753544250738512 0.7449697751931236 0.7304667706445024 0.8952526152021038 0.9461778982845159
280 2560 1 1024 3.1622776601683788e-06 4 0.25 20.3692351380984 0.49702852212866744 0.7135672022953458 0.6991353283369747 0.5905671634326937 0.7684836780522366
203 40960 4 512 3.1622776601683788e-06 8 0.05 396.76274644533794 0.5836750456746282 0.7659261834178587 0.7507067378279823 0.4888305960861605 0.6991642125324783
281 10240 5 512 3.1622776601683788e-06 32 0.1 22.151026741663614 0.4632698545557984 0.7374068731537524 0.7270058371849886 0.6302051179229812 0.7938545949498442
274 20480 3 2048 0.0001 8 0.1 141.1100433389346 0.48079465853716474 0.7037310928055144 0.6733408214883505 0.6096282577384021 0.7807869477254357
283 5120 5 2048 1e-06 16 0.25 21.083658655484516 -0.7645718369475085 0.727179114715275 0.7145932680394979 2.071883258330389 1.4394037857149011
287 5120 2 4096 1e-06 32 0.2 8.875983456770578 0.4764184650145439 0.7134054181261051 0.704793288789947 0.6147665932285666 0.7840705282234288
288 2560 3 1024 3.1622776601683795e-05 32 0.05 4.468967203299204 0.5578243048618339 0.7521652943740698 0.7421037207592199 0.519183408017081 0.7205438279640461
261 40960 5 512 0.0001 16 0.05 218.067422691981 0.4588382703260131 0.7069985471322473 0.6894642546447591 0.6354084907646651 0.7971251412197868
289 2560 3 4096 1e-05 16 0.1 14.15371015071869 0.4612956965538486 0.7223415728035956 0.7183966709167221 0.6325230881114968 0.7953132012682154
223 40960 4 1024 3.1622776601683795e-05 8 0.05 396.47242764234545 0.4771696315881071 0.7028024442118325 0.6830519090822936 0.6138846062131355 0.7835078852271593
285 2560 3 4096 3.1622776601683788e-06 4 0.05 45.32985215584437 0.435408310982905 0.6895903575292425 0.7070141336828174 0.6629189267185353 0.8141983337728808
291 10240 1 4096 3.1622776601683795e-05 16 0.25 28.984741830825804 0.47878783074739384 0.7190549748754086 0.6996095136080611 0.6119845873663142 0.7822944377702773
228 40960 4 1024 1e-05 8 0.25 384.95116470257443 0.541676880029252 0.7466185367865263 0.7303883478534945 0.5381430097036004 0.7335823128344906
286 5120 4 1024 0.0001 8 0.2 49.665284784634906 0.5078252275003203 0.724532904393676 0.7143333034847094 0.5778901430721343 0.7601908596346935
267 20480 4 256 3.1622776601683788e-06 4 0.25 212.91055330435435 0.4397175845862369 0.7681059515151566 0.7537920781817908 0.6578591656777191 0.8110851778190248
284 10240 1 2048 1e-06 8 0.2 58.359547249476115 0.49075236164868885 0.7119338842615819 0.6998998378139775 0.5979363572239518 0.7732634461966709
175 40960 4 2048 0.0001 4 0.25 599.6048565705618 0.5101407727019365 0.7152318739241864 0.6842590559341007 0.5751713309293343 0.758400508260203
271 40960 1 1024 0.0001 8 0.05 218.72009770472843 0.2986411195321915 0.6598065732015581 0.7046966233737438 0.8235049954306983 0.9074717601284893
275 20480 3 1024 0.0001 4 0.2 205.69145203431447 0.4883204098842229 0.7042129030521369 0.6752199801264849 0.600791848873745 0.7751076369600193
293 5120 4 1024 1e-06 8 0.25 48.509126635392505 -0.6485934877544843 0.7239209615169114 0.7154092258190174 1.9357065411288379 1.3912967121102666
301 5120 5 1024 0.0001 16 0.2 22.35848822593689 0.5383835209102672 0.7478478302095594 0.730995165843782 0.5420099282837463 0.7362132356075557
302 2560 3 512 3.1622776601683795e-05 16 0.25 8.690537083148957 0.473276116069522 0.7556249746493298 0.7324293901528676 0.6184562022513906 0.7864198638458916
300 10240 2 256 1e-06 16 0.05 30.835638344287872 0.48705262276184447 0.709036426708314 0.6907633571909099 0.6022804291961685 0.7760672839362374
233 40960 3 2048 1e-06 4 0.2 413.85412637790046 0.5621294419470024 0.7701600417894409 0.7528541612787749 0.5141285038954058 0.7170275475150211
232 40960 5 512 1e-05 8 0.25 422.3777401645978 0.508572966929352 0.7251640202858989 0.7105358622280944 0.5770121800602772 0.7596131779137835
230 40960 5 2048 3.1622776601683788e-06 8 0.2 434.88735776344936 0.5708742213892877 0.757508794673641 0.7375539690408615 0.5038607654305298 0.7098315049577116
257 40960 2 4096 1e-06 8 0.05 316.6546175837517 0.45857934529286104 0.6964087736220157 0.7087613672298887 0.6357125092410556 0.797315815245788
310 2560 5 2048 0.0001 32 0.2 6.9746414224306745 0.5310467737007508 0.7413047423073101 0.7278129401172223 0.5506244167368176 0.7420407109699694
308 10240 3 1024 1e-06 32 0.1 18.14016009569168 0.3382541934056953 0.7162498234955422 0.7137766953400277 0.7769930525043652 0.8814720940020536
309 2560 5 256 1e-06 8 0.2 19.64442993402481 -0.7955710714865609 0.686132496319998 0.684225569272903 2.108281206953226 1.4519921511334783
218 40960 5 256 3.1622776601683795e-05 4 0.05 477.1841131130854 0.49679625349131107 0.7205217512586568 0.7106190404000521 0.590839883132225 0.7686610977096636
306 5120 2 4096 3.1622776601683788e-06 8 0.25 33.35363891919454 0.4482717671827017 0.7014247238272212 0.7030670855051795 0.6478152177129961 0.8048696898958216
296 40960 3 256 3.1622776601683795e-05 32 0.1 70.69092416365942 0.5732779595737434 0.761283807488156 0.7438962534093039 0.5010384009353568 0.70784066069657
312 2560 2 1024 3.1622776601683795e-05 8 0.25 20.46992305914561 0.5184750393195726 0.7252635542568014 0.7247171051295936 0.5653855987114762 0.7519212716178977
316 2560 4 1024 3.1622776601683795e-05 16 0.25 9.97553346157074 0.5564379291867326 0.7637986898308808 0.7532274536249275 0.5208112298438011 0.7216725225777971
315 5120 5 512 0.0001 16 0.05 21.233668200174968 0.5208287694929007 0.7333603917068644 0.7089865099210624 0.5626219514409964 0.7500812965545777
322 2560 5 4096 0.0001 32 0.05 12.146147934595744 0.538078838797125 0.743872799418983 0.7262229620988006 0.5423676727269672 0.7364561580480994
317 10240 5 256 1e-05 16 0.25 38.916563864549 0.4181973312361278 0.7608925644415588 0.7524033993825034 0.6831273081797837 0.8265151590744018
319 5120 1 2048 3.1622776601683788e-06 8 0.1 29.14863855044047 0.48996177356245685 0.7141719105745263 0.6965025833428975 0.5988646312595008 0.7738634448399154
304 10240 1 1024 3.1622776601683795e-05 4 0.25 80.36964356899261 0.08445285341966557 0.6048983599052641 0.697295487845373 1.0749955119386743 1.0368199033287673
320 20480 1 4096 1e-05 32 0.25 35.909828102588655 0.49728933425790733 0.7270514613640419 0.708372655831908 0.5902609292104155 0.7682844064605343
324 5120 2 256 1e-06 32 0.2 7.896318531036377 0.4145887796834945 0.6521659187930885 0.6588085500323284 0.6873643119628977 0.8290743705861964
307 40960 5 2048 1e-05 32 0.1 87.70962932507197 0.5835343287036696 0.7646262375823489 0.7468512717282907 0.48899581981363227 0.699282360576636
325 2560 1 256 3.1622776601683795e-05 8 0.1 13.683776128292084 0.4800901280409985 0.7141672535587982 0.7005950253152381 0.6104554867066005 0.781316508661247
297 10240 5 1024 1e-06 4 0.1 133.02221702337266 0.5047175837738813 0.7408749801115544 0.7304522995283363 0.5815390027415724 0.7625870460095506
290 5120 5 4096 1e-05 4 0.1 164.28053948084514 0.554920775043569 0.7532537760127563 0.7371656265948512 0.5225926060415337 0.7229056688403638
272 40960 5 2048 0.0001 8 0.2 332.7406514922778 0.4832626217432623 0.7143532442659887 0.6942530697313761 0.6067304830251128 0.7789290616128742
298 20480 1 2048 1e-06 8 0.1 139.27338521083195 0.4910537256672489 0.7164870877566629 0.7002473085806177 0.5975825087426127 0.7730346103135439
318 40960 3 1024 3.1622776601683788e-06 32 0.05 73.23694142103196 0.5652283740959269 0.7554594928457985 0.7455010714958622 0.5104898729801775 0.7144857402217188
333 2560 2 4096 0.0001 16 0.2 8.739925960699717 0.5103994074516776 0.7310105481277384 0.7196246660576742 0.5748676532910592 0.7582002725474709
332 5120 2 256 1e-06 16 0.1 15.238576805591583 0.47182235986523924 0.6944224613694643 0.6846692545144494 0.6201631393554975 0.7875043741818184
326 20480 2 512 1e-05 32 0.2 33.29978954394658 0.5033017147034021 0.7187221343988469 0.709866091418117 0.5832014544262759 0.7636762759352133
323 10240 1 4096 3.1622776601683795e-05 8 0.1 56.794267014662424 0.4891453528260423 0.720985591037288 0.6964954359952371 0.5998232368657521 0.7744825607240954
338 10240 5 512 0.0001 32 0.25 21.702542114257813 0.5329790494546691 0.7458377186639212 0.7263997869709122 0.548355622856515 0.7405103799789136
336 5120 3 256 1e-05 8 0.2 33.91071376005809 0.4715813789000607 0.7635752471002702 0.7459130678626311 0.6204460886902173 0.7876840030686273
327 20480 1 2048 3.1622776601683795e-05 16 0.05 56.196194330851235 0.5001318657908147 0.7278891585525038 0.7042636787339976 0.5869233527111243 0.7661092302740675
329 40960 1 4096 1e-05 32 0.2 70.73874623775482 0.4620149591277639 0.7135412469694871 0.6987051713343371 0.6316785613804023 0.7947820842095035
334 20480 3 4096 3.1622776601683795e-05 32 0.25 57.372941633065544 0.5641233052020509 0.7569033965076599 0.7405467024501394 0.5117873966584903 0.7153931762733625
294 20480 5 1024 0.0001 8 0.2 218.61122417847315 0.47790922665585944 0.718509671982522 0.700056779066883 0.6130162059549342 0.7829535145555796
313 40960 1 512 1e-05 16 0.1 140.943629860878 0.4690751051291897 0.7220608652512392 0.7073734519071688 0.6233888459970793 0.7895497742366084
330 5120 3 4096 1e-05 4 0.1 90.05168498357138 0.5773437890847202 0.7642849599610768 0.7490589573342227 0.49626448132571876 0.7044604185656699
314 20480 4 512 1e-05 8 0.1 153.41529339551926 0.5727164044657669 0.7612783951431354 0.7392145808642526 0.501697754441111 0.7083062575193805
350 2560 1 256 1e-05 32 0.25 3.530080767472585 0.49112390257197347 0.705796199140434 0.6909000743932158 0.597500110083076 0.7729813128938344
262 40960 2 256 1e-05 4 0.1 457.3806846340497 0.5651947337846372 0.7532293816536089 0.7308553180638294 0.5105293719658841 0.7145133812364077
351 2560 3 2048 1e-06 32 0.05 4.622779381275177 0.42728730155421635 0.6994556884044926 0.7009234745580794 0.6724542616500673 0.8200330857045143
331 10240 4 256 1e-05 4 0.05 105.74485983848572 0.5835167388168903 0.7666290621641962 0.7434057522622002 0.4890164730911985 0.6992971279014368
347 10240 1 2048 1e-05 16 0.25 36.73710645039876 0.4988649944333641 0.7229396828989969 0.7054879843552473 0.5884108577823267 0.7670794338152515
337 10240 5 512 0.0001 8 0.25 83.52529488007228 0.46916264730149126 0.7123331234339993 0.69224318095688 0.6232860577980434 0.789484678634135
344 5120 3 1024 3.1622776601683795e-05 4 0.25 52.56516627868017 0.5772994016702648 0.7645561314384934 0.7510338548281307 0.4963165990910402 0.704497408860416
354 5120 2 512 3.1622776601683788e-06 16 0.2 15.48492819070816 0.4774118521706223 0.7047023807811547 0.6898240054746763 0.6136002013738265 0.7833263696402838
341 10240 5 1024 1e-06 8 0.1 86.65665000677109 0.452216308968293 0.7325000860818166 0.722208805657242 0.6431837088584237 0.8019873495625873
64 40960 5 4096 3.1622776601683788e-06 4 0.1 1314.7909183541933 0.5345012977543008 0.7414205627332877 0.7139972612637299 0.5465682653225282 0.7393025533044832
356 2560 4 1024 3.1622776601683795e-05 8 0.1 24.85017454624176 0.5843759925367018 0.7661035529717893 0.749012689711826 0.48800757486475094 0.698575389535554
346 10240 2 1024 3.1622776601683795e-05 8 0.05 64.24581391811371 0.5485082727187179 0.7431142607650242 0.7381344124793773 0.5301218864781105 0.7280946960925554
360 2560 2 4096 1e-05 32 0.1 5.080397236347198 0.4287636431611035 0.6873272755922049 0.6947677569025887 0.6707208057516794 0.8189754610192417
295 20480 4 256 3.1622776601683788e-06 4 0.05 277.2309236168861 0.5607798396395872 0.7547100301776568 0.7349057547824618 0.5157131480383015 0.7181317066097983
335 40960 2 4096 1e-05 16 0.05 138.95158780415852 0.5495972338126156 0.7441176700949264 0.7464336180979779 0.5288432758757093 0.7272161135974019
355 5120 5 2048 0.0001 8 0.05 42.31231735150019 0.4540007619896743 0.7075854864776473 0.6824086482127524 0.6410884819807962 0.800680012227604
361 5120 3 512 1e-05 32 0.2 11.370896637439728 0.4022501777737446 0.750437575013471 0.7275858855902217 0.7018517599617489 0.8377659338751778
349 10240 2 2048 0.0001 8 0.25 79.60997613271077 0.5778785171953567 0.7647414712933306 0.7611938696247754 0.49563662690971333 0.7040146496414073
328 40960 2 2048 3.1622776601683795e-05 16 0.1 163.07588516871135 0.5510502127155313 0.7453210963192708 0.7460347810181475 0.5271372514449523 0.7260421829652546
357 10240 4 1024 3.1622776601683795e-05 16 0.1 39.869984511534376 0.573571718115915 0.7612576199557692 0.7414819137053738 0.5006934824725471 0.7075969774331622
362 5120 1 4096 1e-05 16 0.1 17.625582114855447 0.49098284885119703 0.7200586561545395 0.7064576721223673 0.5976657292074907 0.7730884355670383
339 10240 4 4096 0.0001 8 0.25 148.493525993824 0.48783438396039136 0.7015355906080734 0.6788476898620741 0.6013625193070005 0.7754756729304927
366 2560 4 1024 3.1622776601683795e-05 16 0.2 9.950164683659871 0.565870729161583 0.760294044008493 0.7438047533206842 0.509735647689617 0.7139577352264047
364 2560 2 1024 1e-05 8 0.2 19.873660937945047 0.47457857316440755 0.7136523177780179 0.7179012504100151 0.6169269139599858 0.7854469517160186
363 20480 1 4096 1e-06 32 0.25 29.330690042177835 0.5130369654546514 0.7268280746991345 0.7103191234429095 0.5717707477671162 0.7561552405208313
365 10240 1 4096 1e-05 16 0.2 36.46274375518163 0.504291973332007 0.7268434820207113 0.7092900344085807 0.5820387359519898 0.7629146321522414
369 5120 2 512 3.1622776601683795e-05 8 0.1 32.95377276738485 0.5318276495953822 0.7358643096600852 0.7301956319410386 0.5497075463328791 0.7414226502696549
282 40960 1 1024 1e-06 4 0.1 405.0961060365041 0.4930095687944046 0.7181742729571777 0.7053134700733233 0.595286043080957 0.7715478229383821
367 5120 3 4096 3.1622776601683788e-06 8 0.05 55.59200123151143 0.4636387398751246 0.7010933105466703 0.7164854997108738 0.629771988876403 0.7935817468140273
352 10240 5 512 1e-06 4 0.1 126.32054197390875 0.4581093170740942 0.7395839995481527 0.72664045175046 0.6362643958670434 0.7976618305190761
373 10240 4 1024 0.0001 32 0.2 25.307454931735993 0.5491192779728049 0.7511406508895411 0.7348181684385653 0.529404470768425 0.7276018628126408
359 10240 3 256 1e-05 4 0.25 102.370709613959 0.5276549708372759 0.7714233379741416 0.7523251405685449 0.5546069236664009 0.7447193589980059
348 5120 5 4096 1e-06 4 0.25 161.07343252897263 0.2588183023562638 0.7284015235138835 0.7236891229511755 0.870263209791121 0.9328789898969325
343 40960 5 1024 3.1622776601683788e-06 16 0.25 172.62324046293895 0.5376553072443062 0.746285102805898 0.7342894410135059 0.5428649649965627 0.73679370586112
353 40960 2 256 3.1622776601683795e-05 16 0.2 152.98028856515884 0.5294766466352467 0.7336272823599739 0.7372351125492466 0.5524679914286234 0.7432819057589276
374 10240 4 2048 3.1622776601683788e-06 16 0.05 39.82905559937159 0.5575744484178774 0.7504611858220228 0.7451714744024468 0.5194767785517229 0.7207473749877434
376 2560 3 1024 1e-05 4 0.1 26.458586740493775 0.558973693984778 0.7538624291415825 0.7396084575898167 0.517833845459597 0.719606729720892
377 10240 5 1024 3.1622776601683795e-05 32 0.2 27.935569071769713 0.5377726927458196 0.7427351165351712 0.7269800515417351 0.542727136062504 0.7367001670031736
238 40960 5 4096 1e-06 8 0.2 714.6434310038884 0.5832040682318826 0.7668720466424181 0.7521924664174793 0.489383597249527 0.699559573767329
321 20480 4 4096 3.1622776601683788e-06 8 0.05 293.7811450878779 0.6149568031222306 0.7842373240393633 0.7680016893903353 0.4521009213912745 0.6723845041278647
372 10240 1 256 3.1622776601683788e-06 4 0.1 81.57410669724146 0.4994759953813396 0.7179180791387029 0.6947094214966273 0.5876934471286893 0.7666116664444191
368 10240 1 512 3.1622776601683788e-06 4 0.05 101.76652048826217 0.5072087312032612 0.7254373595747712 0.7035759932561318 0.5786140061248898 0.7606668167633512
386 5120 3 256 3.1622776601683788e-06 32 0.05 8.91680128177007 0.47877571585687173 0.7208477049956848 0.7070896458527267 0.6119988121421627 0.782303529419472
380 5120 1 2048 3.1622776601683788e-06 8 0.05 35.75086222887039 0.4788162565902856 0.7102534666474007 0.6977812746061903 0.6119512109818801 0.782273105112198
382 2560 2 4096 3.1622776601683795e-05 4 0.2 30.377602497736614 0.49992377387159315 0.72381885338321 0.7149166749387458 0.5871676851631116 0.7662686768771849
379 5120 1 2048 1e-05 4 0.1 41.882514186700185 0.4917892039544842 0.7185029141735505 0.7009516788864711 0.5967189422284692 0.7724758521976394
385 10240 5 2048 3.1622776601683795e-05 32 0.1 28.05344010591507 0.5360420523956761 0.7410807135019161 0.7256677303782512 0.5447591784495434 0.7380780300547791
303 40960 1 256 3.1622776601683788e-06 4 0.1 388.88028914928435 0.5211516269797349 0.7378484445582802 0.7167235557210059 0.5622428662670226 0.749828557916423
292 40960 4 512 0.0001 4 0.1 447.3371211965879 0.4404680440866694 0.6782009415097309 0.6487635348638141 0.6569780088767069 0.8105417995863673
381 20480 1 1024 3.1622776601683788e-06 16 0.2 56.11340228716532 0.5038234779067507 0.723561793023387 0.7100252736959441 0.582588822838717 0.7632750636819711
391 2560 1 512 1e-06 8 0.25 17.83295500278473 0.41690209413362056 0.6544431250688547 0.6508696465099998 0.6846481190711642 0.8274346615118103
358 10240 3 4096 1e-06 4 0.1 172.888503241539 0.450208774109339 0.718325346224082 0.7240307314809554 0.6455408686961194 0.8034555797902703
378 5120 4 2048 3.1622776601683788e-06 4 0.1 74.5074484149615 0.5703494678909085 0.762348878615062 0.7483653276301696 0.5044769080920398 0.7102653786381818
345 20480 4 2048 0.0001 4 0.25 239.40202772219976 0.5039896489657993 0.7154315878757629 0.6892687795079415 0.5823937120316346 0.7631472413837546
394 5120 4 2048 1e-05 16 0.1 19.60893894036611 0.586152006618752 0.7687922757923182 0.7537529692729452 0.4859222566214742 0.6970812410483259
389 20480 2 256 1e-05 32 0.25 40.40969576438268 0.5128392665121007 0.7233532330553217 0.7120260182412343 0.5720028772393676 0.7563087182092824
395 2560 2 256 3.1622776601683788e-06 4 0.2 23.37811152537664 0.4748099975815442 0.7010864560430103 0.6883994409229125 0.6166551855070009 0.7852739557039956
392 5120 2 512 3.1622776601683788e-06 8 0.2 40.38886834383011 0.48495235265527337 0.7096876902230072 0.6984815864403711 0.604746474715349 0.7776544700028085
342 20480 5 2048 3.1622776601683788e-06 4 0.25 256.4734030008316 0.5763898457693928 0.7609693002390702 0.7448705735733836 0.4973845599436809 0.7052549609493584
396 2560 1 512 3.1622776601683795e-05 4 0.05 25.642394534746806 0.490028145310333 0.7188845003269088 0.6945530268559085 0.5987867004491074 0.7738130914174995
384 20480 4 1024 1e-05 16 0.25 77.58322545289994 0.5601437602289214 0.7590113745816753 0.7535887446515247 0.5164600047285947 0.7186515182817015
269 40960 5 1024 1e-05 4 0.25 662.2801261782646 0.45158547124663584 0.7113390317961317 0.6915182739166862 0.6439244109861907 0.8024490083402127
393 20480 5 256 1e-06 32 0.1 54.310227664311725 0.3905813915972919 0.7463759843353862 0.7270387149050034 0.7155527395522717 0.8459035048705448
402 20480 2 256 0.0001 32 0.05 32.037772595882416 0.5623000577955057 0.7505102526017811 0.7359059835737851 0.5139281742104826 0.7168878393517933
383 20480 1 256 3.1622776601683795e-05 8 0.25 108.68533941904704 0.28546144042005117 0.6589035331808241 0.7258528212833222 0.8389799995823274 0.9159585141164022
399 5120 4 256 1e-05 4 0.25 54.92234770854314 0.45485382911086225 0.764454840620066 0.7572887179930913 0.640086847788516 0.8000542780265074
406 20480 2 4096 0.0001 32 0.05 40.128323098023735 0.5848546087186901 0.7661720019862521 0.7511699365292881 0.48744560462706255 0.6981730477661412
390 10240 1 256 1e-05 4 0.2 99.7977611263593 0.4899042651606267 0.7250516384313718 0.7275327825878194 0.5989321551156968 0.7739070713694873
409 5120 1 1024 3.1622776601683795e-05 8 0.2 28.379901723066965 0.49841936600668413 0.7268949546852287 0.707713502639741 0.5889340952370689 0.7674204162237729
407 2560 5 256 0.0001 4 0.25 37.330130163828535 0.5254274307616018 0.7364594640288525 0.7275777650346332 0.5572224040302 0.7464733109965821
418 2560 3 2048 0.0001 16 0.2 8.724493261178335 0.5630415693652879 0.7547424601418522 0.7412801167591592 0.5130575236792196 0.7162803387495846
400 40960 1 512 1e-05 32 0.05 72.48516097863515 0.477071414956422 0.7158302830859683 0.6991440602002704 0.6139999278966267 0.7835814749575354
412 20480 2 2048 1e-06 32 0.05 32.38403262694677 0.47186737126043454 0.7079653252451483 0.7033195306421509 0.620110288939217 0.7874708178334083
410 10240 2 4096 3.1622776601683795e-05 16 0.05 34.50944589376449 0.5004101851839748 0.7192832654975565 0.7145323499697447 0.586596562223436 0.7658959212735345
340 20480 5 4096 1e-05 8 0.1 364.3746973435084 0.5183805300905673 0.7401429597031388 0.7196869779459815 0.5654965673245039 0.7519950580452667
417 5120 1 2048 1e-05 16 0.05 17.55040955543518 0.47714358425491243 0.7130765857565391 0.6996651023715774 0.6139151898552635 0.7835274021087352
404 40960 1 256 0.0001 32 0.05 68.93200514713924 0.46734733922151483 0.723298062773972 0.722199007932699 0.625417513339191 0.7908334295786889
413 10240 2 256 0.0001 16 0.25 30.421098673343657 0.5432493871496568 0.743467714040498 0.7312320740081959 0.5362966404551781 0.732322770679144
420 5120 4 2048 3.1622776601683788e-06 32 0.05 10.054869544506072 0.4317563104835185 0.7029739367357235 0.7135027280047922 0.6672069463591423 0.8168273663138022
421 2560 5 1024 3.1622776601683795e-05 16 0.25 10.601713593800863 0.5541917288542793 0.7550456231545546 0.7313973904974402 0.5234486202669176 0.7234974915415516
423 2560 2 1024 3.1622776601683788e-06 16 0.2 9.992385152975718 0.46581848660628655 0.7127341374732975 0.7109641744708808 0.6272126253723886 0.791967565858848
427 2560 3 1024 1e-06 16 0.05 11.371864398320517 0.4469949224533636 0.7073742441901935 0.6997233557882121 0.649314433082306 0.8058004921085032
387 20480 5 256 3.1622776601683788e-06 8 0.05 159.55717769066493 0.564549292536011 0.7584496618746988 0.742257532736147 0.5112872209178304 0.7150435098075014
424 10240 1 2048 1e-06 16 0.25 28.21981738805771 0.486335197022684 0.706874258516816 0.6980319569726374 0.6031227991960396 0.7766098114214368
388 20480 4 512 0.0001 8 0.1 155.72090377807618 0.49381188297762557 0.7186801219509686 0.7086119548361891 0.5943440007739619 0.7709370926177841
416 20480 1 512 1e-06 16 0.1 57.19438004096349 0.49649589268068217 0.7140162122812027 0.69523431716629 0.5911925536905839 0.7688904692416104
419 40960 2 512 3.1622776601683795e-05 32 0.1 66.37051317691802 0.5561726281303635 0.7475300227498451 0.7407408941704763 0.5211227347684515 0.7218883118380928
428 20480 5 512 3.1622776601683795e-05 32 0.2 43.434102515379585 0.5150959399245532 0.7259241293422454 0.7091089609805191 0.5693531897826825 0.7545549614061804
432 10240 4 1024 0.0001 32 0.25 20.233722205956777 0.541893088617929 0.7441880859220564 0.728849742059519 0.537889147012489 0.7334092629715615
429 5120 5 256 1e-05 8 0.05 50.73575406869252 0.5609511104894245 0.7557001284442065 0.7414165272173142 0.5155120492793914 0.7179916777229326
426 20480 2 1024 1e-06 16 0.25 64.59496972958247 0.44755490561663014 0.7163069542288315 0.717040157506136 0.6486569252854423 0.8053924045367217
397 20480 4 256 3.1622776601683795e-05 8 0.05 184.3425838271777 0.5834768509871301 0.7664646571631438 0.7545158799580769 0.4890633076404986 0.6993306139734615
434 10240 1 2048 3.1622776601683795e-05 16 0.2 28.375878548622133 0.49165602794705054 0.7279904790605907 0.7122806360953641 0.5968753116856007 0.7725770587362796
305 40960 4 4096 1e-06 8 0.2 589.6676716168721 0.569455712804291 0.7680572366328332 0.7537402199326402 0.5055263163180114 0.7110037386104319
371 40960 2 512 3.1622776601683788e-06 8 0.25 317.2980135758718 0.5098708676328236 0.7211888275489062 0.7126146196177587 0.575488241684864 0.7586094131269819
431 10240 2 4096 0.0001 8 0.25 68.75635821421942 0.5825861008204019 0.7658047997106281 0.7604835550927347 0.4901091876206483 0.7000779868133609
415 10240 3 256 3.1622776601683795e-05 4 0.1 126.15525121688843 0.563544685766848 0.7565360677175926 0.7354140476134636 0.512466786352715 0.7158678553704693
422 40960 5 2048 1e-05 32 0.2 111.75476071834564 0.5485014771301344 0.7462095760158723 0.7265100887209748 0.5301298655617169 0.7281001754990291
437 2560 5 1024 3.1622776601683788e-06 4 0.05 40.90889493624369 0.5086088503740092 0.7345344308841443 0.7279330134862042 0.5769700472852438 0.7595854443610961
299 40960 5 1024 3.1622776601683795e-05 4 0.2 643.159555375576 0.4811720580479033 0.718016509282984 0.6964232930633032 0.6091851316997627 0.7805031272837815
436 5120 3 1024 0.0001 4 0.25 51.88670400778452 0.5261372983150585 0.7297091934885598 0.7232870268106008 0.5563889085222001 0.745914813180567
311 40960 4 1024 1e-05 4 0.05 598.706731124719 0.5586056596486382 0.7523118127512215 0.7265921600370217 0.5182659753188483 0.7199069212883346
442 10240 5 256 1e-05 32 0.25 27.415837200482688 0.3704384941121812 0.766228446528928 0.7557236802200847 0.7392036508950824 0.8597695335932081
438 20480 5 1024 1e-06 32 0.2 55.51824524402618 0.2525990065005236 0.7349551692963961 0.7233859674156274 0.8775656356217421 0.9367847328077791
405 40960 1 1024 3.1622776601683788e-06 8 0.1 221.83679942289987 0.49212541311656766 0.720684661880683 0.7056176914701188 0.5963241800999843 0.772220292468402
448 10240 1 2048 1e-06 32 0.25 17.994764494895936 0.49011888619516686 0.7071953208414308 0.6983734425184271 0.5986801564613837 0.7737442448647898
445 2560 5 4096 0.0001 8 0.2 46.970411932468416 0.4218297175124677 0.6973163472997407 0.6834248913775063 0.6788623187040611 0.8239310157434669
435 10240 5 256 1e-05 4 0.25 116.23539487918218 0.4878050773277143 0.7560279829698295 0.7469621212980164 0.6013969298763694 0.7754978593628543
401 40960 2 1024 1e-05 8 0.1 261.2137322743734 0.5370605610104084 0.7350931587718452 0.7359860871459907 0.543563290074163 0.737267448131384
444 40960 3 512 1e-05 32 0.1 73.38686296542485 0.5884660990290871 0.7717547462130309 0.7518794311680616 0.48320515028280764 0.6951295924378472
414 40960 1 2048 1e-05 8 0.2 231.8923945148786 0.04178593214858006 0.5985385798099456 0.6965872230465004 1.1250931492323677 1.0607040818401556
440 40960 5 2048 3.1622776601683795e-05 32 0.1 109.37586106061936 0.5026196061387911 0.7283212985130894 0.7052323355923716 0.5840023565407664 0.7642004688174212
411 10240 4 4096 1e-05 4 0.2 255.1210555712382 0.5224685932578572 0.7417416733434579 0.7236493581277162 0.5606965419257323 0.7487967293770268
403 20480 4 512 1e-05 4 0.05 288.6187499642372 0.5858252607642367 0.7665119222712335 0.750643770025061 0.4863059073471201 0.6973563704069248
449 20480 2 512 3.1622776601683795e-05 16 0.25 81.10939232508342 0.5516927646096201 0.7458279326280686 0.7353168902613002 0.5263827950470342 0.7255224290447775
398 40960 1 256 3.1622776601683788e-06 4 0.05 315.2823500355085 0.49391421988088735 0.7206763198009801 0.6984638357511361 0.5942238412473629 0.7708591578539902
450 5120 4 4096 1e-05 8 0.1 73.78006367286046 0.5808494847687351 0.766740994128099 0.7577231794353818 0.4921482464156816 0.7015327835644473
443 40960 1 1024 3.1622776601683795e-05 16 0.1 115.75314480861029 0.3294148752501108 0.6691161936239538 0.7072016432730266 0.7873717942014402 0.8873397287405992
456 10240 2 512 1e-05 32 0.2 20.311399459838867 0.5016357338149485 0.7175343291877172 0.7126013783414934 0.5851575764946506 0.7649559310801183
451 10240 3 256 3.1622776601683795e-05 8 0.05 84.35165341695149 0.5897575266171955 0.7706178944152023 0.7504658531860782 0.48168881235701566 0.6940380482055833
458 2560 5 1024 0.0001 16 0.2 13.564345586299897 0.513556990410684 0.7312533051259795 0.7070230295247666 0.5711601571537116 0.7557513858099842
454 10240 2 2048 1e-05 8 0.25 63.78733011086782 0.5146091661800607 0.7252040375273007 0.736839801010465 0.5699247382743289 0.7549335985862127
462 5120 2 2048 1e-06 32 0.1 10.279790937900543 0.4918310733791569 0.7182277385966569 0.7103463029047171 0.5966697809768846 0.7724440309672181
463 5120 3 256 1e-06 32 0.1 11.099484876791637 0.38163621017538396 0.6937710384130522 0.6796268699264926 0.7260557812775889 0.8520890688640412
446 10240 4 512 1e-06 4 0.25 146.85929806629818 0.18968514139422754 0.7576306556056566 0.7332225139048956 0.951436350942735 0.9754159886647005
461 2560 2 512 0.0001 4 0.05 29.201270008087157 0.5522702228594748 0.7456185446518128 0.7341824859367992 0.5257047687659799 0.7250550108550247
375 40960 2 2048 1e-05 4 0.1 468.8995413104693 0.5375624331085975 0.7362934011231378 0.7468984565858182 0.5429740137543846 0.7368677043773764
370 40960 3 1024 3.1622776601683795e-05 4 0.2 521.4110409696897 0.484130798930304 0.7022621363344629 0.687655704706983 0.6057111072527965 0.7782744421171728
464 2560 5 256 3.1622776601683795e-05 8 0.2 25.517002216974895 0.5361186439747758 0.7786824632079066 0.763384214488106 0.5446692479592438 0.7380171054652078
425 40960 4 1024 3.1622776601683795e-05 8 0.25 311.31591560840604 0.5212807688302017 0.7312643985622909 0.7128084245120557 0.5620912335409814 0.7497274395011706
452 20480 2 256 1e-05 8 0.2 153.53424911101658 0.5374512442760369 0.7373472251579921 0.7364954458382401 0.5431045668301349 0.7369562855625392
465 40960 1 1024 3.1622776601683788e-06 32 0.05 71.51737179756165 0.49067972204876853 0.7175056802592478 0.7029030248624123 0.5980216474727337 0.7733185937715022
471 2560 3 1024 0.0001 8 0.1 22.479641842842103 0.5660787380036645 0.7555698097502612 0.7459656529379007 0.5094914127831828 0.7137866717606758
472 2560 4 1024 1e-05 8 0.2 19.39035863081614 0.5053120654014318 0.7513122049398243 0.7318262766655136 0.5808409883531997 0.7621292464885465
466 5120 5 2048 1e-06 4 0.1 82.62889877955119 0.45193790867362826 0.73004102946261 0.7221098445398908 0.6435105943371289 0.8021911208291506
473 5120 2 4096 1e-05 8 0.1 39.924872096379595 0.4221733719690559 0.681316595537492 0.6899807690673654 0.6784588146356252 0.8236861141452034
453 20480 2 1024 0.0001 4 0.25 232.7778312087059 0.5328396619337403 0.7411816307358462 0.7454963928873707 0.5485192856017688 0.740620878453861
475 2560 5 4096 3.1622776601683795e-05 32 0.05 12.1061377286911 0.5740022642369333 0.7631181295231494 0.74704927595232 0.5001879540030345 0.7072396722491142
478 2560 1 256 0.0001 16 0.1 9.373998204867044 0.489976256818346 0.7188502570011445 0.7073633262253188 0.5988476256523759 0.7738524572890985
447 40960 1 4096 3.1622776601683788e-06 8 0.1 286.02373652855556 0.4887156350367191 0.7191033428306861 0.6987083279234159 0.6003277927443303 0.7748082296570747
476 5120 4 1024 3.1622776601683795e-05 32 0.05 12.670252533753713 0.5893584062978705 0.7685484909068182 0.7457590099177238 0.482157442021365 0.6943755770628494
455 20480 4 2048 3.1622776601683788e-06 4 0.1 238.25378304719925 0.6065234090203813 0.7794506842862433 0.7636694963504289 0.4620030447759196 0.6797080584897605
433 40960 2 256 1e-05 4 0.25 364.93997945388156 0.5016437853718587 0.7154311500115099 0.7262190266111179 0.5851481227078359 0.7649497517535618
441 40960 1 4096 3.1622776601683788e-06 4 0.25 323.64138253529865 0.42956841261849366 0.7036673334953921 0.6990198463702892 0.6697758805688845 0.8183983630047683
459 20480 4 256 3.1622776601683795e-05 4 0.05 220.46523289283115 0.5715444425864353 0.7583432460065227 0.7411096411674005 0.50307382094424 0.7092769705441169
474 40960 2 2048 1e-06 32 0.1 82.18948612213134 0.48322177063084815 0.7133767641327432 0.7133011572450506 0.606778448618875 0.7789598504537156
460 40960 1 256 1e-06 8 0.25 223.3963591337204 0.5165368698890855 0.7290767846328656 0.7092052574447518 0.5676613126896504 0.7534330180511406
469 20480 4 4096 1e-05 16 0.25 148.28273020982743 0.5845383316973967 0.7695560522312351 0.7536406848900019 0.4878169633055202 0.6984389474431679
467 20480 1 4096 0.0001 4 0.1 161.68477817376456 -26.357318327434427 0.04943067671817555 0.6766358582930757 32.121769512924985 5.667607035859578
477 10240 3 256 1e-05 4 0.05 126.07975766658782 0.5599515917735283 0.7528037365394098 0.7405968799180922 0.5166856405441345 0.7188084866945676
479 5120 2 4096 1e-06 16 0.25 19.984943493207297 0.4544152335173465 0.7092655795104253 0.7040234910013708 0.6406018275974167 0.800376053863068
468 20480 5 2048 1e-06 4 0.25 332.0041833202044 0.5133344302191654 0.7540601731444936 0.74594962989477 0.5714214776197438 0.7559242538903906
457 40960 3 4096 1e-05 8 0.2 432.3736277540525 0.5414103340589312 0.7388452139475058 0.7308476520617813 0.5384559763518942 0.7337955957566754
482 2560 4 1024 3.1622776601683788e-06 4 0.25 36.822963416576385 0.2477362791574308 0.7466296574644324 0.7289473444417234 0.8832752378952362 0.9398272383237444
492 5120 2 2048 0.0001 32 0.2 10.188207228978476 0.5299890931710365 0.7361778237208556 0.7390203071545892 0.5518662990656029 0.7428770416869827
408 40960 5 4096 0.0001 8 0.2 748.3783178488413 0.41930747463796303 0.6910051286860296 0.6780015690657785 0.6818238262356383 0.825726241702199
483 5120 3 512 1e-06 4 0.1 64.94187322060267 0.35647384233379364 0.7168025147632252 0.7098863837764802 0.755600335701129 0.8692527455815879
496 5120 1 4096 1e-05 8 0.1 27.98079431851705 0.4973735212797007 0.7226097846197319 0.7051155068439574 0.5901620804827128 0.7682200729496157
481 10240 4 1024 0.0001 4 0.05 148.74456874926884 0.46659470310972107 0.7069146219657357 0.692865087719209 0.6263012258222929 0.7913919546105411
439 40960 5 512 1e-06 4 0.1 634.6425053795178 0.534032110962042 0.746174231620623 0.7366094519970445 0.5471191639822238 0.7396750394478807
490 20480 3 256 0.0001 16 0.25 69.74642478624979 0.5346236719439355 0.7479677286235092 0.7391732252761863 0.5464245788885463 0.739205369899696
485 20480 5 512 0.0001 16 0.2 106.77411935726802 0.47620187874826525 0.7212984244608722 0.695984492776733 0.6150208993722389 0.7842326819077606
488 20480 2 512 1e-06 16 0.05 81.56058850685756 0.462102176689859 0.6997454870437267 0.6949516732068688 0.6315761543245072 0.7947176569854901
497 20480 4 256 1e-05 16 0.25 72.53715465863546 0.46013854180996383 0.7706603253866072 0.7623686946873494 0.6338817687222561 0.796166922650179
486 40960 5 512 1e-05 32 0.2 88.30585685968398 0.5172925272274733 0.7306765609079545 0.7180112390918103 0.5667740528141053 0.7528439764081967
491 40960 3 512 1e-06 32 0.2 89.95804294347764 0.33494494697626687 0.7438836461538042 0.7244789261354714 0.7808786252712314 0.8836733702399499
484 40960 3 256 3.1622776601683795e-05 16 0.25 138.87906878391902 0.5219729849457381 0.7402745528207275 0.7319487752660998 0.5612784635812118 0.7491851997878841
480 40960 5 2048 3.1622776601683795e-05 16 0.05 223.1667209347089 0.5075056543913701 0.7371057894663234 0.7063044340707273 0.5782653718729021 0.7604376186597439
487 40960 2 4096 1e-06 16 0.2 135.80699836015702 0.4886953096444381 0.7184182320399081 0.717953723579116 0.6003516579331 0.7748236302108371
470 40960 5 256 1e-05 4 0.1 487.05507434209187 0.5439209812381571 0.7447333391251496 0.7360331490195281 0.5355080839797646 0.731784178552505
494 20480 4 4096 3.1622776601683788e-06 16 0.05 145.24812806049982 0.5999980994559724 0.7751628560567738 0.7606293321156431 0.4696647785511277 0.6853209310615923
498 20480 5 2048 1e-05 8 0.2 218.0068769613902 0.5557006702641398 0.7542452796135038 0.7351420480220694 0.5216768871022877 0.7222720312335842
493 10240 5 4096 3.1622776601683795e-05 4 0.2 327.84785417318346 0.42063088255577386 0.6934697367172059 0.6789346862925321 0.6802699384020904 0.8247847830810716
499 20480 5 2048 1e-05 4 0.1 323.7825334191322 0.5303806428751053 0.7440791467567086 0.7163389437893614 0.5514065584873626 0.7425675447306882
495 40960 5 2048 0.0001 8 0.25 343.9103270848592 0.4669594330767284 0.7014545264436411 0.6776506417017106 0.6258729758090993 0.791121340762022
489 40960 3 1024 1e-05 8 0.05 356.8323458592097 0.5928267277923485 0.7738141871396385 0.758506751430847 0.47808509025395435 0.6914369748964503
430 40960 4 4096 0.0001 4 0.25 1002.9229395031929 0.5321889894533228 0.7334887732079238 0.7230152531641691 0.5492832768378328 0.7411364765263094
