3 640 1 8192 1e-05 256 0.2 0.40388854742050173 0.6562424280458401 0.8172164003103393 0.8087026851039243 0.45719977173639176 0.6761654913823921
4 5120 2 8192 1e-07 8 0.0 104.8189322590828 0.6978835805555553 0.8362205507062077 0.8270504742925234 0.401816772275304 0.6338901894455411
1 163840 2 8192 3.1622776601683788e-06 512 0.25 116.4188095609347 0.6626226680457876 0.8318294973435507 0.8160439298454047 0.44871401168457137 0.6698611883700767
0 163840 3 8192 0.001 1024 0.1 141.42679675420126 0.07299425425827943 0.2836492277275486 0.2707097090915869 1.2329235773400087 1.1103709188104707
5 1280 4 8192 1e-07 1024 0.1 2.529439143339793 0.4844825243316353 0.7249400138193374 0.7570440949072781 0.6856415434337753 0.8280347477212386
6 40 2 8192 1e-05 256 0.1 0.21934671799341837 0.6806714833957261 0.8258299460418166 0.813051638694799 0.4247089717048132 0.6516969937822432
7 40 2 8192 0.001 512 0.2 0.1758280913035075 0.22603006461758035 0.7259290250831979 0.7310447618155002 1.029384969692709 1.0145861075791986
10 10240 1 8192 3.1622776601683795e-05 512 0.25 3.2227572838465375 0.6490300074425803 0.8185308389487861 0.8062008678200491 0.4667923373189674 0.6832220263713454
14 10240 4 8192 3.1622776601683788e-06 1024 0.2 12.879612259070079 -2.1622166338519615 0.8320930632079422 0.8207591614133725 4.205768370306417 2.050797008557019
17 640 5 8192 1e-07 1024 0.2 1.4366393208503723 -0.11644642353009038 0.45714627196556895 0.5095923620908787 1.4848808917638485 1.218556889014152
13 10240 5 8192 3.1622776601683795e-05 256 0.0 27.41350415547689 0.6724299419884456 0.8258465188957866 0.8160826351821235 0.4356702745460701 0.6600532361454416
16 5120 4 8192 0.001 1024 0.25 6.422741818428039 -0.001275543379828159 nan nan 1.331702883739051 1.1539943170306564
19 40 5 8192 0.0001 16 0.2 1.3810546120007834 0.590813805015802 0.7933073873418424 0.7733361664122443 0.5442202592977503 0.7377128569421508
8 163840 1 8192 1e-07 512 0.1 50.54511929750443 0.6595123980597455 0.8197761519463459 0.8112820307000222 0.45285069068068273 0.6729418181987821
31 1280 5 8192 1e-07 256 0.25 3.376770571867625 -1.1318021740086275 0.704944155804087 0.7031071391853031 2.835310541098013 1.6838380388558791
30 10240 3 8192 0.001 1024 0.1 9.374970710277557 0.5796963258989206 0.777491098762362 0.7586548991971117 0.5590065777070511 0.747667424532493
32 1280 4 8192 3.1622776601683795e-05 256 0.1 3.378511393070221 -0.09214458883913612 0.8267312219225119 0.8113254474461685 1.4525592960232274 1.205221679203966
33 5120 1 8192 0.001 512 0.1 1.5991274158159892 -0.07963497098850714 0.6229390210088499 0.6411463025117171 1.4359214241843499 1.1982993883768571
26 20480 4 8192 1e-05 512 0.25 31.37635410229365 -4.295027279533543 0.8287489432268379 0.814462098027052 7.042420185186579 2.6537558639005545
34 5120 4 8192 3.1622776601683795e-05 256 0.2 10.664012046655019 -0.277723340885476 0.8309775668831119 0.8171513448222637 1.6993802244827332 1.3036027863128912
35 5120 5 8192 0.001 256 0.0 13.322406101226807 0.598893636544094 0.7797408741402921 0.7543920680916362 0.5334740316309567 0.7303930665271657
37 640 5 8192 3.1622776601683795e-05 256 0.25 2.374965945879618 -5.312645484228559 0.8212358225821723 0.8008248439987304 8.395858913114875 2.897560855808705
40 640 5 8192 3.1622776601683795e-05 512 0.25 1.2811366240183513 -1.6238829081016855 0.8329404120255498 0.8133093425128942 3.4897810681740626 1.8680955725481667
38 640 5 8192 3.1622776601683788e-06 256 0.0 2.399091104666392 0.6933235796482333 0.8343113478039821 0.8262713542954898 0.4078816026791659 0.638656091084369
42 1280 2 8192 1e-05 16 0.0 13.834045672416687 0.6729202785801733 0.8251833231609824 0.8182093275547989 0.4350181237395073 0.6595590373420012
41 640 4 8192 0.0001 16 0.25 16.378134751319884 0.44838828236064154 0.8274016937937403 0.8150444106024277 0.7336471163621789 0.8565320288011296
29 2560 2 8192 1e-05 8 0.2 53.95465708573659 0.6304565839394928 0.8103518666169265 0.8061455744818794 0.49149510950141495 0.7010671219658036
47 20480 2 8192 0.001 512 0.0 13.986042753855388 0.604686645614686 0.7970081869017172 0.7904184534441037 0.5257692924751465 0.7250995052233496
46 163840 1 8192 1e-05 1024 0.0 40.82874274253845 0.643524217931747 0.8134082863057591 0.8064077386292537 0.47411507262126723 0.6885601445199012
45 163840 1 8192 3.1622776601683795e-05 1024 0.25 43.42633531888326 0.5732419363663493 0.7922068291063664 0.7809007005583116 0.5675909571120314 0.7533863266027805
43 1280 4 8192 0.0001 8 0.2 61.37462120453517 0.18692087522257173 0.8182859736911745 0.809769131243254 1.0814004419993895 1.0399040542277875
12 5120 3 8192 3.1622776601683795e-05 8 0.25 174.86330656607944 0.5325750436338021 0.8100323074720751 0.800907304797054 0.6216781848314206 0.7884657156981656
11 2560 3 8192 0.0001 4 0.2 175.42873443365096 0.6354252787917776 0.8284107008846517 0.8125232578611057 0.4848867135339354 0.6963380741665182
53 640 2 8192 1e-05 256 0.0 0.6271098613739013 0.6965689744487188 0.835492752673696 0.8268462944257762 0.40356520681465746 0.6352678229020083
54 40 4 8192 0.001 16 0.25 0.9751422286033631 0.43273065127897914 0.7363498042424582 0.734938791709399 0.7544718659546717 0.8686033996909475
18 10240 3 8192 3.1622776601683788e-06 16 0.2 179.39724231958388 -0.044129173546975986 0.8287983073052978 0.8140269763178835 1.388698486247869 1.178430518209652
25 2560 3 8192 1e-05 4 0.0 172.42074975570043 0.6594569643531332 0.8192203461969645 0.8136746471670675 0.4529244178654122 0.6729965957309236
2 5120 5 8192 0.001 4 0.2 619.9289481321971 -0.00903789586674053 nan nan 1.3420268622480307 1.158458830622837
49 1280 4 8192 1e-07 4 0.1 120.3764126141866 0.19718688044754495 0.8247346881234487 0.81481376365781 1.067746589318209 1.0333182420330191
58 5120 5 8192 0.0001 256 0.1 13.61027139822642 0.6523771038248283 0.8089720114969325 0.8085714606848956 0.4623406776995319 0.6799563792623259
48 10240 2 8192 1e-07 8 0.0 209.56584247350693 0.6937167466532118 0.8340671908742474 0.8251985160860998 0.4073586880451447 0.6382465730774782
60 1280 3 8192 1e-07 512 0.25 1.4073627154032389 0.40315562377379854 0.7519472833284091 0.7695717590874395 0.7938068419018175 0.8909583839337377
20 163840 5 8192 1e-07 512 0.1 301.0123796065648 -0.8912155733504352 0.8149412674243153 0.8076088205209717 2.5153288217762695 1.5859788213517447
44 163840 4 8192 0.0001 512 0.1 243.1156311114629 0.5911911048963605 0.7737242614319482 0.774067356569902 0.543718448040803 0.7373726656452645
63 40 2 8192 0.001 1024 0.25 0.07924363613128663 -0.440711211497546 0.5842881074650885 0.5762157844602378 1.9161551359880307 1.3842525549869975
62 640 2 8192 3.1622776601683788e-06 8 0.2 13.418516286214192 0.6288837297326837 0.8327793784732316 0.8207551065685733 0.4935870156672627 0.7025574821089465
66 40 4 8192 0.001 512 0.25 0.09448786576588948 -0.017648091979051594 nan nan 1.3534784782074287 1.1633909395415751
27 5120 5 8192 0.0001 8 0.2 311.42988866964976 0.6156723748577381 0.7863903792308823 0.7751744316374184 0.5111582022416171 0.714953286754888
23 20480 1 8192 1e-05 4 0.25 336.8023590127627 0.5855880864867387 0.7881010873842318 0.7763898331682185 0.5511704984010364 0.7424085791537139
65 10240 5 8192 3.1622776601683795e-05 256 0.2 28.401749296983084 0.5781397812587059 0.7896184725005665 0.8081421063365037 0.5610767920449 0.7490505937818219
69 640 3 8192 0.0001 1024 0.1 0.7178003509839376 0.6333246810167465 0.8124492829712635 0.8022107899510615 0.48768052202459533 0.698341264729928
71 1280 1 8192 1e-05 512 0.2 0.49429967800776164 0.6375196412296835 0.8109463562605271 0.8071503281608701 0.48210119808157614 0.6943350762287442
22 5120 3 8192 0.0001 4 0.1 350.4128910541534 0.6613896864250199 0.8135878991501178 0.8022827304376159 0.4503538851348216 0.6710841118181995
73 1280 1 8192 3.1622776601683795e-05 4 0.0 19.956805447737377 0.6233997279881287 0.8074444444197822 0.7994863765927741 0.5008807731009081 0.7077293077871709
61 1280 3 8192 0.001 4 0.1 88.37615435918173 -0.010509297976227794 0.06863978521385508 0.0728042809130495 1.3439838364748549 1.1593031684916828
76 2560 3 8192 3.1622776601683795e-05 512 0.2 2.842937954266866 -0.7255711787044177 0.8254948559551585 0.8106798862473564 2.295020716296426 1.5149325781355505
64 163840 2 8192 0.001 1024 0.2 93.3892115910848 0.6317792098774957 0.795233496084263 0.7748105240425253 0.4897360085352601 0.6998114092634244
77 20480 4 8192 0.001 1024 0.0 22.424735593795777 -0.045818745745709766 nan nan 1.3909456280903076 1.1793835797103112
78 2560 5 8192 0.0001 512 0.1 5.394422245025635 0.5806298125063323 0.8289705305610888 0.8165608119706134 0.5577650345421938 0.7468366853216263
70 163840 1 8192 3.1622776601683788e-06 256 0.2 70.11962803999583 0.6374043029237111 0.8179610506569213 0.8057760306717799 0.48225459876701643 0.6944455333336204
80 2560 4 8192 1e-05 256 0.0 5.29860208829244 0.7008233970554045 0.8383061901060874 0.8263942529551278 0.39790679750722185 0.6307985395569824
83 20480 4 8192 1e-05 1024 0.1 23.859153763453165 -0.4520403446748087 0.833452657453969 0.8188935273213082 1.931222955652833 1.3896844806116362
84 40 4 8192 0.0001 4 0.0 4.373313085238139 0.6354732457149483 0.8094218381039479 0.7960655620713546 0.4848229172189922 0.6962922642245799
51 5120 3 8192 0.0001 4 0.0 340.41413379510243 0.630870733602004 0.8074648328646666 0.8034551279994029 0.4909442877985258 0.7006741666413325
85 5120 3 8192 1e-05 256 0.25 8.373224782943726 -1.9240806971941122 0.8197119700436404 0.8083670396361773 3.889046049796429 1.9720664415268643
75 2560 3 8192 0.0001 8 0.1 88.39082439343134 0.664706004590591 0.8177162562849635 0.8052005744703373 0.4459431607406357 0.6677897578883909
86 1280 2 8192 3.1622776601683795e-05 16 0.2 13.768844695885976 0.6151795327070004 0.8075529630402789 0.8002301457156048 0.5118136854577057 0.7154115497094702
87 20480 5 8192 0.0001 1024 0.1 29.807219795385997 0.64754458148083 0.807573399988277 0.8018947897378319 0.46876796335909454 0.6846663153384243
90 640 2 8192 0.001 512 0.2 0.46787320375442504 0.3306484423834094 0.7999537760280778 0.7886160380686799 0.8902418574055796 0.943526288666924
82 10240 2 8192 3.1622776601683795e-05 16 0.0 110.60236780643463 0.644210419386579 0.8111325298679136 0.8036745520613101 0.4732024202926774 0.6878971000757871
94 1280 4 8192 1e-05 1024 0.2 2.378438623746236 -1.160827531592247 0.8238482677816881 0.8115140012105165 2.8739144525300135 1.6952623550736958
88 5120 2 8192 1e-07 8 0.25 106.24050478140514 -0.10285127145856698 0.8341689660081727 0.8222978275657278 1.4667992524606395 1.211114879960047
89 5120 2 8192 0.001 8 0.1 106.38398655653 0.57838768847863 0.7630308843323195 0.7405950365834736 0.5607470738550817 0.7488304707042053
96 640 2 8192 1e-07 512 0.2 0.4823723117510478 0.4999027700963613 0.7095962086620955 0.7428906959982571 0.6651325178327567 0.8155565693639876
97 1280 5 8192 1e-07 256 0.1 3.3747716466585795 0.5377265904418436 0.8112982165599776 0.8057556827233335 0.6148265945920062 0.7841087900234291
99 1280 3 8192 3.1622776601683788e-06 512 0.2 2.3719069560368857 -0.8111536651431186 0.8218375609745733 0.8102376501286768 2.4088459712340096 1.5520457374813441
100 1280 3 8192 3.1622776601683788e-06 256 0.1 1.9180099646250406 0.36751158687290897 0.828605679214114 0.8181314008102053 0.8412136392043751 0.9171769944805501
101 1280 3 8192 0.001 512 0.25 1.3814250071843466 0.31157137064191776 0.8152249510118781 0.800923745349603 0.9156144849699023 0.9568774660163664
68 2560 5 8192 0.0001 4 0.0 304.4170298258463 0.6728452756151906 0.8227194616304905 0.8098650489520798 0.43511787816316927 0.6596346550653394
95 5120 2 8192 3.1622776601683788e-06 8 0.0 110.21670751174291 0.6737558721797945 0.8255953866464878 0.8188889932675784 0.43390677890180857 0.6587160077771061
104 640 3 8192 3.1622776601683795e-05 512 0.0 1.37260955174764 0.6919522280487139 0.8342440812129093 0.8210104880664656 0.409705509087122 0.6400824236667665
106 40 5 8192 1e-05 512 0.1 0.09810925722122192 0.418141756747598 0.8107333712687668 0.8023201970361864 0.773875189092302 0.8797017614466291
107 640 2 8192 1e-07 16 0.1 6.635026995340983 0.6921937102918898 0.8329896354120717 0.8231022719116432 0.40938433615751696 0.6398314904390975
108 640 2 8192 1e-05 8 0.25 13.567544321219126 0.6517834275836174 0.825005501244158 0.8118597723594427 0.4631302709015783 0.6805367520579461
93 2560 3 8192 3.1622776601683788e-06 4 0.0 173.0588490486145 0.6793954841492411 0.8287335409976426 0.8210294721125705 0.42640605887270433 0.6529977479844049
111 40 2 8192 1e-05 8 0.0 0.8286102215449015 0.6695721866098316 0.8212989842760114 0.8090530456517336 0.439471107497482 0.6629261704726116
112 5120 3 8192 1e-05 512 0.2 5.530334238211314 -0.6821311415963498 0.82815099680909 0.8161681186829336 2.237245188801493 1.4957423537499674
102 163840 2 8192 3.1622776601683788e-06 512 0.1 114.01242759227753 0.6914644920103388 0.8352879464466739 0.8205250862817884 0.4103542011410747 0.6405889486566831
115 20480 1 8192 0.001 1024 0.0 5.364940198262532 0.13452688409228175 0.638076165047501 0.6637742599406561 1.1510847856749418 1.0728861941860104
113 10240 5 8192 0.001 256 0.2 26.927942049503326 -0.011476745617255313 nan nan 1.3452705480318696 1.159857986148248
91 163840 4 8192 3.1622776601683795e-05 512 0.25 244.3798457702001 0.5830954889584665 0.7932182939616308 0.7973398117451016 0.5544856690734329 0.74463794495945
109 2560 3 8192 3.1622776601683795e-05 8 0.25 87.11079497734706 0.44190619465755065 0.8155007171404833 0.8011353713858903 0.7422683345112985 0.861549960542799
105 163840 2 8192 1e-05 512 0.25 117.71502759853999 0.6494947009510595 0.8203535238122245 0.8058141979269379 0.46617429197731475 0.6827695745837792
98 163840 3 8192 3.1622776601683795e-05 256 0.1 252.30201814174652 0.5626524759585024 0.7550205220333541 0.7644316903712028 0.5816750072574776 0.7626762139056636
118 1280 4 8192 1e-07 1024 0.2 2.3852416475613913 0.2190362671611642 0.65024720882053 0.6980573460591847 1.0386867650901654 1.0191598329458267
92 163840 4 8192 0.001 256 0.0 333.384777879715 -0.0071026343118332225 nan nan 1.3394529519887628 1.1573473774060936
120 40 1 8192 3.1622776601683795e-05 1024 0.1 0.037934311230977374 0.30074100078108534 0.6517922323020234 0.6678220640546924 0.9300189462303325 0.964374899212092
119 10240 5 8192 3.1622776601683795e-05 512 0.0 18.632261836528777 0.670414465666164 0.8249161460659338 0.8152363522103268 0.438350870959551 0.6620807133269712
122 640 2 8192 3.1622776601683788e-06 512 0.2 0.477176038424174 0.5593888338630384 0.8359306864994138 0.8299303725177436 0.5860156721411426 0.7655166047455422
121 640 4 8192 3.1622776601683795e-05 8 0.2 30.47300665775935 0.6303535167686298 0.8305554501792157 0.8180219568628551 0.4916321894985891 0.7011648803944683
124 40 2 8192 3.1622776601683788e-06 8 0.0 0.835734760761261 0.6642189882652534 0.8182966855831095 0.8075632588103199 0.4465908955716403 0.6682745660068474
125 40 3 8192 3.1622776601683795e-05 8 0.0 1.3791667858759562 0.6435469327289611 0.8111068355144184 0.8001113387629911 0.4740848617955324 0.6885382064893221
126 1280 5 8192 1e-05 256 0.0 3.344622298081716 0.6944271351333282 0.8360552891563013 0.824709944150034 0.40641386681806 0.6375059739469584
127 640 2 8192 1e-07 8 0.2 13.036795973777771 0.6769978659642436 0.8356432590743053 0.8245840965123603 0.42959490641040454 0.6554348986820923
123 5120 2 8192 3.1622776601683795e-05 16 0.1 56.093058264255525 0.626930939445993 0.8059650279731543 0.7983435738794868 0.4961842392520368 0.7044034634015061
128 40 3 8192 3.1622776601683788e-06 512 0.1 0.07163848082224528 0.5793373521235059 0.7823458135027486 0.7929630897288895 0.5594840151268176 0.7479866410082586
130 2560 3 8192 0.001 512 0.1 3.379798928896586 0.5947685188014828 0.8182718035773635 0.8057863316802761 0.53896046464125 0.7341392678785477
129 640 2 8192 0.0001 8 0.25 13.794261256853739 0.6078160380261628 0.8076804128003379 0.7931198056671146 0.5216071805307686 0.7222237745538211
39 20480 2 8192 0.0001 4 0.2 873.305375957489 0.5787100327398336 0.7635674772096965 0.7508734151425955 0.5603183539237504 0.7485441562952385
132 10240 3 8192 1e-07 256 0.25 16.378037250041963 -1.2987135475158929 0.8003494771515896 0.7827342645142376 3.0573037365756255 1.7485147230079665
133 40 2 8192 3.1622776601683788e-06 512 0.1 0.05438537200291951 0.6090514690313393 0.7833993753327139 0.7941040861931297 0.5199640493835712 0.721085327394457
110 5120 3 8192 3.1622776601683788e-06 4 0.2 349.37317182620365 -0.00010574359626525087 0.8252605366483592 0.8127176669322551 1.3301470425368285 1.1533200087299398
74 20480 3 8192 1e-07 8 0.25 699.3804168462754 -1.8611961446324772 0.817816034527499 0.8104701033223414 3.805409192247416 1.9507458041086276
52 10240 4 8192 3.1622776601683795e-05 4 0.1 974.4109350919723 0.6381892535870114 0.8025548205849342 0.7963233027516752 0.4812106093588846 0.6936934548911966
116 20480 2 8192 3.1622776601683788e-06 8 0.2 444.158921957016 0.6583399171941784 0.8218615869635972 0.8085436465582907 0.4544100977391375 0.6740994716947474
134 163840 5 8192 3.1622776601683795e-05 1024 0.2 239.38319851557415 0.5827902029608952 0.7697841256255529 0.7664762168433583 0.5548917014049114 0.7449105324835402
57 10240 4 8192 1e-05 4 0.0 953.877894993623 0.7017477114586204 0.8422692899821813 0.83733140126444 0.3966774534326736 0.6298233509744408
117 20480 5 8192 1e-05 16 0.2 637.0173670530319 0.588057187161783 0.7681381350681726 0.7770418522119132 0.54788657869388 0.7401936089253136
114 10240 4 8192 3.1622776601683788e-06 4 0.1 968.3772452950477 0.6626398821704986 0.8298347943416886 0.8274171059868128 0.4486911167884857 0.6698440988681513
135 640 3 8192 1e-05 256 0.25 1.3729353189468383 -1.082665042682165 0.8336581844925621 0.8217213023597473 2.7699578418148225 1.6643190324618722
136 40 2 8192 0.0001 512 0.0 0.03845439354578654 0.5366669080489517 0.7799620632763127 0.7703975466618882 0.616235978959568 0.7850069929367305
137 640 5 8192 0.0001 512 0.2 1.374713369210561 -1.3533462060923918 0.8157775568960637 0.7987267935752271 3.1299655222885474 1.7691708572912193
138 163840 1 8192 0.001 1024 0.1 43.959082273642224 -23.524042425571675 0.17763302990913532 0.6932343662062374 32.61713345043096 5.711141168841037
140 5120 2 8192 3.1622776601683795e-05 8 0.25 107.41616394519806 0.6457269906945202 0.8129942184022027 0.7978838282037203 0.4711853707426963 0.6864294360986396
141 2560 1 8192 3.1622776601683795e-05 256 0.25 1.031999166806539 0.6649868054693429 0.8231281196723688 0.8128481223481097 0.44556969377396227 0.6675100701667072
67 163840 2 8192 1e-07 16 0.0 1680.1345542271931 0.6875961225390254 0.8297140454115711 0.8208968049631892 0.41549915730661446 0.6445922411157416
142 163840 3 8192 0.001 1024 0.25 139.3725057522456 0.11839122172153815 0.35827188374431096 0.26508562827937665 1.1725453199426878 1.0828413179883227
143 40 4 8192 3.1622776601683788e-06 1024 0.2 0.06085194746653239 0.2522931111084623 0.6358271712299801 0.6915973884986166 0.9944549497007868 0.9972236207094108
144 163840 1 8192 3.1622776601683795e-05 1024 0.1 43.14572332700094 0.5343848853987819 0.7818317791666735 0.7814726917105623 0.6192710836958036 0.7869377889616203
72 163840 2 8192 1e-05 16 0.0 1722.4792831699053 0.5169280134516094 0.752639872263897 0.7759673183401526 0.6424888351597422 0.8015540126278092
139 20480 4 8192 0.0001 16 0.25 490.4404226859411 0.4810201602843577 0.773011216731001 0.7915057916293023 0.6902465097857446 0.8308107544957183
146 1280 5 8192 3.1622776601683795e-05 8 0.25 78.14131097793579 0.5620111722102468 0.8105230092717727 0.8046676572770597 0.5825279453488463 0.7632351835108536
147 5120 3 8192 3.1622776601683795e-05 512 0.2 5.527643418312072 -0.801021334916254 0.8197261134620387 0.8070044274725536 2.3953699071562182 1.5476982610173788
148 5120 5 8192 1e-07 1024 0.2 7.3942842523256935 -0.2678042844890052 0.7427579545246827 0.7425967566125481 1.6861878159649313 1.2985329475854401
79 163840 1 8192 1e-05 4 0.1 2430.636674952507 -5.560121179831605 0.2683835269572459 0.6409273843690484 8.7250031728233 2.953811634621155
149 5120 5 8192 0.0001 512 0.0 9.218387933572133 0.6548176120218647 0.8175348885037522 0.8050261424195253 0.4590947861712004 0.6775653371972332
150 20480 3 8192 0.001 1024 0.1 17.550578943888347 0.6256657389954403 0.817365131568861 0.8035085580832187 0.4978669639521943 0.7055968848798826
151 640 1 8192 0.001 8 0.0 4.696098474661509 -164.27695292739583 0.1208881051234904 0.427391331870154 219.8194056413928 14.826307889740884
152 640 5 8192 1e-07 1024 0.25 1.384391931692759 -0.584627668092697 0.3677259715875135 0.39001181881413355 2.107564944738913 1.4517454820797318
153 40 3 8192 0.0001 1024 0.2 0.09886566400527955 0.48168462699295056 0.7470108891284 0.7437000567271627 0.6893627648088176 0.8302787271807086
154 1280 3 8192 1e-07 512 0.2 2.3799563090006512 0.50532684975062 0.7714607998466663 0.784643506619005 0.6579184571628794 0.8111217277097683
24 163840 2 8192 1e-07 8 0.0 3340.1275158524513 0.688789499356889 0.830257777967013 0.8228948481690568 0.41391195849781104 0.6433598981113223
156 640 2 8192 0.0001 512 0.2 0.49581002791722617 0.6386073990158987 0.8110494480311776 0.7922416959769047 0.48065447326113087 0.6932924875268236
157 40 4 8192 1e-05 256 0.25 0.1880623420079549 -1.1281738503239116 0.7820026504106392 0.7679030061414841 2.830484847365631 1.6824044838758696
158 1280 5 8192 0.001 8 0.1 78.38784074385961 0.09810953732309768 0.32701910485294483 0.3309955810997771 1.1995200900537388 1.0952260451859877
159 20480 1 8192 0.0001 512 0.25 6.625624271233876 0.5927866904666081 0.7982129551546624 0.7855953261422547 0.5415963090160361 0.7359322720305422
161 10240 1 8192 1e-05 256 0.25 4.4477224787076315 0.6804125148088215 0.8297516735598072 0.8153666601772794 0.4250534015835403 0.6519611963786958
164 10240 1 8192 0.0001 16 0.25 40.10583741664887 0.4469096248170388 0.7396327613285987 0.7526445883002583 0.7356137403628327 0.8576792759317626
165 40 3 8192 0.0001 4 0.1 3.373498543103536 0.3796835350787183 0.7899163147244608 0.7724632689136752 0.8250248701551646 0.9083087966959059
166 640 3 8192 3.1622776601683788e-06 512 0.1 0.6980017900466919 0.5745595651374444 0.831060921819907 0.8195229129585789 0.5658385024098602 0.7522223756375904
168 40 5 8192 0.001 8 0.25 3.375172487894694 0.042459143607847416 0.22194541546215307 0.23034770719919653 1.2735354700176327 1.1285102879538285
163 10240 1 8192 3.1622776601683788e-06 8 0.25 75.70408332745234 0.653680187459146 0.8212427125335502 0.8098010539304905 0.46060756812240544 0.678680755674128
170 640 5 8192 0.0001 16 0.1 20.37494210402171 0.6534313045895461 0.8104328963181238 0.7995842076404105 0.4609385839325398 0.6789245789721711
171 5120 1 8192 1e-07 256 0.0 2.01435565551122 0.6155338343580596 0.7953633817991705 0.7880109815002038 0.5113424619932471 0.7150821365362493
173 40 2 8192 3.1622776601683788e-06 512 0.0 0.06258766253789266 0.6211253639745938 0.7898756087278782 0.7948630425528443 0.5039056918013818 0.7098631500517418
172 5120 4 8192 0.001 256 0.0 11.37298020919164 0.18029940393518729 0.5436910069947213 0.5635495581910155 1.090207041208075 1.0441298009385975
175 1280 5 8192 0.0001 512 0.0 2.311634663740794 0.6408977752094036 0.8169748191619155 0.8061105553677056 0.47760825825877284 0.691092076541739
177 40 1 8192 0.001 8 0.2 0.35113019148508706 -111.08911877714849 0.04194928364644086 0.11229999571551642 149.07924566641807 12.209801213222846
176 1280 2 8192 1e-05 16 0.25 13.841372521718343 0.6695553823689302 0.825613409990913 0.8145508254037012 0.4394934572454764 0.6629430271489974
179 2560 1 8192 1e-05 8 0.0 20.37699999809265 0.6437410011791882 0.814662382698562 0.8053623627778213 0.473826749514134 0.6883507459966424
181 5120 4 8192 1e-07 1024 0.25 6.375590336322785 -0.14813023710814432 0.7418912798955315 0.7460138111869722 1.527020566690213 1.2357267362528874
182 5120 2 8192 1e-05 256 0.25 5.077470032374064 0.6661508588501377 0.8298533365777377 0.8159703159811885 0.444021495324215 0.6663493793230507
178 640 5 8192 1e-07 8 0.1 38.382010102272034 0.12703439254801296 0.81503734735517 0.8021406411360372 1.161049847402319 1.0775202306232208
183 10240 2 8192 3.1622776601683788e-06 512 0.2 7.247146940231323 0.4942344184835993 0.8311060776596872 0.8200044810718098 0.672671461771487 0.8201655087672773
185 5120 1 8192 0.001 512 0.25 1.6723716219266256 -0.5829555064164653 0.5345790045559604 0.5589454632163767 2.1053409590028793 1.4509793103290203
174 163840 2 8192 3.1622776601683788e-06 1024 0.0 86.74489045540491 0.7016449312864707 0.8382086494982481 0.8277856913790506 0.3968141517197215 0.6299318627595539
187 10240 4 8192 0.0001 512 0.0 14.593731693426768 0.6398141270395022 0.811908086433792 0.8020164709143014 0.4790495172632074 0.692134031285276
188 640 1 8192 1e-07 4 0.2 9.499369955062866 0.6571924694183149 0.8154678396241068 0.8055003012254415 0.45593621062800255 0.6752304870397978
180 1280 3 8192 3.1622776601683795e-05 4 0.25 87.37186724344889 0.28604491245437536 0.8223389417176371 0.8062975205751692 0.9495648378020989 0.9744561754138042
190 40 5 8192 3.1622776601683795e-05 1024 0.1 0.08935981591542562 -0.17959741592170175 0.7739636414487158 0.7636892114262628 1.5688721159927115 1.2525462530352767
59 163840 2 8192 3.1622776601683795e-05 8 0.2 3515.718662973245 -33.71199925012822 0.1535265657615592 0.7026745498551731 46.167181259322874 6.794643571175965
160 163840 4 8192 3.1622776601683788e-06 256 0.2 348.38385237455367 0.6296457953855226 0.8059368930071709 0.811918272711226 0.4925734634695745 0.7018357809841091
193 5120 1 8192 0.0001 512 0.2 1.660040517648061 0.6091145243574045 0.798874464383605 0.7900682623023636 0.519880185396169 0.7210271738264578
194 1280 1 8192 3.1622776601683795e-05 4 0.25 21.37650894323985 0.6062132457722744 0.8029778579661686 0.792007989467575 0.5237389044909212 0.7236980755058847
189 1280 2 8192 3.1622776601683795e-05 4 0.25 53.50571208000183 0.6221781749636996 0.8128257918476273 0.7910363380670351 0.5025054464448521 0.7088761855534802
196 10240 3 8192 0.0001 1024 0.25 9.371628042062124 -0.7248351522381589 0.8139744908477994 0.8016864985185385 2.294041796383615 1.514609453418146
197 640 5 8192 1e-05 1024 0.25 0.9370501319567363 -3.2958860990023817 0.7969060625087149 0.7777306228943779 5.713556017702317 2.390304586805271
198 640 5 8192 3.1622776601683788e-06 1024 0.0 1.3730778098106384 0.6943026637713219 0.8343259344366074 0.8262864678079227 0.4065794145265032 0.6376358008506919
192 5120 3 8192 0.001 16 0.0 88.37248879671097 0.6335569835726486 0.8062759462711089 0.8003594699864764 0.4873715581378411 0.6981200170012611
201 5120 2 8192 1e-07 512 0.1 3.5334084749221804 0.6885905383038793 0.8307448503458876 0.8210004984033696 0.4141765779722372 0.643565519564432
162 10240 2 8192 1e-05 4 0.25 441.3172916809718 0.6250808910794634 0.8067496886103476 0.7945536947568986 0.4986448154251528 0.7061478707927631
202 20480 2 8192 1e-07 512 0.25 14.07729016939799 0.3828825762220328 0.8327676116536156 0.8210286980058361 0.8207701249514903 0.9059636443872846
204 1280 1 8192 1e-07 256 0.2 0.5230412046114604 0.45407765201350847 0.7051827789907388 0.7134489102587225 0.7260802182955334 0.8521034082172969
200 5120 1 8192 0.0001 8 0.2 41.35441491206487 -1.4913653508798643 0.4810733258813402 0.732577861771813 3.313531868575457 1.8203109263462265
206 640 1 8192 0.0001 16 0.1 3.3710445125897723 0.5929476882551121 0.7962630704836392 0.7849380358003212 0.5413821809264766 0.7357867768086599
184 20480 2 8192 0.0001 16 0.1 223.02226645549138 -16.520618019057814 0.21158485504920493 0.7593250556934462 23.302534147704346 4.827269844094522
208 1280 2 8192 3.1622776601683788e-06 512 0.0 0.8900475939114888 0.6987732307448522 0.8362395773996902 0.8277543584874211 0.4006335318272186 0.6329561847610138
207 20480 5 8192 1e-07 256 0.1 53.66755725542704 -0.35593880804744304 0.8219472133177788 0.812217815155203 1.8034072966121442 1.342910010615806
212 20480 1 8192 3.1622776601683795e-05 512 0.0 6.33344087600708 0.6386777640426948 0.8135323306504196 0.8047885653765237 0.48056088732495345 0.6932249904071213
191 20480 2 8192 0.001 16 0.2 218.5220340649287 0.5123506155936601 0.7325052640795051 0.7178536468035746 0.648576803619329 0.8053426622372175
211 20480 2 8192 1e-05 256 0.25 20.37346380154292 0.6708273956694992 0.8269735012625132 0.8146614489422658 0.43780167141117526 0.6616658306208469
205 5120 3 8192 1e-05 16 0.25 88.7579623301824 0.299313654183863 0.823724680081309 0.8139816726428099 0.9319173263437626 0.9653586516646352
213 640 1 8192 0.001 4 0.2 9.550910007953643 -3320.25697784803 0.06719262958426395 0.06944177702628669 4417.293046136906 66.46271922015308
186 163840 4 8192 3.1622776601683788e-06 256 0.25 347.94543499151865 0.6547133294671414 0.8159262149579938 0.8061978451175623 0.45923348263669056 0.6776676786129693
167 10240 4 8192 3.1622776601683795e-05 8 0.1 485.37477332750956 0.6540772177609238 0.8151867692661312 0.8097927967919905 0.460079515278905 0.6782916152208466
215 20480 2 8192 3.1622776601683795e-05 512 0.0 14.24766819079717 0.6579773290619776 0.8189928933261391 0.8101548944325497 0.4548923422765716 0.6744570722266701
216 40 4 8192 3.1622776601683795e-05 1024 0.0 0.09157269398371379 0.5872424760622164 0.7722506112026057 0.7689554964024278 0.5489701496727983 0.7409251984328771
217 40 5 8192 1e-07 16 0.25 1.218515189488729 -0.5624101084730877 0.49970935591521193 0.5450485148097859 2.0780154481885367 1.4415323264459028
210 1280 5 8192 0.001 4 0.2 156.37654160261155 -0.00986995934535928 nan nan 1.3431335120021934 1.158936370989449
218 20480 3 8192 3.1622776601683788e-06 512 0.2 22.642356944084167 -0.9930717770549535 0.8232257206429439 0.8132995371609255 2.6507982248759956 1.628127213971929
223 1280 5 8192 1e-07 1024 0.0 1.770167338848114 0.5819995072603632 0.7679809802702171 0.7803019105681613 0.5559433317493462 0.7456160753023946
220 5120 5 8192 3.1622776601683788e-06 256 0.1 13.469699613253276 -1.2655436630351247 0.831488883280495 0.8191027204507161 3.013187577833522 1.7358535588676605
219 640 3 8192 1e-07 4 0.25 43.30665712753932 -0.7679962493896924 0.8030031949459092 0.7863345612113555 2.351446331950339 1.5334426405804487
225 640 3 8192 1e-05 16 0.0 11.371870052814483 0.6874366205617033 0.8332184534980263 0.822892157226599 0.41571129595772427 0.6447567727117911
214 5120 2 8192 3.1622776601683795e-05 8 0.1 107.52449793418249 0.64314660469471 0.8135981775594927 0.8004499551659412 0.4746173006443375 0.6889247423662018
233 40 5 8192 0.001 16 0.2 1.3794201334317526 0.5847496036812898 0.7956910729448186 0.7911404306985214 0.5522856859009854 0.7431592601192462
226 20480 3 8192 3.1622776601683795e-05 512 0.0 21.581460324923196 0.6540042337635987 0.8174271413426624 0.8110214147661167 0.4601765844626549 0.6783631656145953
235 20480 1 8192 1e-05 512 0.2 6.225550599892935 0.6799619251074103 0.8299036447526289 0.8156167703769329 0.42565268877148765 0.652420637910457
236 10240 1 8192 1e-05 1024 0.1 2.656332250436147 0.6855223848721916 0.8300686343662578 0.8175518897639634 0.41825724168138984 0.6467281049107034
230 1280 4 8192 1e-05 16 0.0 30.831028910477958 0.6785098304645915 0.8285388417890821 0.8209958537629634 0.4275839839440196 0.6538990625043131
221 2560 3 8192 0.001 16 0.1 44.37479784091314 0.004824738639125914 0.11299754321739441 0.10716762635191275 1.3235894695944883 1.1504735849181797
227 20480 5 8192 0.001 512 0.2 37.81932099660238 0.11530423942110124 0.35182094389268903 0.3278831511735374 1.176651026167836 1.0847354636812774
239 20480 1 8192 3.1622776601683795e-05 1024 0.0 5.132670720418294 0.6458169216465486 0.8155442811305393 0.8050926418742305 0.47106576200068184 0.686342306725064
224 163840 1 8192 0.0001 1024 0.25 44.98841131925583 0.550799816137719 0.7820903004452104 0.771088971424585 0.5974391207102392 0.772941861144963
237 10240 3 8192 3.1622776601683788e-06 512 0.25 10.996226529280344 -1.328062952061475 0.8317556786190857 0.822392821520703 3.09633863254187 1.759641620484657
243 5120 1 8192 1e-07 512 0.25 1.5633378227551777 0.5895252632923276 0.7785304660305027 0.777255984879531 0.5459340280403453 0.7388734858149569
244 40 1 8192 3.1622776601683795e-05 16 0.0 0.16510456800460815 0.5274496966691988 0.7577843826367696 0.7627463494237967 0.6284949291113078 0.7927767208434591
241 40 4 8192 0.0001 4 0.2 4.375213015079498 0.5119681895001189 0.754345454608907 0.7568629539314348 0.649085432772366 0.805658384659631
229 2560 4 8192 1e-05 16 0.2 61.80310688416163 -0.09043279094386514 0.8278098799796981 0.8162439442806766 1.4502825938620862 1.204276792876989
247 40 5 8192 1e-05 512 0.0 0.09316402276357015 0.6772550807227502 0.823049006690896 0.815095907131376 0.42925280913467634 0.6551738770240129
231 20480 5 8192 3.1622776601683795e-05 256 0.1 55.1036557674408 0.6379997965448126 0.8070651807369129 0.8102058011658911 0.48146258843807904 0.6938750524684391
248 40 3 8192 0.0001 8 0.1 2.371633152167002 0.5737061965279333 0.7740181306003857 0.75026284618972 0.5669734881245241 0.7529764193681792
242 640 2 8192 1e-07 4 0.2 26.6032603820165 0.6434988701185425 0.8361964424610338 0.8245843545479383 0.4741487853751282 0.6885846247013712
234 5120 2 8192 1e-07 16 0.0 52.067517936229706 0.697322691104974 0.8358324577039737 0.8264718479396925 0.40256275883588316 0.6344783359862519
222 2560 5 8192 3.1622776601683795e-05 16 0.2 79.06120391686757 0.6226833446615458 0.7921864009204501 0.7959854973176852 0.5018335675121773 0.7084021227468036
253 10240 1 8192 3.1622776601683788e-06 256 0.2 4.110316606362661 0.6952772785308272 0.8357308262429919 0.8225262259145935 0.40528317065602293 0.6366185440717408
209 5120 5 8192 0.001 8 0.1 311.87490648031235 0.12518619196724834 0.36233651815031254 0.38667908553219216 1.1635079660085363 1.078660264406053
238 640 3 8192 0.0001 4 0.25 44.099877671400705 0.3480018204700601 0.8170498782556002 0.8019786316552006 0.8671617534387934 0.931215202538486
228 2560 5 8192 3.1622776601683795e-05 16 0.1 80.37631139357885 0.634712117112368 0.7977702761752078 0.7960069360927056 0.4858352231338367 0.6970188111764536
255 5120 1 8192 1e-07 256 0.1 2.159656055768331 0.6223831434198757 0.7993743904067551 0.7917686798999775 0.5022328370857502 0.708683876693798
256 2560 4 8192 0.001 1024 0.0 3.3744290113449096 -0.013370508592784214 nan nan 1.347789264914854 1.1609432651576277
258 1280 1 8192 0.0001 1024 0.0 0.6880418300628662 0.6471160313553466 0.8147426787462327 0.805694933775798 0.4693379377699412 0.6850824313686209
257 10240 1 8192 3.1622776601683788e-06 256 0.25 4.340857668717702 0.6956904019046741 0.8358678287524138 0.8222012485350584 0.4047337139236285 0.6361868545668234
252 1280 1 8192 3.1622776601683788e-06 4 0.0 18.472579455375673 0.6760299558002253 0.827062853529956 0.8158269956486534 0.4308822331259584 0.6564162041920952
259 2560 4 8192 1e-05 512 0.25 4.3773265679677325 -3.1705445757817925 0.8352978585869981 0.8203557043558625 5.5468509892726106 2.35517536274321
261 40 2 8192 0.0001 4 0.2 1.6682155807813008 0.5524396760559818 0.7635112320614245 0.7356212071046622 0.595258096519129 0.7715297120131726
262 1280 1 8192 1e-05 16 0.2 5.315349590778351 0.6718980360791528 0.8270938744540968 0.8149404222644436 0.4363777128111575 0.6605889136302224
264 40 3 8192 3.1622776601683788e-06 1024 0.0 0.04719565709431966 0.5183448604609397 0.723126659350887 0.7379183872700268 0.6406044195654362 0.8003776730803004
263 640 2 8192 0.001 16 0.1 6.777105923493703 0.682497514357757 0.8268952155741238 0.8054974640102222 0.4222803388334611 0.6498310079039481
251 20480 5 8192 3.1622776601683788e-06 1024 0.2 30.376144289970398 -4.733960100295188 0.8346784416875951 0.8247451844375608 7.626203647232312 2.761558191896798
199 163840 5 8192 3.1622776601683788e-06 256 0.2 436.3752186457316 0.6351290251174418 0.8001078828718895 0.7917248507139216 0.4852807328176778 0.696620939118024
266 40 5 8192 0.001 256 0.25 0.1298834522565206 -2.824259842500091 0.05179509676576054 -0.001480626983911716 5.086290076789486 2.2552804873872088
268 640 3 8192 1e-07 256 0.25 1.3728994925816853 0.4005620794953515 0.7526278521583903 0.7688823617471421 0.7972562723982962 0.8928920832879504
270 40 1 8192 1e-07 16 0.25 0.16913385391235353 -4.590423558086964 0.06431390744484315 0.04623927521759553 7.435299127048587 2.7267744914181273
267 10240 2 8192 3.1622776601683788e-06 1024 0.0 5.479815375804901 0.7009377141861219 0.8375094387864961 0.829969962547873 0.39775475499140933 0.6306780121356772
250 5120 1 8192 3.1622776601683795e-05 4 0.1 75.84964890877406 0.5352222511359296 0.7708356683493061 0.76606011604252 0.6181573819038477 0.7862298530988554
269 1280 3 8192 3.1622776601683795e-05 8 0.1 44.37303259770076 0.5763926354794131 0.819907643802162 0.8071193270292698 0.5634005071181186 0.7506000980003391
273 5120 4 8192 3.1622776601683795e-05 1024 0.0 6.371751968065897 0.6790776662101964 0.8283470368678834 0.8165759992074972 0.42682875876658277 0.6533213288777451
260 5120 1 8192 0.0001 4 0.2 81.90888826449712 -16.334397200939748 0.14976020947928753 0.6611452460218237 23.054859267258372 4.801547590856345
276 10240 1 8192 1e-07 256 0.2 4.123424871762594 0.6337331644143746 0.8066128850725458 0.7989752818369606 0.4871372364902813 0.6979521734977844
277 40 1 8192 1e-07 16 0.2 0.17823833624521893 -4.330113879968918 0.06757638418695208 0.05055838531091682 7.089085588420805 2.6625336783636757
278 10240 2 8192 1e-07 512 0.2 7.067070508003235 0.6731518715422358 0.8354671250307869 0.8245718951157375 0.43471010361710316 0.6593254914054993
272 2560 2 8192 3.1622776601683795e-05 4 0.2 109.94937616586685 0.6396866868830371 0.8105208779636448 0.7945185650560483 0.47921901348728974 0.6922564651105035
279 2560 1 8192 0.0001 8 0.25 18.948918664455412 0.43813086375154664 0.7271613448724585 0.7411141579050966 0.7472895487892622 0.8644591076443479
249 2560 5 8192 1e-05 8 0.1 158.37639654080073 0.6736540137492371 0.8232703182927879 0.8209323770107448 0.4340422512666368 0.6588188303825543
280 10240 3 8192 1e-07 1024 0.2 9.378331689039866 0.44056571573667913 0.8143739191656294 0.8077791608647592 0.7440511800589789 0.8625840133337616
271 2560 5 8192 3.1622776601683788e-06 8 0.0 154.3304365714391 0.6913521019549826 0.8338945495050585 0.8223634423270224 0.4105036806343179 0.640705611520859
254 10240 3 8192 3.1622776601683795e-05 16 0.25 179.37516128222148 0.5490348166273489 0.8133797538542333 0.807133224088263 0.5997865813601058 0.7744588958492928
282 1280 3 8192 0.0001 1024 0.25 1.1083737889925638 -1.0936716708762373 0.815586592714221 0.8016963407327327 2.7845967277870227 1.6687110977598916
265 10240 1 8192 1e-07 4 0.1 166.29568097988763 0.6826725165438209 0.8297156781878915 0.8195755522165161 0.4220475848054786 0.6496518950988126
285 5120 1 8192 3.1622776601683795e-05 256 0.2 2.1950509349505105 0.6516077354537859 0.8193688063277633 0.8101570324416256 0.4633639425591891 0.6807084122876617
286 40 5 8192 1e-05 4 0.1 5.376854650179545 0.5422201558846407 0.822596147420168 0.8074204545489408 0.6088501237813404 0.7802884875360782
288 2560 1 8192 1e-07 256 0.1 1.1008412440617878 0.5921880343439735 0.7813966825497478 0.7790407432489661 0.5423925254922615 0.7364730310692045
289 40 4 8192 1e-07 8 0.2 2.375873092810313 0.23728689360562905 0.669053033179717 0.7110728580365626 1.0144133150625159 1.0071808750480302
290 10240 5 8192 3.1622776601683788e-06 512 0.2 19.37746161222458 -4.945866484342056 0.8314341519064115 0.8199644118327497 7.9080404948251015 2.812123840591858
284 20480 4 8192 1e-07 256 0.2 42.374647537867226 -2.2801632862715957 0.8040242695284039 0.7897462853187658 4.362638173222407 2.0886929341629914
292 640 1 8192 0.001 512 0.2 0.24664443333943684 0.23253325414602122 0.6479119195388727 0.647740224013814 1.0207356859807617 1.0103146470188193
294 5120 4 8192 1e-05 256 0.1 11.37576007048289 -0.43431631255219716 0.8357175924451639 0.8209353259887805 1.907649879444967 1.381176990629719
295 5120 4 8192 1e-05 1024 0.0 6.3738926688830055 0.7014477671898866 0.8384349194586656 0.8262555035385478 0.3970763812305958 0.6301399695548567
274 163840 4 8192 3.1622776601683795e-05 1024 0.0 180.37227295239765 0.6748246810968106 0.8251981050675046 0.8198434668710602 0.4324852561987252 0.6576361122982262
293 2560 2 8192 3.1622776601683788e-06 16 0.25 27.533411979675293 0.6476012341194282 0.8295594451153542 0.8194434011382911 0.46869261498701914 0.6846112875106714
296 640 1 8192 0.0001 512 0.0 0.19909679492314655 0.6618857341865544 0.8196291754458384 0.808723055009538 0.44969413843584816 0.6705923787487061
298 2560 4 8192 3.1622776601683795e-05 256 0.1 5.360000371932983 -0.14484013066923263 0.832127982470049 0.8202313312072064 1.5226447040603144 1.233954903576429
297 5120 5 8192 1e-05 1024 0.25 7.385777644316355 -5.387473743574793 0.8339705883812585 0.8210432954471127 8.495380977161487 2.9146836838946153
301 2560 3 8192 1e-07 1024 0.25 2.21389901638031 0.3906028561791085 0.7467185442610454 0.7676521586973217 0.8105021031765787 0.9002789029942769
245 10240 5 8192 0.001 16 0.1 313.37505456606544 -0.009221918131951279 nan nan 1.3422716130390329 1.1585644621854378
155 163840 1 8192 0.001 8 0.25 1222.485494685173 -226344778.56514552 0.03946258264559735 0.5542350268953178 301040006.07936615 17350.50449062984
299 640 5 8192 3.1622776601683795e-05 16 0.2 20.374754695097604 0.4725041349680471 0.8246526909444452 0.8176424971141107 0.7015728779834981 0.8375994734856859
300 10240 4 8192 0.001 1024 0.2 12.374562978744507 -2.3189751877206177e-05 nan nan 1.3300372453952103 1.153272407280782
306 2560 1 8192 0.0001 16 0.1 10.022247823079427 0.5882881826454524 0.7975784730030003 0.7845754958130565 0.5475793532215643 0.7399860493425293
305 640 4 8192 0.0001 16 0.2 15.440328721205393 0.6189763525370273 0.8251967948969425 0.8123593292386914 0.5067638907732005 0.7118735075652138
308 10240 1 8192 0.001 512 0.25 3.146942647298177 -0.027731826811786986 0.6062934671324907 0.6110898826393474 1.366889910099878 1.1691406716472907
283 20480 1 8192 1e-07 8 0.2 167.45134231646855 0.695356010908438 0.8356683760529193 0.8229613844859872 0.4051784560896868 0.6365362959719475
304 2560 5 8192 0.0001 8 0.2 156.38842449188232 0.6043866581821589 0.778870088494617 0.7752083907756004 0.5261682776811901 0.7253745774985433
287 2560 5 8192 0.0001 4 0.25 309.37785403728486 0.4380656369495596 0.7691282589932086 0.8019570635296493 0.7473763008535442 0.864509283266261
312 2560 3 8192 0.0001 512 0.0 3.381120951970418 0.6298905503085394 0.8053847747875489 0.7947509076630366 0.49224793785482657 0.7016038325542603
313 20480 1 8192 3.1622776601683788e-06 512 0.2 6.272995988527934 0.6957508604965408 0.8360888330708851 0.8225319395595374 0.404653303609337 0.6361236543387905
314 10240 1 8192 1e-07 512 0.25 3.174778175354004 0.6271873656489297 0.8014372929333151 0.7928230869966444 0.4958431907602655 0.7041613385867371
315 1280 5 8192 0.001 256 0.1 3.3659467895825705 0.63176886651875 0.8086055118028572 0.7972386200207797 0.48974976526861935 0.6998212380805682
232 5120 5 8192 3.1622776601683795e-05 4 0.1 617.9185334126155 0.5932521273484663 0.7774767401545271 0.7679218796009125 0.5409772749830295 0.7355115736567505
317 640 1 8192 1e-07 512 0.1 0.23289759556452433 -5.145808728411149 0.0730538622413805 0.05992485562347714 8.173964959642538 2.8590146833555328
318 5120 2 8192 0.001 1024 0.1 3.3713461995124816 0.6419727436821012 0.8204840235481451 0.8017291481133798 0.4761785433071944 0.6900569130928219
319 640 2 8192 0.001 512 0.0 0.4383869965871175 0.5864696516520137 0.7965191988544026 0.7884416060178678 0.5499980110866673 0.7416185077832587
320 1280 1 8192 0.0001 16 0.2 5.029773696263631 0.563899267553378 0.7839102758099273 0.7689260803465215 0.58001676645324 0.7615883182226734
275 10240 4 8192 0.001 8 0.1 485.37603141466775 0.07458034677935388 0.28820961897140335 0.2975426008246795 1.230814064131425 1.1094205983897292
322 640 3 8192 0.001 512 0.0 1.3788827737172444 0.6231575452250038 0.801424979962034 0.7935547705265201 0.5012028777265305 0.7079568332366957
131 163840 4 8192 3.1622776601683788e-06 16 0.1 3929.452356938521 0.6324785018579693 0.7990874439535469 0.7899009446610626 0.48880594572374997 0.6991465838604591
302 5120 5 8192 3.1622776601683795e-05 8 0.1 311.38922701279324 0.6011628734559152 0.7829649535725345 0.770117135712918 0.5304559320085903 0.7283240570025065
321 10240 1 8192 0.0001 16 0.0 40.72842273712158 -0.27446537548875916 0.5770236922658646 0.7272335394643783 1.695047109644749 1.3019397488535132
326 1280 4 8192 3.1622776601683795e-05 512 0.25 1.8919437885284425 -3.194130436885491 0.8183797599851101 0.7983255482512438 5.57822033555789 2.3618256361463033
327 40 3 8192 1e-07 512 0.0 0.053767780462900795 -5.001663094948277 -0.0029083699497315183 0.008755294614660127 7.982250344190196 2.8252876568926917
328 1280 2 8192 3.1622776601683795e-05 1024 0.2 1.3728425939877829 0.6676197317402979 0.8256426853241534 0.8149067670526111 0.4420678849752897 0.6648818579080721
323 1280 2 8192 3.1622776601683788e-06 4 0.1 53.877144920825955 0.6868503717446692 0.8317034449997354 0.8192426494585104 0.41649101063805843 0.6453611474500602
329 20480 2 8192 3.1622776601683795e-05 256 0.1 19.89374386469523 0.6416355448803966 0.8146741126102106 0.8026150579775316 0.4766270198725039 0.6903817928309697
331 1280 4 8192 1e-05 512 0.25 1.8771358489990235 -2.360276088922586 0.8289418789682053 0.8170121899212038 4.469188713700624 2.114045579854092
330 1280 2 8192 3.1622776601683788e-06 4 0.0 53.17956550121308 0.6852004499709645 0.8305508572582903 0.8219208744483137 0.4186854171613315 0.6470590522984216
332 2560 2 8192 3.1622776601683788e-06 8 0.25 54.02128774325053 0.6781481702333014 0.8294429465001459 0.8153916527661321 0.4280649943673012 0.6542667608608137
334 40 2 8192 0.0001 16 0.25 0.4416872461636861 0.5992293773257746 0.7984977193674743 0.7820857105197349 0.5330274942416149 0.730087319600618
335 10240 1 8192 1e-07 512 0.1 3.322407023111979 0.6252037684920628 0.8005538568964079 0.7922136069611146 0.4984813876796267 0.7060321435172953
336 2560 5 8192 0.001 1024 0.1 4.376606146494548 -0.017942735866107506 nan nan 1.3538703564637815 1.163559348062565
333 5120 1 8192 0.001 16 0.0 20.377814479668935 -5.928082164897293 0.30677981154020917 0.687240212392814 9.214393638969494 3.0355219714193296
338 40 2 8192 0.001 8 0.0 0.8373131473859151 0.49500981849396564 0.7825144536476313 0.7562689560305926 0.671640174792909 0.8195365609860911
9 163840 5 8192 3.1622776601683788e-06 16 0.1 5045.43295939366 0.6321373285807608 0.8017539263618852 0.7855485479781633 0.4892597083669279 0.6994710203910723
342 5120 4 8192 1e-05 512 0.2 7.509615659713745 -2.940314118525404 0.8299999041575595 0.8170566089028666 5.240643006984375 2.289245073596179
316 5120 2 8192 0.001 4 0.0 207.6740159948667 0.5613729216082358 0.7614917146465918 0.7252391592252911 0.5833768227361609 0.763791085792549
303 20480 4 8192 3.1622776601683795e-05 16 0.0 484.3727271993955 0.6695792878028131 0.8222199620979478 0.816332081861719 0.4394616628653486 0.6629190469924278
339 640 4 8192 0.001 4 0.0 59.445900762081145 0.6586463872982189 0.8182056540960498 0.8041927041088057 0.45400249053847325 0.6737970692563698
351 640 1 8192 0.0001 512 0.1 0.2209131121635437 0.6562178908875913 0.820870423813024 0.8123749956845061 0.45723240631397116 0.6761896230451715
349 2560 3 8192 3.1622776601683788e-06 256 0.2 4.37431081533432 -0.8005097090432285 0.8288184456713356 0.8195186369404269 2.394689441469217 1.5474784138944286
353 1280 3 8192 1e-07 256 0.2 1.9175940036773682 0.5123692722126002 0.804170247626413 0.8056535006343964 0.6485519901966827 0.8053272565837336
345 163840 3 8192 0.0001 1024 0.2 142.37366695006688 0.5859530091147096 0.8094766687445527 0.8001434088991296 0.5506851489692802 0.7420816322813011
355 20480 1 8192 1e-07 1024 0.0 5.401179921627045 0.6208979621127566 0.7971242685373601 0.7892369085318724 0.5042081377336515 0.71007614924996
310 5120 5 8192 1e-07 4 0.0 610.3749960025151 0.6954701211238196 0.834049677423895 0.827162093111175 0.4050266887725958 0.6364170714025479
324 5120 3 8192 1e-05 4 0.25 347.38180644512175 0.5029284731750374 0.8250272561230634 0.8149623184263587 0.6611083133649137 0.8130856740620349
357 10240 5 8192 0.001 512 0.0 18.369650634129844 0.6701363955875955 0.8243384177021094 0.8116023492756156 0.4387207059444955 0.6623599519479537
348 640 4 8192 3.1622776601683795e-05 4 0.25 61.37602077722549 0.4023845925288917 0.8304583955200748 0.8124279298402468 0.7948323183943616 0.8915336888723621
359 640 1 8192 3.1622776601683795e-05 512 0.2 0.20584425926208497 0.6253652534399239 0.8015440309047216 0.7933516544473191 0.49826661166500313 0.7058800263961313
361 640 4 8192 0.001 1024 0.2 1.3750566681226095 -0.016496883180981525 nan nan 1.3519473631349475 1.162732713539508
343 5120 2 8192 0.0001 4 0.25 211.98168424367904 0.6331292170944824 0.7973905019546641 0.7988922827254054 0.487940490292738 0.6985273726152311
360 20480 4 8192 1e-05 256 0.0 42.047933030128476 0.684991282601555 0.8320155794002976 0.8211597800795234 0.41896361110191904 0.6472739845706137
362 1280 5 8192 0.0001 16 0.1 40.374630482991535 0.6367978946325124 0.8008306728787096 0.7861510280173957 0.48306112567706827 0.6950259892098052
358 2560 5 8192 0.001 16 0.2 79.37883129517238 0.10647609114110934 0.34611550166039606 0.34734250332450356 1.1883925199057706 1.0901341751847662
368 640 1 8192 1e-05 512 0.1 0.20651555061340332 0.6194567729849239 0.8022127098480418 0.7941502008371631 0.5061249285014253 0.7114245768185306
371 640 2 8192 0.0001 256 0.0 0.6232209364573161 0.6550060989775708 0.8199128930607196 0.8106196533709771 0.45884409731325265 0.6773803195496992
373 5120 1 8192 3.1622776601683788e-06 256 0.1 2.0688944379488627 0.6765490802410015 0.8282290686478946 0.8175740070992313 0.43019179429583637 0.6558900779062269
376 1280 1 8192 0.001 16 0.25 5.015374012788137 -35.57890008470569 0.15956133377403442 0.36233897754931754 48.650171322846816 6.974967478264455
377 1280 4 8192 3.1622776601683795e-05 512 0.0 2.373391270637512 0.6881328547257888 0.8320850491177021 0.8194432536893893 0.4147853000615891 0.6440382753079114
365 640 4 8192 1e-05 8 0.0 30.37248206138611 0.6715876220380974 0.8241039085720214 0.8132068286639279 0.43679056547330397 0.6609013280916478
378 1280 5 8192 1e-05 1024 0.25 2.3747044881184896 -3.881811698458918 0.8252757714461907 0.8106461204488475 6.492840816588898 2.5481053385974644
372 20480 3 8192 1e-07 256 0.0 30.371516493956246 0.6881224059465461 0.8301956096817332 0.8205848768114623 0.41479919700488405 0.6440490641285678
380 10240 3 8192 0.0001 1024 0.2 9.371223604679107 -0.3541354088133508 0.8124328400067928 0.8015590289429451 1.8010087640838583 1.3420166780200082
381 10240 3 8192 1e-07 512 0.2 11.371724780400594 0.10022492293903607 0.8156789189989114 0.8027970467845602 1.1967066136399875 1.0939408638678727
383 5120 2 8192 3.1622776601683788e-06 256 0.1 4.887309038639069 0.6545433132484989 0.8307842385837998 0.820163725885738 0.4594596052960782 0.6778344969799621
384 1280 1 8192 0.001 256 0.0 0.5086653113365174 0.420161495334635 0.748205190052205 0.737396196984354 0.7711889238394055 0.8781736296652306
370 5120 1 8192 1e-05 4 0.0 73.99910269975662 0.6277940109450589 0.8074481991008602 0.804380942887538 0.49503634863213863 0.7035881953473485
364 2560 5 8192 1e-05 16 0.25 80.37863828341166 0.4005844963874071 0.7985090458556151 0.8182259155562498 0.7972264577883298 0.8928753876036285
388 40 5 8192 3.1622776601683788e-06 256 0.0 0.18486669460932414 0.6797485222570333 0.8262096727816806 0.8172078914760983 0.4259365159288811 0.6526381201928685
367 20480 1 8192 1e-07 16 0.1 80.00916948715846 0.6762703559646535 0.8268537806146987 0.8163098539397747 0.4305624993680163 0.6561726140033706
391 40 1 8192 3.1622776601683788e-06 1024 0.0 0.029244506359100343 -4.1092768626447755 0.12146037886078245 0.11532280878879199 6.795370941387495 2.6067932295039236
374 1280 5 8192 3.1622776601683788e-06 8 0.2 79.37862608432769 -5.040268200195219 0.8301617395730148 0.8161833796442682 8.033595381352358 2.834359783328919
393 1280 2 8192 3.1622776601683795e-05 512 0.0 0.8835665305455526 0.6858296336861192 0.831244437287047 0.8213133112485071 0.41784859879159003 0.6464120967243652
395 1280 1 8192 1e-05 1024 0.2 0.35873749256134035 0.6220580898306293 0.8043697917459383 0.8050641842361859 0.502665160440726 0.7089888295599064
389 2560 1 8192 0.001 8 0.25 19.432769374052683 -1555.66261988279 0.06746133678596752 0.44982963295202877 2070.37125156298 45.501332415248896
352 163840 4 8192 3.1622776601683788e-06 512 0.0 235.37344338099163 0.6953098170587939 0.8358675793002845 0.825592167791641 0.40523989420548717 0.6365845538539929
394 20480 1 8192 3.1622776601683788e-06 512 0.1 6.253171722094218 0.691377147493675 0.8343868927121796 0.8213381195262327 0.41047036990749364 0.6406796156484875
399 640 4 8192 0.0001 1024 0.0 1.3757466316223144 0.6638945440765263 0.8203790121530508 0.8065176986477601 0.4470224084200235 0.6685973440120918
387 2560 3 8192 0.0001 16 0.1 44.378647736708324 0.6606571298784 0.8206500182173869 0.8089820858677492 0.4513281900322955 0.6718096382401011
350 163840 3 8192 0.001 256 0.25 248.3744240919749 0.10041384470509596 0.3331333722764618 0.19485829020451512 1.196455346481485 1.0938260128930402
402 640 1 8192 0.0001 256 0.0 0.2602498451868693 0.6467698435934213 0.813459373221616 0.8026288444498485 0.4697983697098993 0.6854183902623997
379 163840 2 8192 0.0001 1024 0.0 86.32262260913849 0.629771832786634 0.8047785291273934 0.7951935861284216 0.49240583291909445 0.701716347906399
337 10240 2 8192 0.0001 4 0.1 437.187966922919 0.3245342103549803 0.6761613652034303 0.7719222277834209 0.8983738251520643 0.9478258411501895
401 640 1 8192 0.0001 4 0.0 9.557240517934163 0.48827655454080554 0.7511249454231568 0.7603558709658275 0.680595458962871 0.8249820961468625
396 10240 4 8192 1e-07 256 0.25 21.374893856048583 -3.149087681260945 0.7736180183626358 0.7517990425729704 5.518313182174033 2.349109018792877
408 640 3 8192 0.001 1024 0.1 0.6919181744257609 0.5291165839434783 0.7982662705010373 0.7863868463407971 0.6262779583636423 0.7913772541358782
407 1280 3 8192 3.1622776601683788e-06 256 0.25 1.9479887286822002 -1.9200749918594369 0.8208137585771764 0.809002138918392 3.883718436053274 1.9707152092713127
409 40 1 8192 3.1622776601683795e-05 16 0.25 0.3473601579666138 0.5616452186525792 0.7768247260016741 0.7605598665214475 0.5830146659236998 0.7635539705375775
392 1280 5 8192 1e-05 16 0.0 39.3731737891833 0.6898700670272693 0.8345297510428696 0.8232472879065491 0.41247479657746366 0.6422420077957091
411 40 3 8192 1e-05 512 0.2 0.05830303827921549 0.3362884998300649 0.7937147735761483 0.7961421986380574 0.8827405448889353 0.9395427318057095
412 1280 2 8192 3.1622776601683795e-05 512 0.1 1.123521093527476 0.671432893105508 0.8251499611196138 0.8156993048997072 0.4369963559443582 0.6610569990132154
414 640 4 8192 1e-07 512 0.25 1.3751617153485616 0.028390394440335087 0.6024317565081424 0.6533830934851386 1.292246996490891 1.136770423828352
398 1280 2 8192 0.001 8 0.0 25.961619917551676 0.6485433992505995 0.8138034384230142 0.803236171969076 0.4674395293299942 0.6836954945953602
415 1280 4 8192 3.1622776601683795e-05 1024 0.25 1.6912911017735799 -0.8007104380242946 0.8277210050582218 0.8107855333854856 2.3949564122992775 1.5475646714432574
417 40 1 8192 0.0001 512 0.0 0.03160123030344645 0.02015638188666169 0.6342560554447578 0.642035204830387 1.303198285908644 1.1415771046708338
311 163840 1 8192 1e-07 16 0.2 632.2185463706652 0.6826558363220752 0.8290847653771742 0.8108164239304096 0.42206976960720183 0.6496689692506499
405 640 3 8192 3.1622776601683795e-05 8 0.25 21.86155089934667 -0.7330148655889854 0.8192463195411552 0.8060031757049804 2.3049208675139106 1.5181965839488345
420 10240 2 8192 1e-07 1024 0.25 6.372338430086772 0.6733238061431451 0.8273087246933495 0.8211199688760413 0.4344814294970177 0.6591520533966482
421 40 4 8192 1e-05 8 0.25 2.37369818687439 -0.4829854692700879 0.8232602985881978 0.8127406320987082 1.9723801695023726 1.4044145290840495
410 1280 4 8192 0.001 16 0.0 30.22466758489609 0.6627576053064018 0.8209054067225086 0.8085990343325671 0.44853454426396777 0.6697272163082278
423 1280 4 8192 1e-07 1024 0.25 2.3778547763824465 -0.023093962042455507 0.5995893932352332 0.654161623686565 1.3607215202609906 1.166499687209984
424 2560 3 8192 0.0001 512 0.2 2.802216676870982 -0.71389629051908 0.813145687658168 0.8031066157538584 2.279493040257057 1.5097990065757285
369 163840 2 8192 3.1622776601683788e-06 256 0.1 158.61499386231105 0.6716911497013887 0.8293630098820621 0.8160172415941819 0.43665287301825173 0.6607971496747331
422 1280 1 8192 0.001 4 0.25 19.024081313610075 -11801.016393378652 -0.05945910333617864 0.1528176217229631 15696.757370049769 125.28670069105407
386 2560 4 8192 1e-07 8 0.0 119.37408430576325 0.6894170190708213 0.8305530538299295 0.8252532933531129 0.4130773532603497 0.6427109406726711
425 640 4 8192 3.1622776601683795e-05 16 0.1 15.57962570587794 0.6815112699308582 0.8288770705276584 0.8174559742533521 0.4235920502360379 0.6508394965243258
429 40 3 8192 1e-07 512 0.1 0.05870959758758545 -5.256283271405079 -0.004757766843707335 0.007365072644177156 8.320896809179345 2.88459647250345
427 20480 2 8192 1e-05 512 0.2 14.59357182184855 0.683557447981085 0.8308837489327643 0.8170744502199825 0.4208706203278105 0.6487454202750186
426 5120 1 8192 0.0001 16 0.25 19.79012320439021 0.5000375369263115 0.7608362382468945 0.7595585410294232 0.6649532770860277 0.8154466733551788
431 10240 1 8192 3.1622776601683788e-06 1024 0.0 2.660475556055705 0.6208309070280784 0.8029234560647045 0.7969164896835575 0.5042973214256187 0.7101389451548328
430 640 1 8192 1e-07 8 0.25 5.182856583595276 0.6494278336798369 0.81085087703707 0.7993345779483861 0.4662632258761837 0.6828346987933344
428 1280 1 8192 3.1622776601683788e-06 16 0.25 5.036476250489553 0.6941394583904165 0.8352267506176119 0.8230873795725628 0.4067964787280914 0.6378059883131323
433 1280 5 8192 3.1622776601683795e-05 256 0.2 3.4198089559872944 -4.16904938323741 0.8298953405464088 0.817354123924444 6.87486877649178 2.621997096964789
145 163840 2 8192 3.1622776601683795e-05 8 0.25 3429.1324778199196 -31.119194482077667 0.1627572420104602 0.7123264783555971 42.71873431640631 6.53595703140759
382 2560 5 8192 3.1622776601683795e-05 8 0.0 153.31088712612788 0.6712038129672828 0.8234417590086103 0.8176798716329937 0.4373010339949696 0.6612874064996018
404 1280 3 8192 0.0001 4 0.0 86.37081942955653 0.6344110685646094 0.808399902331574 0.7997539152430881 0.48623561962993217 0.6973059727479266
439 2560 4 8192 0.0001 512 0.2 4.375087257226308 0.19860218946463826 0.8255675769424942 0.8100910490580767 1.0658642192634256 1.032407002719095
341 20480 4 8192 1e-05 16 0.1 492.37516614993416 0.6649884408767625 0.8192106279862841 0.8151133429640124 0.445567518671623 0.6675084408991567
441 40 2 8192 0.001 256 0.0 0.0554861585299174 0.5457912396558637 0.7970765708581629 0.7852510329565859 0.6041005595004046 0.7772390620011354
442 2560 2 8192 1e-07 256 0.0 2.371068839232127 0.6884371498304677 0.8297634173702865 0.820910259675477 0.41438058562400204 0.6437239980177856
354 20480 3 8192 0.0001 16 0.1 350.3722365895907 0.5734915456836923 0.7659785616719353 0.7850278478508442 0.5672589751217476 0.7531659678462295
444 2560 2 8192 1e-05 1024 0.2 2.371081117788951 0.5173681808950903 0.8403821061118153 0.8261522524450727 0.6419034096415749 0.8011887478251145
436 1280 3 8192 0.0001 8 0.2 44.37300225098928 0.5495840708992348 0.8205424670521335 0.8086492936964198 0.5990560696616901 0.7739871249973672
435 5120 2 8192 0.001 16 0.0 53.03439886569977 0.4879434103340877 0.7487267925204202 0.7450200972037929 0.681038542890887 0.8252505939960826
434 5120 2 8192 0.0001 16 0.2 56.05622146129608 0.6722226044274734 0.8200565847204273 0.8079626610230309 0.4359460348297199 0.6602620955573021
447 1280 2 8192 1e-05 256 0.1 1.2607446630795798 0.6764519048535207 0.8351460264640445 0.825151369299754 0.43032103818338785 0.6559885960772396
445 10240 4 8192 0.0001 256 0.25 21.379679516951242 0.30127291039122017 0.8169127335255142 0.8115427203583787 0.9293115030431016 0.9640080409639235
449 1280 4 8192 3.1622776601683788e-06 512 0.2 1.877301808198293 -1.9042137838514988 0.8160024581941956 0.8012769591938297 3.862622927845356 1.9653556746414518
446 2560 4 8192 0.0001 512 0.25 3.7552506724993386 -2.2336548678363997 0.815707783763618 0.8011353713858903 4.300781678915926 2.0738326062910493
450 5120 1 8192 0.0001 1024 0.25 1.4143715182940164 0.6142434111876087 0.8023037058528453 0.7947507970763602 0.5130587330723673 0.7162811829668341
448 5120 3 8192 1e-07 256 0.2 8.372807701428732 0.10100546880177164 0.8156488399217078 0.8027594473146049 1.1956684826448103 1.0934662695505566
453 40 1 8192 1e-05 256 0.25 0.030311365922292072 0.5747211269850878 0.7768319155781098 0.7675624729028109 0.565623624118034 0.752079533106728
454 40 3 8192 3.1622776601683795e-05 4 0.25 2.7496732513109845 0.2347912482569553 0.8008124060545687 0.7780444310196026 1.0177325393555616 1.0088273089858153
456 40 2 8192 0.0001 8 0.0 0.8510194341341655 0.6029024959938052 0.7953273432969663 0.7784467822103494 0.5281422228946081 0.7267339423025514
437 1280 5 8192 0.001 8 0.25 77.37601425250371 -0.009365332854182062 nan nan 1.3424623555378665 1.1586467777273048
458 40 3 8192 3.1622776601683788e-06 4 0.0 2.68344753185908 0.6878556709438556 0.8318173940345477 0.81700444885386 0.4151539562663338 0.6443244184929932
459 640 2 8192 3.1622776601683788e-06 1024 0.2 0.36492710510889687 0.6395259923411625 0.8259308560793195 0.8162644396780249 0.4794327382568902 0.6924108161033378
460 640 3 8192 3.1622776601683788e-06 1024 0.0 0.6895719607671101 0.6839684816919593 0.8281012778768357 0.8212105393639629 0.42032394286054947 0.6483239490104846
461 2560 5 8192 0.001 512 0.0 4.58011169830958 0.6031880207517343 0.8157158496112016 0.8039073727512165 0.5277624731383825 0.72647262380518
390 163840 5 8192 0.0001 1024 0.2 238.14574500719706 0.5974469679734923 0.7765302930736822 0.7697618970237186 0.5353981100926976 0.7317090337645815
403 163840 5 8192 0.001 1024 0.25 233.89752978483835 -0.008299020028836424 nan nan 1.341044152652687 1.15803460770941
462 2560 3 8192 3.1622776601683795e-05 8 0.1 87.37180691957474 0.635437273888759 0.8190609158908084 0.8076657726592862 0.484870759978147 0.6963266187488074
440 10240 3 8192 0.0001 16 0.2 175.80663207769393 0.6457632989116939 0.818863819046002 0.8072695774601891 0.4711370805813784 0.6863942603062604
385 10240 3 8192 0.0001 8 0.2 348.37220619916917 0.6303677864941255 0.807560077586526 0.7974038866631435 0.49161321067231256 0.7011513464811379
455 5120 3 8192 0.0001 8 0.0 173.37260504961014 0.6188603256940444 0.8038682520246441 0.7987414978586301 0.5069182072172734 0.7119818868603845
463 1280 4 8192 1e-05 256 0.2 3.379003572463989 -2.20066480637271 0.8361234668682758 0.8245911740596459 4.256904685937922 2.063226765515105
465 40 3 8192 0.001 16 0.1 0.7120718359947205 0.032511959014645986 0.7715444648241541 0.7410298492221801 1.2867652892171875 1.1343567733377307
452 5120 2 8192 3.1622776601683795e-05 4 0.2 213.33116752703984 0.6392497276982306 0.8137523392920714 0.8009556680368394 0.47980017200087804 0.6926760945787562
464 10240 3 8192 1e-05 512 0.0 10.786889743804931 0.7024404174859733 0.8390091501391974 0.8252332034402446 0.395756149980983 0.6290915275069145
467 10240 3 8192 3.1622776601683788e-06 1024 0.1 9.377249133586883 0.36690297510642356 0.8322635987534981 0.8219811441869186 0.8420230967506668 0.9176181650069198
469 10240 2 8192 0.001 1024 0.2 5.654842944939931 0.6042097958785698 0.8029513812032036 0.793862763637459 0.526403505677391 0.7255367018127966
472 640 1 8192 0.0001 16 0.2 2.506383224328359 0.537319567481934 0.7726965663006335 0.7600358699867278 0.6153679377348037 0.7844539105229852
468 1280 3 8192 1e-07 16 0.0 21.626830514272054 0.6867545233665989 0.8292456574334363 0.8204289127355989 0.4166184895945973 0.6454599054895643
474 40 1 8192 3.1622776601683788e-06 16 0.2 0.34751882950464885 0.6277749930165586 0.8061786772017616 0.7978798470833721 0.49506164259881363 0.7036061700971742
471 20480 2 8192 1e-05 256 0.2 19.8671892007192 0.677475021381635 0.8294817686505155 0.8156450805660757 0.4289602866501067 0.6549505986332914
475 640 3 8192 0.001 16 0.0 11.37240490913391 0.6229532683531163 0.8031712333249985 0.7899501248086621 0.5014745672741006 0.7081486900885298
477 640 4 8192 1e-05 1024 0.0 0.7186867356300354 0.6891214387696041 0.8371396146188356 0.8266501136619508 0.41347047695353284 0.6430167003690751
451 163840 3 8192 3.1622776601683788e-06 256 0.1 256.37340198755265 0.6616012521897627 0.8363707158278397 0.8242078069150042 0.4500725013130842 0.6708744303616618
466 163840 1 8192 1e-05 512 0.25 52.13529867728551 0.5851294447225979 0.8013623709142219 0.790131812779033 0.5517804948839703 0.7428192881744323
356 20480 5 8192 1e-07 16 0.0 623.7645111560821 0.6946774834056684 0.8335605623595004 0.8258402137066695 0.40608090201289837 0.6372447740177226
483 5120 3 8192 1e-05 256 0.0 7.789571193854014 0.7027112228477563 0.8395567085066604 0.8246182309331236 0.39539597711587804 0.6288051980668401
482 1280 1 8192 3.1622776601683788e-06 8 0.0 10.372673026720683 0.6713331938149922 0.8238603748279445 0.8122876690724237 0.4371289566391065 0.6611572858549669
478 2560 3 8192 3.1622776601683795e-05 16 0.2 44.824945306777956 0.4007337490303391 0.8165389132046965 0.8031030401179902 0.7970279508175839 0.8927642190509115
485 640 3 8192 1e-07 4 0.1 43.37291127840678 0.5808849515105167 0.8268461874398092 0.8170333488386099 0.557425698033005 0.7466094682181609
487 1280 3 8192 0.001 256 0.25 1.9406734466552735 0.4193236619737516 0.7997433899661693 0.7817520336549947 0.7723032475739243 0.8788078558899689
488 640 3 8192 0.0001 512 0.1 1.3732933044433593 0.317453163188015 0.8154060923761459 0.7992270508367592 0.9077916632232003 0.9527810153562046
397 5120 4 8192 0.0001 4 0.1 484.39699963331225 0.6421706813394621 0.8021995855678612 0.7980178961176686 0.4759152849555341 0.6898661355332164
479 5120 1 8192 3.1622776601683795e-05 4 0.2 75.83812377850215 0.602256768796958 0.8000515250897795 0.7831488539638325 0.5290010442009264 0.7273245796760387
490 20480 1 8192 1e-05 1024 0.2 5.36243402560552 0.6917216072694068 0.8348443821406781 0.820719976867723 0.410012236200237 0.6403219785391073
400 10240 4 8192 1e-05 8 0.2 486.38046147028604 0.5906671651889944 0.8066996099124805 0.8049945883545431 0.5444152912063213 0.7378450319723792
481 1280 5 8192 3.1622776601683788e-06 8 0.0 78.37466402451197 0.6974750245317496 0.8366619398017441 0.8247038618828354 0.40236015440289946 0.6343186536772346
494 640 2 8192 3.1622776601683795e-05 512 0.2 0.46375129620234173 0.6003825858619869 0.8318905844752914 0.8176042709863227 0.5314937195046002 0.7290361578856018
495 1280 2 8192 1e-07 256 0.2 1.2538734515508017 0.6668734010825241 0.8186799172961117 0.8173618281295623 0.44306050952879206 0.6656279062124665
496 40 2 8192 1e-07 256 0.1 0.053021899859110516 -1.7428709228854622 0.05351367929480312 0.06512320351814432 3.648035889702077 1.9099832171257622
492 5120 3 8192 3.1622776601683795e-05 256 0.2 8.371717246373494 -0.4867472746052317 0.8215448845589399 0.8088725681959483 1.9773833946844899 1.4061946503541
497 640 5 8192 0.001 256 0.0 1.669554340839386 0.653140752981141 0.8090535487894226 0.8057946207631136 0.4613250194320846 0.6792091131839182
419 10240 4 8192 3.1622776601683788e-06 8 0.1 487.37487286726633 0.6376528737618934 0.8358699167725951 0.832209785090443 0.4819239979606656 0.6942074603176385
499 20480 2 8192 0.0001 256 0.0 19.968861158688863 0.6388346851614202 0.8100173416801956 0.7997636542525814 0.4803521812323022 0.6930744413353462
493 640 4 8192 3.1622776601683795e-05 8 0.0 30.074695312976836 0.6767798962411731 0.8267243933768604 0.8168042132452356 0.42988480753772157 0.6556560131179471
501 640 4 8192 3.1622776601683795e-05 16 0.25 16.375198229153952 -1.7740328842536166 0.814753846230305 0.7980852434035591 3.68948149784792 1.9208023057691075
503 640 1 8192 0.001 16 0.1 2.625689164797465 -16.800488964656484 0.24787178807720112 0.3473811711566067 23.67476429732974 4.865672029363441
470 5120 3 8192 3.1622776601683788e-06 8 0.2 176.37324197689694 -0.3180187022038907 0.8253209676441753 0.8120006597850985 1.752973313042456 1.3239989852875478
504 5120 4 8192 3.1622776601683795e-05 1024 0.25 6.375390406449636 -4.130074509161019 0.8207351360485329 0.8043616270814042 6.823031944418865 2.6120934026980858
498 1280 2 8192 1e-05 4 0.1 54.524245870113376 0.645476489897653 0.8176329874775108 0.8064112774028968 0.4715185384064555 0.6866720748701345
309 20480 3 8192 1e-07 4 0.1 1377.374865567684 0.30116448268809803 0.811754170718963 0.8025254090452462 0.9294557125825033 0.9640828349174687
505 640 3 8192 1e-07 8 0.25 21.371517471472423 -0.3366710355933331 0.8007741803372433 0.7861607189561506 1.777781035879006 1.333334555120734
507 20480 2 8192 3.1622776601683788e-06 512 0.25 15.372043621540069 0.4941116403322914 0.8265697865546825 0.8166781075719838 0.6728347574988598 0.8202650531985742
502 1280 3 8192 0.001 4 0.0 85.32273226181665 0.07030214151765224 0.2662043738109722 0.2938743173729489 1.2365041045223089 1.1119820612412363
511 40 3 8192 0.0001 4 0.0 2.6893736481666566 0.6038885332729798 0.7925785501171476 0.7791698716247045 0.5268307869998308 0.7258311008766646
512 640 1 8192 3.1622776601683788e-06 256 0.1 0.2773208022117615 0.6209920990419865 0.8036084363224034 0.7981963092888289 0.5040829350150284 0.7099879823032418
457 20480 4 8192 1e-05 16 0.0 486.3794902563095 0.7042972355989415 0.841351823852406 0.8323939856309982 0.39328657000175765 0.6271256413205871
346 20480 4 8192 1e-05 8 0.25 974.3760076920191 0.5817090479900435 0.7928920948278094 0.8058746596743662 0.5563296444386461 0.7458750863506879
515 20480 1 8192 3.1622776601683795e-05 1024 0.1 5.406589416662852 0.6525550360492627 0.8205157082435898 0.8067373606491949 0.46210402670175604 0.6797823377388942
514 20480 4 8192 0.001 512 0.0 29.376928432782492 0.6697099699257419 0.8267707535166343 0.8147601740375437 0.4392878548051118 0.6627879410528769
517 640 1 8192 3.1622776601683788e-06 4 0.1 9.86539868513743 0.6839569728291461 0.8301812431681534 0.8180856916506518 0.42033924972178066 0.6483357538511821
518 40 1 8192 1e-07 8 0.25 0.3280153473218282 -0.5194481876878714 0.31592479931382866 0.32726420141487805 2.020875818464316 1.4215751188257046
519 40 1 8192 3.1622776601683795e-05 256 0.0 0.03506293296813965 0.5363675490440104 0.7784904472325804 0.7681512732298651 0.6166341283528988 0.7852605480685367
520 2560 2 8192 1e-07 512 0.0 1.7322279612223308 0.6678860774661126 0.8173979683170088 0.8113582986444707 0.44171364345457725 0.6646154101843993
438 20480 5 8192 3.1622776601683795e-05 16 0.1 628.0821887771289 0.5809959316264265 0.7721015155303785 0.760621627176166 0.557278093768253 0.7465106119595709
240 20480 4 8192 0.0001 4 0.0 1896.37527115345 0.63680851410104 0.8086413700775434 0.8027471131573738 0.4830470017159313 0.6950158283923693
443 10240 5 8192 1e-05 8 0.2 623.3249992410342 0.6131644500619771 0.7833484900550871 0.7870285294676082 0.5144937582779124 0.7172822026775183
524 1280 4 8192 1e-07 512 0.1 1.873084553082784 0.6072294574647927 0.7965210944962973 0.8047620982986532 0.5223873364331938 0.7227636795199339
476 5120 3 8192 1e-05 4 0.0 343.37589594125745 0.6687342434969694 0.8228309728798586 0.8149249401297561 0.4405855772028352 0.6637662067345965
375 20480 2 8192 0.0001 4 0.25 844.2784413258235 0.5227600566446874 0.7300079299482238 0.7296364311401239 0.6347321803710949 0.7967008098220404
527 40 5 8192 1e-07 4 0.25 4.741598852475485 -0.5941987972055496 0.603355064180285 0.6407646007814775 2.1202946077417666 1.4561231430554789
528 5120 5 8192 0.001 512 0.0 9.373390185832978 0.6615737309384436 0.8196694917573091 0.8093675723298971 0.4501091047535538 0.6709017102031816
529 1280 2 8192 3.1622776601683788e-06 1024 0.1 1.3722477316856385 0.6934003274660789 0.8345158451154228 0.8265282471446252 0.4077795275900245 0.6385761721126341
530 2560 2 8192 0.0001 1024 0.2 2.370665736993154 0.6459619460906281 0.8170006793994571 0.8067305042752618 0.47087287856148247 0.6862017768568386
525 1280 3 8192 0.001 8 0.25 44.37173356215159 -0.008850203940015566 nan nan 1.3417772307837181 1.158351082696312
532 40 5 8192 1e-07 512 0.0 0.09372681776682536 -6.599072005845007 -0.007002876783749997 0.01875059763110942 10.106814423695194 3.1791216434253022
533 2560 5 8192 0.0001 512 0.0 5.373020295302073 0.6466468966452976 0.8171008862768308 0.803557109011038 0.46996188993811805 0.6855376648573862
510 163840 4 8192 1e-05 1024 0.0 182.57848326762516 0.6708256869112956 0.8241754401525674 0.8145649804982725 0.43780394407052714 0.6616675479956132
535 2560 5 8192 0.001 1024 0.2 3.72730096578598 -0.021245497440881556 nan nan 1.3582630505054063 1.1654454300847408
534 10240 2 8192 1e-07 1024 0.2 5.686550954977672 0.6835429316854376 0.8287371618498043 0.8219254453642689 0.42088992709396755 0.6487603001833324
526 2560 4 8192 3.1622776601683788e-06 16 0.0 61.37449423472086 0.7026613439469012 0.8394051040543364 0.8270298683084989 0.3954623163733841 0.6288579461002175
513 10240 2 8192 3.1622776601683788e-06 8 0.1 215.23079728682836 0.6702230148000632 0.8266531474462766 0.814801635985638 0.4386055018373014 0.6622729813583681
508 163840 4 8192 3.1622776601683788e-06 512 0.1 244.37760563294094 0.4547925895731315 0.8394382313404145 0.8297173457168894 0.7251293467635778 0.8515452699437521
521 10240 1 8192 3.1622776601683788e-06 4 0.0 153.1198044896126 0.6520835896036912 0.8178662225057003 0.8113464658701025 0.4627310534929797 0.6802433781324003
541 40 4 8192 1e-07 1024 0.25 0.1011671264966329 -17.950302561954775 -0.02512368521770414 -0.00040025004389627415 25.204023743851202 5.02036091768821
539 20480 4 8192 0.0001 1024 0.0 22.37906788190206 0.6495366258565373 0.8148508748994354 0.8037583398997495 0.4661185315845893 0.682728739386727
542 40 2 8192 0.001 4 0.2 1.7024051427841187 0.347519058841545 0.7076237618475374 0.7074832657741141 0.8678038294957817 0.9315598904503036
543 640 2 8192 1e-07 256 0.2 0.634999402364095 0.621740039114432 0.7897014815332868 0.7983691931261722 0.5030881699297078 0.7092870856921814
540 2560 3 8192 3.1622776601683788e-06 16 0.2 46.373299503326415 -0.8934834080854441 0.8239442505332693 0.8124651606879477 2.518345056494498 1.5869294428217338
546 1280 5 8192 3.1622776601683788e-06 8 0.1 78.96252874533336 -1.1181962688607543 0.8364520540289954 0.8224437282540444 2.8172146001344083 1.6784560167411025
536 5120 3 8192 3.1622776601683795e-05 8 0.2 176.37370117108028 0.5631360432867796 0.8089483858829498 0.7987439345100595 0.5810318596146469 0.7622544585731506
549 1280 4 8192 1e-05 256 0.0 3.4014143705368043 0.6988255848866745 0.836821868907871 0.8248179136083663 0.4005639004833779 0.6329011775019683
523 5120 5 8192 1e-07 8 0.25 305.3752709229787 -7.087898833970231 0.8029875064833816 0.7931120131196927 10.756957234999666 3.2797800589368284
551 640 3 8192 3.1622776601683788e-06 16 0.2 11.373567712306976 -0.3763634216332883 0.8273455085390418 0.8165361880040152 1.8305721634576013 1.3529863870185839
506 5120 4 8192 0.0001 4 0.2 481.7271053234736 0.5273261482252217 0.8121400769334528 0.8040773581425431 0.6286592493328628 0.7928803499474955
552 10240 3 8192 1e-07 256 0.0 15.03923374414444 0.6871823295086062 0.8295117951302842 0.8206868377270468 0.4160495046865376 0.6450189956013215
554 1280 4 8192 0.001 256 0.25 3.3762084245681763 -3.5560378641719126e-07 nan nan 1.3300068758320454 1.1532592405144844
548 2560 2 8192 1e-07 4 0.0 104.30639469623566 0.6976032479198906 0.8360355908305861 0.8264561814938776 0.4021896164756735 0.6341842133604979
556 2560 1 8192 1e-05 16 0.0 10.374446364243825 0.6482839520839234 0.8159721916120459 0.8046827339272672 0.46778459572288145 0.683947801899298
547 2560 4 8192 0.001 8 0.25 120.82601572672526 -0.009410602505140364 nan nan 1.342522564463497 1.158672759869454
558 640 4 8192 3.1622776601683795e-05 256 0.25 1.3607990900675455 -2.556946173161355 0.820184891217427 0.8017325763003464 4.730761184992493 2.175031306669514
557 1280 5 8192 3.1622776601683795e-05 1024 0.2 2.378695007165273 -0.7328665704225739 0.8380775009924171 0.8247248733513399 2.3047236339930675 1.5181316260433637
545 163840 4 8192 0.001 512 0.2 238.9138666590055 -0.008381336370621328 nan nan 1.3411536339143226 1.1580818770338834
560 5120 5 8192 3.1622776601683795e-05 1024 0.1 7.355648760000864 -0.21127075456681688 0.8277028071776337 0.8122787852760911 1.6109978591911978 1.2692509047431078
553 20480 4 8192 0.0001 256 0.1 43.37561813592911 0.6490227182377855 0.8074899346352531 0.8081411110564167 0.4668020320080164 0.6832291211650865
559 5120 1 8192 0.001 16 0.1 21.71972005367279 -117.051328811184 0.08977522544950704 0.5987687471256412 157.0090231869812 12.530324145327654
203 163840 1 8192 3.1622776601683795e-05 4 0.0 2592.94004791975 -13228.890605915658 0.04851985947114977 0.5906803374142513 17595.83921522656 132.64930913965048
538 5120 3 8192 3.1622776601683788e-06 4 0.0 345.4080077687899 0.674347167615222 0.8264418881602247 0.8194727803319719 0.4331203521866982 0.6581187979283818
550 5120 4 8192 1e-05 16 0.0 123.41564075946808 0.682204300949224 0.8299454704616548 0.8219543084867935 0.4226703145442192 0.6501309979874973
564 40 4 8192 1e-05 4 0.25 4.4307624220848085 -0.19396760932907586 0.8089420978464159 0.7871294213786547 1.587984565235096 1.2601525960117275
555 2560 2 8192 1e-05 4 0.2 106.99505420923234 0.6443144971274924 0.8168020774867274 0.8041226492738357 0.4730639962308655 0.6877964787863234
567 40 4 8192 1e-07 512 0.1 0.0940230131149292 -6.716532041921504 -0.014374145681126622 0.007852317540126774 10.263037023759068 3.2035975127595333
363 20480 3 8192 3.1622776601683788e-06 4 0.25 1398.7848864595096 0.5714866271198336 0.8164345104820299 0.8091854547655367 0.5699255296489261 0.754934122721265
566 2560 2 8192 1e-05 16 0.0 27.173408194382986 0.6645180207323963 0.8213236809408339 0.8155030135492055 0.4461931804756722 0.6679769310954325
571 40 2 8192 0.0001 512 0.1 0.04118454853693644 0.4753034162276283 0.7843915495368903 0.7792825594478939 0.6978498159848022 0.8353740575244135
406 20480 5 8192 1e-07 8 0.25 1241.3797288656235 -7.347431315020765 0.8097507967416508 0.805538011282073 11.102137096551361 3.3319869592408913
561 5120 5 8192 0.0001 16 0.1 158.42491277456284 0.6042733127465976 0.7830454339574098 0.7734879712903847 0.5263190278362235 0.7254784819939345
573 5120 1 8192 0.0001 8 0.0 40.809305878480274 -0.8259399478758229 0.5273564362649642 0.732288714475412 2.428511821943252 1.5583683203733487
473 10240 4 8192 0.001 4 0.0 948.2906627694766 0.5331980438746755 0.7452678642700362 0.7210402480578728 0.6208495905220651 0.787940093231754
413 163840 1 8192 3.1622776601683795e-05 8 0.1 1320.3747867385546 -249.44119740800525 0.010838341246415514 0.540994296668522 333.0883960967627 18.250709468312806
574 163840 3 8192 0.001 512 0.0 172.50255812009175 0.5341966232684829 0.7734257973774368 0.768439683102502 0.6195214735345206 0.7870968641371408
489 10240 4 8192 1e-05 4 0.1 968.2905448397 0.673861711237343 0.8221743587175613 0.818261377017129 0.43376601227759454 0.6586091498586962
544 20480 5 8192 1e-07 16 0.25 622.3868572473526 -7.328998970740029 0.8098152818012894 0.8070310419993258 11.077621960637954 3.3283061699065417
569 2560 5 8192 1e-05 4 0.25 314.3465764681498 0.6561980699300348 0.8103835823809944 0.804298592675891 0.45725876831443235 0.6762091158173131
572 163840 4 8192 3.1622776601683795e-05 256 0.1 342.37812976439795 0.6428417447399721 0.803386943425643 0.8118122580382446 0.47502276633611956 0.689218953842768
509 10240 4 8192 3.1622776601683788e-06 4 0.2 979.3776250998179 0.5528323084063065 0.8170629778506922 0.8203497695375654 0.5947358929792205 0.77119121687116
522 20480 2 8192 3.1622776601683795e-05 4 0.2 853.2835837920506 0.5628908065352249 0.759224831118367 0.7892345493494439 0.5813580260644351 0.7624683770914273
36 163840 2 8192 3.1622776601683795e-05 4 0.2 6932.609976343314 0.21434427005096335 0.561573170931619 0.6491796973875597 1.0449271512890117 1.0222167829227868
50 163840 2 8192 1e-07 4 0.25 6884.963515957196 0.5481500105630104 0.8059415730140027 0.7905043792916191 0.6009633790909803 0.7752182783519622
575 10240 3 8192 3.1622776601683795e-05 8 0.0 342.77289897203445 0.611219664431803 0.7973924346266894 0.7901437561400776 0.5170803356182667 0.7190829824285002
55 163840 2 8192 3.1622776601683788e-06 4 0.25 6854.635274378458 0.6030758896599377 0.7860654568348562 0.7866367577355645 0.5279116082084335 0.7265752598378461
366 163840 2 8192 3.1622776601683788e-06 16 0.2 1755.5395772417387 0.6392661265524456 0.8091072954784351 0.7975434055517235 0.4797783614197722 0.6926603506912837
480 20480 5 8192 1e-05 8 0.2 1253.3790845990181 0.5802001206733882 0.7650960114147305 0.7704149087700733 0.5583365274312734 0.7472191963749817
484 20480 5 8192 3.1622776601683788e-06 8 0.1 1259.3791947364807 0.65477821891059 0.8098322189983291 0.8069308873327882 0.45914717926142495 0.6776039988528882
562 10240 5 8192 0.0001 8 0.25 637.7010804335276 0.6013697273080367 0.7776181380697218 0.7624044218125117 0.5301808150608092 0.7281351626317804
537 10240 4 8192 0.001 4 0.25 966.3763650933902 0.20178986623503536 0.4561728037345558 0.488978630663525 1.061624588748496 1.0303516820719496
568 10240 3 8192 3.1622776601683788e-06 4 0.0 690.0571233431498 0.6709795779443684 0.8240524980892331 0.8171485952160784 0.437599268011195 0.661512863073119
81 163840 2 8192 3.1622776601683795e-05 4 0.25 6997.1951454957325 0.33566763441216096 0.6169199417019822 0.6788343672564886 0.8835662998700723 0.9399820742280527
103 163840 2 8192 1e-05 4 0.25 6832.815245548884 -2.995641792123105 0.324234479107983 0.7516097372033067 5.314229167125592 2.305261192820803
344 20480 5 8192 3.1622776601683788e-06 4 0.25 2497.379903535048 0.5830660340648891 0.7700366031115697 0.7727025416190474 0.554524844270487 0.7446642493570421
500 20480 4 8192 1e-07 4 0.25 1923.9005086700122 -4.418381637834759 0.8102406804626989 0.8009879593463305 7.206482271549946 2.6844892012354875
570 20480 5 8192 0.0001 8 0.0 1222.8945707162222 0.6536505020493842 0.816797857950603 0.8082397854360561 0.46064704990746075 0.6787098422061233
347 163840 3 8192 1e-05 16 0.2 2808.382406334082 0.3458002571601406 0.6360091829718273 0.7318263515816387 0.8700898467373248 0.9327860669721245
418 163840 1 8192 1e-05 4 0.0 2565.37939538161 -1.9594495945581176 0.43370139772478766 0.7026569776881524 3.936086909753247 1.9839573860729083
531 20480 5 8192 3.1622776601683795e-05 4 0.25 2471.817924400171 0.5175609455746332 0.7518934200067422 0.7822054863541255 0.6416470313835343 0.8010287331822338
486 163840 2 8192 1e-07 8 0.2 3479.4901052792866 0.5693383136686859 0.8042882616109331 0.7901247352317473 0.5727828002943387 0.756824154143047
246 163840 3 8192 3.1622776601683788e-06 8 0.2 5562.7143268585205 0.6162109221699479 0.7954773048761097 0.791522956305152 0.510441930868126 0.7144521893507823
516 163840 4 8192 3.1622776601683795e-05 16 0.2 3937.0098499417304 0.43853669412406016 0.6807879027627652 0.6480560730875894 0.7467497917953373 0.8641468577709099
565 163840 4 8192 1e-05 16 0.2 3956.4172699689866 0.5428970769153132 0.7391519869601926 0.7404215531662467 0.6079498144763041 0.7797113661325608
195 163840 2 8192 1e-07 4 0.0 6830.13290609916 0.6867880827285991 0.8290658365881808 0.8204629734319111 0.4165738554282606 0.6454253290879284
491 163840 3 8192 0.0001 8 0.2 5555.382853519916 0.45842491694618404 0.7064652461739334 0.7335911545540427 0.7202983281000734 0.8487039107368797
432 163840 5 8192 1e-05 16 0.25 5064.392680641015 0.5286277308091776 0.7354641172573 0.7098931062677184 0.6269281361623287 0.7917879363581695
15 163840 4 8192 0.001 8 0.25 7805.759537788233 -0.009917172305225597 nan nan 1.3431963055411142 1.15896346169373
291 163840 4 8192 1e-07 8 0.25 7762.060150611401 -0.3188049608315333 0.8203753795857704 0.8085425775537527 1.7540190420515376 1.324393839479608
416 163840 4 8192 0.0001 8 0.1 7816.399675416947 0.4468000592408201 0.7035508478701369 0.7228542029831353 0.7357594632807384 0.8577642235957026
307 163840 5 8192 0.001 8 0.2 9880.39340971311 0.07855817335286974 0.30930192249106303 0.3330990713059723 1.2255235293191156 1.1070336622339518
28 163840 5 8192 3.1622776601683795e-05 8 0.2 9928.888110872109 0.5000866476352542 0.7250997687206143 0.7051588837851941 0.6648879595286841 0.8154066222006564
281 163840 5 8192 1e-07 8 0.2 9957.398916876316 0.23161918834981665 0.8350772041755374 0.8330688223922443 1.0219513993423646 1.010916118845854
325 163840 3 8192 3.1622776601683795e-05 4 0.2 11232.72571369807 0.3575865134084032 0.6363526732524286 0.7121110880679918 0.8544140504611897 0.924345200918569
340 163840 3 8192 1e-05 4 0.25 11236.407899709542 0.4750793964024346 0.6950870818616808 0.7377052003188083 0.6981477637866812 0.8355523704632052
