0 1280 4 7168 1e-05 256 0.0 2.131199141343435 0.7257458935612637 0.853342040565207 0.8400920347576322 0.36475971757875625 0.6039534067945608
2 640 6 5120 3.1622776601683788e-06 256 0.0 1.3739360054334004 0.7284055468617217 0.8544587620612536 0.8402912750861695 0.36122236165971483 0.6010177715007392
3 1280 5 5120 1e-05 64 0.0 4.817336360613505 0.7302680230451332 0.8557875359630474 0.8433249625159517 0.3587452564105722 0.5989534676505114
1 1280 6 5120 3.1622776601683788e-06 64 0.0 6.378524955113729 0.7319148622535503 0.8559881523139405 0.8434542383405921 0.356554949718869 0.597122223434088
4 2560 6 4096 1e-05 256 0.0 2.6747617721557617 0.7313701009466452 0.8553525521855128 0.8443373835378353 0.35727948574509216 0.5977286054264863
6 1280 5 4096 1e-05 256 0.0 1.1465129494667052 0.7331142061223939 0.8563495175164892 0.8453899106610046 0.354959814694056 0.595785040676632
7 1280 4 5120 1e-05 256 0.0 1.2899201075236002 0.7273509570419285 0.8533568863641543 0.8408323019690455 0.3626249728724483 0.6021835043177854
8 640 6 4096 3.1622776601683788e-06 64 0.0 2.0778149604797362 0.7345145924184977 0.8570383478830493 0.8448637392549837 0.35309729195373696 0.5942199020175418
5 640 5 4096 3.1622776601683795e-05 64 0.0 1.8129039049148559 0.7223232633456576 0.8510750752523546 0.8367629703153484 0.36931183768019177 0.6077103238222893
9 1280 6 5120 1e-05 64 0.0 6.380564399560293 0.7355394866463576 0.8580293082858788 0.8445400889155646 0.35173417606841206 0.5930718135845034
11 640 6 4096 3.1622776601683795e-05 256 0.0 0.9263009071350098 0.7309070716260653 0.855060190280136 0.8415672241577689 0.35789531770618327 0.5982435270909191
10 2560 4 5120 3.1622776601683795e-05 64 0.0 7.845600227514903 0.7241436021214388 0.8525634376981575 0.8376570267313237 0.3668907754529979 0.6057150942918609
12 1280 5 4096 3.1622776601683788e-06 128 0.0 1.955661412080129 0.7322201519875369 0.8566426000293288 0.8449636727481686 0.3561489124179341 0.5967821314499405
13 1280 5 7168 1e-05 256 0.0 2.8733827233314515 0.7288971090719953 0.8537784282163476 0.8400479475359984 0.36056858077263854 0.6004736303724241
14 1280 4 7168 3.1622776601683795e-05 128 0.0 4.442021671930949 0.7197058249589151 0.8506761393946728 0.8349355623510719 0.3727930474936946 0.610567807449504
15 2560 5 5120 3.1622776601683788e-06 64 0.0 9.683846966425579 0.7318614091428786 0.8556704588123167 0.8432483996736999 0.3566260426983161 0.5971817501383613
16 1280 6 5120 1e-05 256 0.0 2.3852664192517596 0.7276355585506271 0.8533271201765842 0.8415377712396372 0.3622464510436109 0.6018691311602639
17 1280 6 7168 3.1622776601683788e-06 64 0.0 10.38055344025294 0.7323886756947333 0.8558240326915798 0.8430596650794145 0.35592477480832646 0.5965943134227198
18 640 6 7168 3.1622776601683795e-05 64 0.0 5.378215126196543 0.7254142559054781 0.854383260726836 0.8382232673764048 0.3652007977843861 0.604318457259404
19 640 4 5120 3.1622776601683788e-06 256 0.0 0.6631634593009949 0.7197253447606677 0.8486177084658068 0.8350776293679422 0.3727670860323806 0.6105465469826036
20 640 4 7168 3.1622776601683795e-05 256 0.0 1.0913983106613159 0.7265958483194133 0.853824168858366 0.8385152530641654 0.36362927230826175 0.6030168093082163
21 640 4 5120 3.1622776601683795e-05 64 0.0 1.9485480507214865 0.7160895648596564 0.8489098934092545 0.8349412022715653 0.37760269658017626 0.6144938539807996
22 2560 4 5120 3.1622776601683788e-06 128 0.0 4.377267968654633 0.7263160062468745 0.852552791514628 0.8396894623935327 0.36400146405653255 0.6033253384837509
23 640 6 7168 3.1622776601683788e-06 64 0.0 5.378430652618408 0.7339727280440821 0.8576820375589995 0.8450323102119496 0.35381797504120066 0.5948260040055416
24 2560 6 7168 1e-05 128 0.0 11.381834908326466 0.7349290575964522 0.8579063302921035 0.8457576482220572 0.35254605061328814 0.5937558846978177
25 1280 6 4096 3.1622776601683788e-06 256 0.0 1.3793618520100912 0.7328877712973627 0.8564166354930425 0.8443913129736634 0.3552609744611818 0.5960377290584731
26 640 6 4096 1e-05 256 0.0 0.7074148138364156 0.7240877925770846 0.8543335835750966 0.8427448248118776 0.36696500250433073 0.6057763634414359
27 1280 4 5120 3.1622776601683795e-05 128 0.0 2.3780524253845217 0.7275042127096045 0.8537014184313562 0.8376597545360067 0.36242114185316204 0.6020142372512148
28 2560 5 7168 1e-05 256 0.0 6.381385695934296 0.7324903249228236 0.8559922854149944 0.8422750526107894 0.35578958068411876 0.5964809977561052
29 2560 5 5120 1e-05 256 0.0 3.2255111296971637 0.7308223140897598 0.8557304062563913 0.8435451037263174 0.35800804577216144 0.5983377355408578
30 640 4 7168 3.1622776601683795e-05 128 0.0 2.3792867104212445 0.7171941915254192 0.8481456826219214 0.8341806608361565 0.37613353604192346 0.6132972656403446
32 640 4 5120 3.1622776601683788e-06 128 0.0 1.0594886144002278 0.721687106438577 0.849780279181914 0.8365204168719116 0.37015793043984296 0.6084060572018025
31 1280 4 5120 3.1622776601683788e-06 256 0.0 1.3321421066919963 0.7230566816650954 0.8505069613421494 0.8377304194221875 0.36833638661935225 0.6069072306533777
34 640 5 4096 3.1622776601683795e-05 128 0.0 0.9631987452507019 0.7271806695458389 0.8541842176873844 0.8423627109829009 0.36285145633257737 0.6023715268275696
33 640 6 5120 3.1622776601683788e-06 128 0.0 2.379515512784322 0.7297027713830271 0.854469792294452 0.8413349552752316 0.3594970447404099 0.5995807241234578
35 1280 5 4096 3.1622776601683788e-06 256 0.0 1.1573211828867593 0.7331978202539198 0.8563746352618775 0.8450519577781126 0.3548486073637556 0.5956917049647037
36 1280 4 4096 1e-05 256 0.0 0.9937350591023763 0.7295477604158387 0.8543961060359425 0.8413238966075978 0.3597032103192867 0.599752624270446
37 640 6 7168 1e-05 256 0.0 2.3793105324109396 0.7264239375434702 0.8560336041071033 0.8429685785203368 0.36385791474098955 0.6032063616549395
39 1280 6 4096 3.1622776601683788e-06 128 0.0 2.236883326371511 0.7325934327163253 0.8569788505029611 0.8459970655376425 0.35565244665857515 0.5963660341254984
41 640 5 5120 3.1622776601683788e-06 128 0.0 1.308987279733022 0.7255084714578861 0.8528194049617336 0.8385800937187254 0.36507549049643295 0.6042147718290517
40 640 6 5120 1e-05 64 0.0 3.3787525057792664 0.7283390663778682 0.8554518661245833 0.8431057428612225 0.36131078112890647 0.6010913251153326
42 640 6 5120 3.1622776601683788e-06 64 0.0 3.373932425181071 0.7266190562859716 0.8536652586412241 0.8402862986857345 0.3635984055641415 0.6029912151633235
43 640 5 7168 3.1622776601683788e-06 128 0.0 2.3733118613560995 0.734278003713517 0.8573078682320379 0.8441594127133805 0.35341195644620976 0.5944846141374979
38 2560 4 7168 3.1622776601683795e-05 64 0.0 13.377273825804393 0.724830514584404 0.8529627826395323 0.8366650273823375 0.3659771774790384 0.6049604759643711
48 640 4 5120 1e-05 256 0.0 0.6657697717348735 0.7251896980365551 0.8522437534104079 0.8392040974710809 0.36549946118786997 0.6045655143885317
46 1280 4 5120 3.1622776601683788e-06 64 0.0 3.849965234597524 0.7254551195321004 0.8518378202817358 0.838741439679504 0.36514644889933356 0.6042734884961722
47 1280 6 4096 3.1622776601683788e-06 64 0.0 4.150463497638702 0.731126650528489 0.855252996143423 0.8429995951891155 0.357603276360023 0.5979993949495459
45 2560 6 5120 3.1622776601683795e-05 128 0.0 6.373633098602295 0.7296826358835053 0.855366611593454 0.8407637382297152 0.359523825083699 0.5996030562661426
44 1280 5 7168 3.1622776601683788e-06 64 0.0 8.156459069252014 0.734131684059081 0.8568196560728634 0.8436676337637009 0.3536065625234764 0.5946482679058911
54 1280 6 5120 3.1622776601683788e-06 256 0.0 2.3796403884887694 0.7268601774386103 0.853502185111535 0.839682458570698 0.36327771288726296 0.6027252383028796
52 640 6 7168 3.1622776601683795e-05 128 0.0 3.373824707667033 0.7296424031985885 0.8555006696947691 0.8416572048500834 0.35957733481224324 0.5996476755664473
53 1280 5 5120 1e-05 128 0.0 2.582979448636373 0.7321972321814515 0.8573050277818606 0.844880548429787 0.3561793959067805 0.5968076707841317
55 640 5 4096 1e-05 64 0.0 1.7736587206522623 0.7301963764283305 0.8549892165636593 0.8422182110591511 0.35884054686966416 0.5990330098330677
51 2560 6 4096 1e-05 128 0.0 4.45740315914154 0.7338142807386457 0.8569143010480329 0.8459933452915609 0.35402871097194955 0.5950031184556511
50 2560 4 7168 3.1622776601683795e-05 128 0.0 7.378971882661184 0.72157968480786 0.8507989270443671 0.8348671829228691 0.3703008018965044 0.6085234604323028
57 640 5 7168 3.1622776601683788e-06 256 0.0 1.3537510593732198 0.7301025655847868 0.8568136255150467 0.8436604824919645 0.3589653158922365 0.5991371428080857
49 1280 6 7168 3.1622776601683795e-05 64 0.0 9.921957484881084 0.7255771704326643 0.8538624637385787 0.8369104560793593 0.3649841204201067 0.6041391565029589
65 640 4 4096 1e-05 64 0.0 1.4479041655858358 0.7278487031271672 0.8535354404446329 0.8414811139991263 0.36196296739207406 0.6016335823340266
58 2560 4 7168 3.1622776601683788e-06 256 0.0 4.375558054447174 0.734972746940062 0.8574865197194025 0.8446530716365578 0.3524879435065497 0.5937069508659552
62 1280 5 7168 3.1622776601683788e-06 128 0.0 4.378279292583466 0.7332606249175521 0.8564676465690886 0.843331339680954 0.3547650767589941 0.5956215885602151
63 1280 6 7168 3.1622776601683788e-06 256 0.0 3.384162433942159 0.7329407143187694 0.8563283270169258 0.843310770559155 0.3551905599037231 0.59597865725521
56 2560 4 4096 3.1622776601683788e-06 64 0.0 5.772125446796418 0.7313308823892943 0.855296999548677 0.8439359170404993 0.3573316466774804 0.5977722364558933
66 1280 6 4096 1e-05 128 0.0 2.2306661208470664 0.7299972955643608 0.8552393706032064 0.8450156116238224 0.3591053256934342 0.5992539742825526
71 640 5 5120 3.1622776601683788e-06 256 0.0 0.7982566952705383 0.722230436659284 0.8500125758130246 0.8354461041735037 0.36943529776742645 0.6078118934073489
67 1280 4 4096 3.1622776601683788e-06 64 0.0 2.8903242389361066 0.7286455029822841 0.8536399860304851 0.8414230928562737 0.3609032184829573 0.6007522105518691
70 1280 6 4096 3.1622776601683795e-05 256 0.0 1.35224955479304 0.7301298853679961 0.8555375193474258 0.841927146927027 0.358928980405643 0.5991068188609132
72 1280 5 5120 3.1622776601683795e-05 256 0.0 1.595473039150238 0.7264709453951667 0.8538985108359669 0.841197643485444 0.36379539399724775 0.6031545357512018
69 1280 5 4096 1e-05 64 0.0 3.609744644165039 0.7328070181066209 0.8563088145377846 0.8437813168669774 0.35536837672192106 0.5961278191142576
75 640 4 7168 3.1622776601683795e-05 64 0.0 3.3715331236521404 0.7217345522944161 0.8505912919610197 0.8345095456115889 0.3700948271477873 0.6083541954715093
76 640 5 5120 3.1622776601683795e-05 128 0.0 1.3782054861386617 0.7271715416160935 0.8534484585666761 0.841554432965539 0.36286359653758377 0.6023816037509643
74 2560 5 4096 1e-05 128 0.0 3.78706324895223 0.7328080005294835 0.8574008368990448 0.8449832834521059 0.3553670700932235 0.5961267231832704
61 2560 6 7168 3.1622776601683788e-06 128 0.0 11.37987486521403 0.7321966812496639 0.8561656649248035 0.8450136579258737 0.3561801286495857 0.5968082846690265
64 2560 6 5120 1e-05 64 0.0 11.516109462579092 0.730969122607039 0.8560077099627815 0.8411966850675825 0.3578127895041833 0.5981745476900395
60 2560 4 7168 3.1622776601683788e-06 64 0.0 13.371562178929647 0.735547333616153 0.8576994394435542 0.8448139015261802 0.35172373954834096 0.5930630148208038
73 2560 6 5120 1e-05 128 0.0 6.175002801418304 0.7328762034773347 0.8563314398180851 0.842409968355923 0.3552763597358863 0.5960506352113772
77 2560 6 5120 3.1622776601683788e-06 256 0.0 4.379696404933929 0.7276832483067892 0.85322223962176 0.8396797307660149 0.3621830233625637 0.6018164366005333
59 2560 5 7168 3.1622776601683795e-05 64 0.0 16.37099015712738 0.7265038270429949 0.8537588725918538 0.8369001715184599 0.36375166119509905 0.6031182812642136
79 640 5 5120 3.1622776601683795e-05 64 0.0 3.3790078202883405 0.7221247346306863 0.8512721669601092 0.8356644391348224 0.3695758821422585 0.6079275303375054
81 2560 5 4096 3.1622776601683795e-05 128 0.0 3.8151267369588218 0.7278312844296244 0.8541538522184268 0.8407534536688157 0.3619861343713357 0.6016528354220029
83 2560 5 4096 3.1622776601683795e-05 256 0.0 2.2670307874679567 0.730234112634716 0.8552058185941129 0.8421583836672517 0.358790357473551 0.5989911163561201
84 2560 5 4096 1e-05 256 0.0 2.2616575717926026 0.7358991746985963 0.8581099698890945 0.8464147911150888 0.35125578865589635 0.5926683631305929
80 2560 4 5120 1e-05 128 0.0 4.371240838368734 0.7298766439418131 0.855374976112524 0.8436691082527188 0.35926579312394 0.599387848662233
78 2560 6 5120 1e-05 256 0.0 4.379979642232259 0.7321509115853917 0.8558338476504748 0.8440835871156374 0.3562410025961251 0.5968592820725209
85 2560 5 4096 3.1622776601683788e-06 256 0.0 2.2651304602622986 0.733082494247534 0.8562442247346107 0.8450526950226213 0.3550019916906668 0.595820435777984
87 640 5 7168 1e-05 128 0.0 2.181807061036428 0.7320054842319165 0.855676228925335 0.841602501307521 0.3564344219074006 0.5970212910000786
88 1280 5 4096 3.1622776601683795e-05 128 0.0 1.9493202964464824 0.7276062706307036 0.8536055173558825 0.8395244302102096 0.3622854041646361 0.601901490415696
92 640 4 4096 3.1622776601683788e-06 64 0.0 1.4472912589708964 0.7262357363655402 0.852398720561816 0.840414616092513 0.36410822351266536 0.6034138078571498
90 640 6 7168 3.1622776601683795e-05 256 0.0 1.6362847407658896 0.7246038295695358 0.8519077398055144 0.8381924505559318 0.3662786700002492 0.6052096083178532
82 1280 4 7168 1e-05 64 0.0 6.4506175716718035 0.7312040334835572 0.8554529258511635 0.8415501938096127 0.3575003565343088 0.5979133353039626
89 1280 5 7168 3.1622776601683795e-05 256 0.0 3.3735129992167154 0.7242176362890127 0.8533204966954462 0.8384024546542995 0.3667923095360929 0.6056338081184809
86 2560 4 7168 1e-05 256 0.0 4.323442618052165 0.72900888414502 0.8544037508397273 0.8404752544533722 0.3604199192098339 0.6003498306902684
94 1280 6 4096 3.1622776601683795e-05 128 0.0 2.3790625810623167 0.7262424886259741 0.8534354599806189 0.839817411178057 0.3640992429630544 0.6034063663593999
91 2560 4 5120 3.1622776601683795e-05 128 0.0 4.211213648319244 0.7213084439449562 0.851642434773396 0.8363720832767154 0.37066155398088796 0.6088198041956979
97 640 5 5120 1e-05 64 0.0 2.4450504064559935 0.7308188430582059 0.8552109922906681 0.8425088697067954 0.35801266226635287 0.598341593294627
96 1280 5 5120 3.1622776601683795e-05 128 0.0 2.6000088453292847 0.7274508948015521 0.8541402408278965 0.8390514878577331 0.36249205501225973 0.6020731309502689
101 1280 5 5120 3.1622776601683788e-06 128 0.0 2.5929110129674275 0.7284078793815489 0.853654636753968 0.8404617628788589 0.3612192593934098 0.6010151906511264
98 640 5 7168 1e-05 64 0.0 4.377380498250326 0.7292753102952114 0.8543181834880769 0.8418051329607995 0.3600655707241855 0.6000546397822331
68 2560 6 7168 3.1622776601683788e-06 64 0.0 19.854676425457 0.7351668903034843 0.857485520563259 0.8450790515138155 0.3522297315901221 0.5934894536469221
100 640 6 5120 3.1622776601683795e-05 64 0.0 3.3798748731613157 0.7246360315925138 0.8520581662324641 0.8362889220961087 0.36623584110350305 0.6051742237599872
104 640 6 4096 3.1622776601683795e-05 64 0.0 2.0820795337359113 0.7320616346588209 0.8561641044481791 0.8416906020263379 0.3563597414800934 0.5969587435326611
107 640 5 5120 1e-05 256 0.0 0.8077207684516907 0.729406641960123 0.854212074377581 0.8416147764285947 0.35989089876895264 0.5999090754180608
93 2560 5 7168 1e-05 128 0.0 9.373494903246561 0.7327892589766749 0.8563680155761786 0.8425912567806679 0.3553919964784587 0.596147629768381
95 2560 4 5120 1e-05 64 0.0 7.75937389532725 0.7290758648191141 0.8544650779562577 0.8409800826308598 0.36033083448441966 0.6002756320928075
99 2560 5 4096 3.1622776601683795e-05 64 0.0 7.04129099448522 0.7282800291938643 0.8541598011371614 0.8395776224015286 0.3613893009616393 0.6011566359624081
103 1280 6 7168 3.1622776601683788e-06 128 0.0 5.377516094843546 0.7327245984096287 0.8560164698074262 0.8450832169452909 0.35547799544664377 0.5962197543243966
106 640 6 5120 3.1622776601683795e-05 128 0.0 2.373902674516042 0.7289674063527951 0.8543797670396371 0.8392200219524737 0.36047508493907005 0.6003957735852827
110 640 5 4096 3.1622776601683795e-05 256 0.0 0.5927696983019511 0.7290009220179127 0.8545605772189314 0.8423028835910015 0.3604305088898671 0.6003586502165744
105 1280 5 5120 3.1622776601683795e-05 64 0.0 4.919027435779571 0.7207017440354118 0.8510561434993336 0.8353822587990306 0.3714684687452068 0.6094821316045342
111 640 5 7168 3.1622776601683795e-05 256 0.0 1.3787960449854533 0.7237839706448339 0.8540044202713093 0.8412091076375579 0.36736908761955833 0.606109798320039
112 640 4 7168 3.1622776601683788e-06 256 0.0 1.3713822841644288 0.7305110485159456 0.85471500870082 0.8413882949154525 0.3584220309783294 0.5986835816842896
109 1280 4 5120 3.1622776601683795e-05 64 0.0 3.9795473416646323 0.7231767100702984 0.8516248243643549 0.836489636913664 0.36817674807190526 0.6067756983201497
118 1280 4 4096 3.1622776601683795e-05 256 0.0 0.9951748609542846 0.7266195510570876 0.8531553394553988 0.8414129188820506 0.3635977475153891 0.6029906695093955
117 1280 4 5120 1e-05 128 0.0 2.37677880525589 0.7279964334001268 0.8539815260515748 0.8420500087244396 0.3617664851831391 0.6014702695754289
119 640 6 4096 3.1622776601683788e-06 128 0.0 1.1277582883834838 0.7314799419023896 0.8564246135844769 0.8456879786159636 0.35713339657065407 0.5976063893321875
114 1280 6 5120 3.1622776601683795e-05 128 0.0 3.379145570596059 0.7273311034154093 0.8539701734061894 0.8384422289955562 0.3626513783228393 0.6022054286726742
102 2560 5 5120 3.1622776601683795e-05 64 0.0 9.842259534200032 0.7283110577094605 0.8543535508120036 0.8389895961812088 0.36134803283722466 0.6011223110459507
120 640 4 5120 1e-05 64 0.0 1.9303302725156148 0.7297800783435129 0.8546610208100494 0.8419059511473952 0.35939422598797677 0.5994949757820968
116 1280 6 4096 1e-05 64 0.0 4.159629078706105 0.7309808017985907 0.855075176885767 0.842244862448149 0.35779725610463914 0.5981615635467052
115 2560 6 4096 3.1622776601683795e-05 128 0.0 4.482068351904551 0.7310749725185519 0.8559127299188474 0.8418679093307345 0.35767200844412717 0.5980568605443192
122 640 6 5120 3.1622776601683795e-05 256 0.0 1.377911674976349 0.7205149194461524 0.852432703283448 0.8387352836878544 0.37171694664513655 0.6096859409935057
125 640 4 4096 1e-05 128 0.0 0.8081526239713033 0.7230455710521735 0.8513994615414193 0.8376232977950404 0.36835116380567823 0.6069194047035226
126 1280 4 4096 3.1622776601683788e-06 256 0.0 0.9540161808331807 0.7210780877909657 0.8495655726935878 0.837509540967313 0.37096792914063753 0.6090713662130551
113 2560 4 4096 3.1622776601683795e-05 64 0.0 5.7807376146316525 0.7259643269307278 0.8525286424294231 0.8387696392819705 0.364469199798767 0.603712845481001
123 2560 4 4096 3.1622776601683788e-06 128 0.0 3.1935872077941894 0.727074141476877 0.8529260098920615 0.8414197383937582 0.36299313934638283 0.6024891196912877
130 640 6 4096 3.1622776601683788e-06 256 0.0 0.6848289966583252 0.7300078822654636 0.8545789283705945 0.8430382481264304 0.359091245313182 0.599242225909675
108 2560 6 7168 3.1622776601683795e-05 128 0.0 11.378100057442984 0.7300576745824265 0.8553148276223231 0.8398052835058852 0.35902502121280727 0.5991869668248861
131 1280 4 4096 3.1622776601683788e-06 128 0.0 1.5496658285458882 0.7288352867634731 0.8538320234556969 0.8421330593183701 0.3606508048388138 0.6005420924787985
133 640 4 5120 3.1622776601683795e-05 128 0.0 1.0700334827105205 0.7208677782739006 0.8509693535996348 0.8375864724318195 0.3712476421449201 0.6093009454653096
128 640 4 7168 1e-05 128 0.0 2.3759745558102927 0.7260495492626287 0.8543773803061017 0.841683929963532 0.3643558535516707 0.6036189638767744
124 640 6 7168 1e-05 64 0.0 5.3774380564689634 0.7314110553446871 0.856085225584712 0.8437122739187165 0.3572250161334706 0.597683039857641
132 2560 4 5120 3.1622776601683795e-05 256 0.0 2.5861760417620343 0.7265488606431363 0.8529587872337692 0.83744543456096 0.36369176621856647 0.6030686248003344
121 1280 4 7168 3.1622776601683788e-06 64 0.0 6.487962154547374 0.7359145792774997 0.8578574169053268 0.8454464204526138 0.3512353004673211 0.5926510781794977
129 2560 5 5120 3.1622776601683795e-05 256 0.0 3.2111860036849977 0.7267900477214482 0.853130972249987 0.838296033409436 0.3633709858601205 0.6028026093673786
135 2560 4 4096 1e-05 256 0.0 1.8912273367245993 0.7279951913078486 0.8535446823719559 0.8406620353497088 0.361768137173822 0.6014716428675769
136 640 4 5120 1e-05 128 0.0 1.371381366252899 0.7259888961333245 0.852243074227824 0.8399661871199583 0.3644365226019998 0.6036857813482108
142 640 4 4096 3.1622776601683795e-05 256 0.0 0.5106905500094095 0.7207528422339722 0.853457602183973 0.8398763907387711 0.371400507813946 0.6094263760405731
134 2560 4 4096 3.1622776601683795e-05 128 0.0 3.210131287574768 0.7291995969957389 0.8550456305914345 0.8400090578881525 0.36016626989726686 0.6001385422527592
137 2560 4 5120 3.1622776601683788e-06 256 0.0 2.560886800289154 0.7237685404143658 0.8508863475770132 0.8373799333826437 0.36738960992487885 0.606126727611379
143 1280 4 7168 3.1622776601683795e-05 256 0.0 2.1745351910591126 0.7269501459625272 0.8543493604575125 0.8380673770249925 0.3631580541743961 0.6026259654000947
149 640 6 4096 3.1622776601683795e-05 128 0.0 1.1297655900319417 0.7297134275965346 0.8548431482405323 0.8421453713016692 0.35948287190821454 0.5995689050544687
146 1280 4 7168 3.1622776601683788e-06 256 0.0 2.1204554359118144 0.7312138848910803 0.856668716862184 0.8438394485965063 0.35748725409922566 0.5979023784023824
138 1280 4 7168 3.1622776601683788e-06 128 0.0 4.377499826749166 0.7350972546149647 0.8577060260220716 0.844636004426176 0.35232234750172176 0.5935674751043235
147 1280 6 5120 3.1622776601683795e-05 256 0.0 2.379465174674988 0.725020857030023 0.8522249554467862 0.8375947295703197 0.3657240208076259 0.6047512057099398
139 1280 6 7168 1e-05 128 0.0 5.379426737626393 0.7304715944167488 0.8558204633213562 0.8433045039808291 0.358474505182881 0.5987274047368143
144 640 6 7168 3.1622776601683788e-06 128 0.0 3.3754303216934205 0.7340963534016518 0.8568260300296479 0.8443503959034179 0.3536535525240751 0.594687777345453
154 640 4 4096 3.1622776601683788e-06 256 0.0 0.5076804637908936 0.7210771317874081 0.8502232560316154 0.8382441682582331 0.3709692006314903 0.609072410006799
140 2560 5 4096 3.1622776601683788e-06 64 0.0 7.0572829961776735 0.7357619839437257 0.8577721412697581 0.8479509874983393 0.3514382532382897 0.5928222779537639
141 1280 5 7168 1e-05 64 0.0 8.189978011449178 0.7273686081649184 0.8532538462129569 0.8390197863438492 0.3626014967658539 0.6021640115166746
127 2560 6 5120 3.1622776601683795e-05 64 0.0 12.37939395904541 0.7294728918883071 0.8551499755491321 0.8389474626575236 0.35980278594027765 0.5998356324363181
153 640 4 7168 3.1622776601683788e-06 64 0.0 3.3776161074638367 0.7339701702895295 0.8569193248704534 0.8447891669729055 0.3538213768711326 0.5948288635154927
150 640 5 7168 3.1622776601683795e-05 64 0.0 4.373372713724772 0.7234982764435933 0.8520127576797715 0.8369285185698281 0.3677490627364732 0.6064231713386892
158 1280 4 4096 3.1622776601683795e-05 128 0.0 1.5703489542007447 0.7321737083050102 0.8561308746780347 0.8422869591096086 0.35621068281306795 0.5968338820920508
151 640 5 7168 3.1622776601683788e-06 64 0.0 4.373449981212616 0.7337796634768005 0.8566281174550849 0.8439807415066423 0.35407475215185386 0.5950418070622046
157 640 5 7168 3.1622776601683795e-05 128 0.0 2.3791961312294005 0.7227736119395778 0.8517625909742467 0.8366620415420765 0.3687128711667513 0.607217317907478
148 2560 6 7168 3.1622776601683795e-05 256 0.0 7.38018927971522 0.7180997083608378 0.8517240182795704 0.8363808564863717 0.3749291928529039 0.612314619172941
155 1280 6 5120 3.1622776601683795e-05 64 0.0 5.749922784169515 0.7261968684783915 0.8533599146142599 0.8365106483821683 0.3641599180514393 0.6034566414013847
165 640 5 5120 1e-05 128 0.0 1.3053375840187074 0.7290962841483171 0.8540865650377597 0.841566155153231 0.3603036766458373 0.6002530105262591
160 2560 6 4096 3.1622776601683795e-05 256 0.0 2.6394359270731607 0.7271613851640932 0.8555857775778364 0.8417507611782663 0.36287710468377476 0.6023928159297509
152 2560 5 4096 1e-05 64 0.0 7.069224909941355 0.7307618356408623 0.8555521615857455 0.8439250795462181 0.3580884824964313 0.5984049485895244
164 640 4 7168 3.1622776601683788e-06 128 0.0 1.7040271878242492 0.7357610607543913 0.8577683710887682 0.8444919624138159 0.3514394810860155 0.5928233135479876
162 1280 6 5120 3.1622776601683788e-06 128 0.0 3.075417919953664 0.7292526152503234 0.853984443140855 0.8408759837061994 0.3600957552792002 0.600079790760529
166 1280 6 4096 1e-05 256 0.0 1.3711011171340943 0.7316981427763122 0.8559349989054275 0.8447295763234225 0.3568431880112237 0.597363530868117
156 2560 4 7168 1e-05 128 0.0 7.3773417194684345 0.7296770391238978 0.8547878360493235 0.8404735956532273 0.3595312688098123 0.5996092634456311
167 640 4 5120 3.1622776601683795e-05 256 0.0 0.6637585163116455 0.7274399691940627 0.8539678575827316 0.8402247387692391 0.36250658614017606 0.6020851984064847
163 2560 5 5120 3.1622776601683788e-06 256 0.0 3.2104888717333475 0.7276346784659649 0.8530719860283202 0.8392376391329668 0.36224762156184664 0.6018701035620947
161 2560 5 5120 3.1622776601683795e-05 128 0.0 5.376217997074127 0.7264492297613205 0.8534338614941901 0.8394209579433817 0.3638242759293056 0.6031784776741504
171 640 4 5120 3.1622776601683788e-06 64 0.0 1.9261429230372111 0.7277015932795567 0.8533203582962866 0.8400268992052684 0.36215862443132224 0.6017961651849588
173 1280 4 5120 3.1622776601683795e-05 256 0.0 1.2876787741978963 0.7263998501416489 0.8529006940313738 0.8403756158579908 0.3638899511396405 0.6032329161606158
175 1280 5 5120 3.1622776601683788e-06 256 0.0 2.37664289077123 0.7241778750364427 0.851305340372348 0.8373159774214943 0.3668451922565974 0.6056774655347493
172 1280 5 7168 3.1622776601683788e-06 256 0.0 3.373233691851298 0.7307058201660206 0.8567620775453578 0.8433902086549918 0.358162983436631 0.5984671949544361
170 1280 5 4096 3.1622776601683788e-06 64 0.0 3.5198867837587993 0.7355256211484054 0.8577528940682261 0.8465699442219924 0.3517526172694676 0.5930873605713307
159 2560 4 5120 3.1622776601683788e-06 64 0.0 7.698698051770529 0.7302066784167196 0.8546187029823199 0.8422854846205908 0.3588268451591442 0.599021573200118
174 2560 5 4096 3.1622776601683788e-06 128 0.0 3.769619870185852 0.7351686890127838 0.8574871300606158 0.845816443471644 0.35222733929523675 0.5934874381949771
177 640 5 4096 3.1622776601683788e-06 64 0.0 1.762025737762451 0.7358102660003384 0.8578172940827642 0.8459889586867329 0.35137403779385074 0.5927681146906021
184 640 5 4096 1e-05 128 0.0 0.950329864025116 0.7323967573285767 0.8561251702319467 0.8448297891453475 0.35591402618356904 0.5965853050348869
180 1280 4 4096 3.1622776601683795e-05 64 0.0 2.9729470451672872 0.7266542044780705 0.8543276912551597 0.8417965440622706 0.3635516582436003 0.6029524510635978
181 2560 4 4096 1e-05 128 0.0 3.1007209459940595 0.7309409772650188 0.855110035263015 0.8431447062335191 0.3578502229892813 0.5982058366392636
168 2560 4 7168 3.1622776601683788e-06 128 0.0 7.371355644861857 0.7349659342695567 0.8573027327162296 0.8439984353748562 0.3524970044019423 0.5937145815978772
178 1280 5 7168 1e-05 128 0.0 4.3490493138631185 0.7341393286894229 0.857125470472107 0.842682859410902 0.3535963951161741 0.5946397187509207
169 2560 6 4096 3.1622776601683795e-05 64 0.0 8.273192512989045 0.7289900223930414 0.8551347024223099 0.8399822959124785 0.3604450054607347 0.6003707233541079
145 2560 6 7168 3.1622776601683795e-05 64 0.0 19.790989057223 0.7290694594961998 0.8543210575161853 0.8381965422629564 0.36033935360490815 0.6002827280581278
179 2560 5 5120 1e-05 128 0.0 5.378383680184682 0.7343950816370488 0.8572978249527905 0.8455631631206022 0.35325624205827694 0.5943536338395492
189 640 4 4096 1e-05 256 0.0 0.4865543444951375 0.7276574874901299 0.853344093574691 0.841039320227152 0.3622172854136638 0.6018449014602216
185 1280 4 5120 1e-05 64 0.0 3.8788603782653808 0.7291281817934883 0.8545543394508376 0.8419438086529286 0.36026125257352287 0.600217670994051
176 1280 5 7168 3.1622776601683795e-05 64 0.0 8.269519591331482 0.7233818185025911 0.8521565834358528 0.8367282829612036 0.36790395254367186 0.6065508655864501
183 2560 4 4096 1e-05 64 0.0 5.775653060277303 0.7273309393944692 0.8532593961126289 0.8396345376776178 0.3626515964717397 0.6022056097976336
195 640 5 4096 3.1622776601683788e-06 128 0.0 0.9600336750348409 0.7327329849397879 0.8564083995515833 0.8453735806951318 0.3554668413078342 0.596210400200998
194 2560 4 4096 3.1622776601683795e-05 256 0.0 1.896609111626943 0.7287302683537835 0.8545352376417299 0.8407269865909452 0.360790479996121 0.6006583721185621
193 1280 4 5120 3.1622776601683788e-06 128 0.0 2.0858087221781414 0.7268323573225574 0.8526643995957803 0.8389291789937022 0.3633147138197421 0.6027559322144761
191 1280 6 7168 1e-05 256 0.0 3.3799052675565084 0.729091676698131 0.8546070957813096 0.8439746592394435 0.3603098045840856 0.6002581149672911
196 640 6 4096 1e-05 128 0.0 1.1542399247487387 0.7320821996199831 0.855759597495346 0.8446504175563255 0.35633238995007266 0.5969358340308216
186 1280 6 7168 3.1622776601683795e-05 128 0.0 5.375290369987487 0.7298392527399098 0.8550066427630265 0.8403836518231381 0.35931552366188263 0.5994293316662797
197 640 5 7168 1e-05 256 0.0 1.3555382251739503 0.7288943459248511 0.8538541677907269 0.8409883029071343 0.3605722557760324 0.6004766904518712
190 1280 5 5120 3.1622776601683788e-06 64 0.0 4.80436604420344 0.7288831530056736 0.8538144563749406 0.840551374948919 0.3605871424302054 0.6004890860208913
182 2560 6 4096 3.1622776601683788e-06 64 0.0 8.311999793847402 0.7331583635009642 0.8562762924823155 0.8447419095998833 0.3549010850978232 0.595735751065708
201 640 4 4096 3.1622776601683795e-05 128 0.0 0.9214945673942566 0.7315363844386291 0.8556788785186088 0.8416611122459808 0.3570583276360609 0.5975435780226083
187 2560 6 7168 3.1622776601683788e-06 256 0.0 6.477810184160869 0.7336676752078195 0.8565464322968592 0.8449522454582801 0.3542236972666456 0.5951669490711372
199 640 4 4096 3.1622776601683795e-05 64 0.0 1.449341340859731 0.7278108972970244 0.8544329854247763 0.8401979399313394 0.3620132493882301 0.6016753687730869
200 640 6 7168 3.1622776601683788e-06 256 0.0 1.6400593717892964 0.7325754394568417 0.8559212642941945 0.8426722799521991 0.355676377808897 0.5963860979339617
202 1280 5 5120 1e-05 256 0.0 1.6290195385615032 0.7324726173034144 0.8562809137645953 0.8438576216736513 0.35581313193131286 0.596500739254624
204 640 6 5120 1e-05 128 0.0 2.3734174966812134 0.7299973621640448 0.85474115034772 0.8423121360095885 0.3591052371154281 0.5992539003756489
192 2560 6 7168 1e-05 256 0.0 7.379992695649465 0.7319627179048618 0.856398534440798 0.8432620018348895 0.35649130139621077 0.5970689251637626
212 640 5 4096 3.1622776601683788e-06 256 0.0 0.5765365401903788 0.7299073761473418 0.8549015672278607 0.8435664469548507 0.3592249190938123 0.5993537512135987
206 1280 5 7168 3.1622776601683795e-05 128 0.0 4.340329126516978 0.7248271210223278 0.8520732401714481 0.8361855604159572 0.36598169093832833 0.604964206328216
205 1280 4 7168 1e-05 128 0.0 4.371325067679087 0.7295522645298363 0.8542974771637749 0.8415390245553025 0.3596972198188305 0.5997476301068896
203 2560 5 7168 3.1622776601683788e-06 256 0.0 5.349490229288737 0.7319219272162671 0.8560888675851356 0.8428919050914082 0.35654555327321946 0.597114355273108
210 640 4 7168 1e-05 64 0.0 3.3716137607892356 0.7315675108786877 0.8555233307470935 0.8426662714094514 0.3570169292714842 0.5975089365620269
208 2560 6 5120 3.1622776601683795e-05 256 0.0 4.373780373732249 0.7286709767016494 0.8542960440009972 0.839696429354142 0.3608693382730965 0.6007240117334219
207 2560 5 5120 3.1622776601683788e-06 128 0.0 5.670791967709859 0.7299550641227509 0.8544394223097754 0.8415952394491081 0.35916149378117795 0.5993008374607681
198 2560 6 4096 1e-05 64 0.0 8.382669579982757 0.7312112732433933 0.8555558980556185 0.8433050937764363 0.35749072760737144 0.5979052831405418
217 1280 5 4096 3.1622776601683795e-05 256 0.0 1.1517025391260782 0.7258514473161466 0.8526157121406488 0.8400838513435831 0.36461933040891426 0.6038371720993286
216 640 5 5120 3.1622776601683788e-06 64 0.0 2.403086761633555 0.7297039563032404 0.8544284787262045 0.8411380372668973 0.35949546878893934 0.5995794099107635
218 1280 4 4096 1e-05 64 0.0 2.8867814977963766 0.7268731559015287 0.8535727095289554 0.8405638343811198 0.36326045144848196 0.6027109186405054
223 640 4 4096 3.1622776601683788e-06 128 0.0 1.371302052338918 0.7269356977490795 0.8528627198148453 0.8415486455961441 0.3631772703907916 0.6026419089233602
219 1280 6 5120 1e-05 128 0.0 3.373711943626404 0.733320091195796 0.8577035704664464 0.8448665039218921 0.35468598622817443 0.5955551915886339
222 640 6 4096 1e-05 64 0.0 2.073438076178233 0.7293660036369092 0.8548491575932093 0.8418780833049578 0.3599449479990291 0.5999541215784996
188 2560 5 7168 3.1622776601683788e-06 64 0.0 16.52932683626811 0.7342374307093593 0.8569615588093589 0.8449311234030994 0.35346591880152345 0.5945299982351803
215 2560 6 4096 3.1622776601683788e-06 128 0.0 5.373522301514943 0.7348499629078766 0.8572584970349992 0.8469206514348888 0.3526512470555272 0.5938444636902218
225 640 5 4096 1e-05 256 0.0 0.6920431653658549 0.7329301795285126 0.8569839927646788 0.8463321828678636 0.3552045712422177 0.5959904120388329
221 640 6 7168 1e-05 128 0.0 3.38123349348704 0.7313504638655197 0.8555673440415328 0.842351984075296 0.3573056031887229 0.597750452269777
224 1280 5 4096 1e-05 128 0.0 1.9032463908195496 0.7365628566155569 0.8583770760739262 0.8467471040774874 0.35037308745686524 0.591923210777264
211 2560 5 7168 3.1622776601683795e-05 128 0.0 9.380168616771698 0.7234343124301409 0.8516899426560837 0.836103541964339 0.36783413528391856 0.6064933101724359
209 2560 4 7168 1e-05 64 0.0 13.040281983216603 0.73084051192424 0.8554444321794354 0.839897512793952 0.3579838425357842 0.5983175098020984
226 1280 5 4096 3.1622776601683795e-05 64 0.0 3.5199594934781393 0.7255143100495764 0.8529468313566494 0.8377700463145422 0.365067725132101 0.6042083457981203
231 2560 6 4096 3.1622776601683788e-06 256 0.0 3.122486408551534 0.7304991376932914 0.8548543339341381 0.8431897150107892 0.358437872448723 0.5986968117910124
227 1280 6 4096 3.1622776601683795e-05 64 0.0 4.243062579631806 0.7267354670990595 0.8532818672826343 0.839482517859877 0.36344357843737046 0.6028628189209967
229 2560 5 7168 3.1622776601683795e-05 256 0.0 5.3731467405955 0.7264629299661381 0.8529902892415575 0.8388193664240976 0.3638060545691775 0.6031633730335235
214 2560 6 5120 3.1622776601683788e-06 64 0.0 12.37507776816686 0.7321232387448104 0.8557889377818206 0.8440451398144969 0.35627780765128403 0.5968901135479495
233 2560 4 7168 3.1622776601683795e-05 256 0.0 4.371422020594279 0.724215611259859 0.8518778732066562 0.8368282533166139 0.36679500283783334 0.6056360316541886
220 1280 6 7168 1e-05 64 0.0 9.903479826450347 0.7348525282356021 0.8575894003943976 0.8441026817484185 0.35264783515322684 0.5938415909594299
230 2560 6 5120 3.1622776601683788e-06 128 0.0 6.3795060555140175 0.7315849336898452 0.8553353869463579 0.8429801163969015 0.3569937568210887 0.597489545365514
240 640 5 5120 3.1622776601683795e-05 256 0.0 0.8019684632619222 0.7118069680243099 0.8567090314308909 0.8422024340266603 0.38329857779212684 0.6191111190990893
235 1280 6 7168 3.1622776601683795e-05 256 0.0 3.2572889645894367 0.7274741734445282 0.8536606410188361 0.8398241569653137 0.36246109426805123 0.6020474186208684
238 640 6 5120 1e-05 256 0.0 1.3735113461812338 0.7281427790315029 0.8541974879580241 0.8410326113021208 0.3615718445563759 0.6013084437760507
213 2560 5 7168 1e-05 64 0.0 16.425790083408355 0.7283927617021896 0.8544580363732865 0.8391985312750386 0.36123936600375434 0.6010319176248083
232 1280 4 7168 3.1622776601683795e-05 64 0.0 6.556042536099752 0.7197111469396685 0.8498941721421458 0.8337051012656734 0.3727859692252165 0.6105620109581144
239 1280 4 4096 1e-05 128 0.0 1.5524039586385092 0.7260730940490834 0.8522662323611689 0.8402402577661519 0.3643245388349317 0.6035930241768304
236 2560 4 5120 1e-05 256 0.0 2.6136154254277546 0.7304751465018602 0.8548778854202657 0.8432603798969699 0.3584697808869392 0.5987234594426205
241 640 4 7168 1e-05 256 0.0 1.0688569267590842 0.7284803645876278 0.8535620287441756 0.8403093744388637 0.36112285360521107 0.6009349828435777
242 2560 4 4096 3.1622776601683788e-06 256 0.0 1.9099368095397948 0.7250631497695355 0.8521857940339883 0.8402649554572009 0.3656677711932792 0.6047046975121652
234 2560 5 7168 3.1622776601683788e-06 128 0.0 8.668879330158234 0.7350306641967483 0.8578428533402706 0.8450560126229116 0.3524109131843197 0.5936420749781132
237 2560 5 5120 1e-05 64 0.0 10.170970523357392 0.7321351177776794 0.8559849159786856 0.8431170595644346 0.3562620084615082 0.596876878812966
228 2560 6 7168 1e-05 64 0.0 19.850701971848807 0.7335368001647853 0.8568825842757541 0.843061028981756 0.3543977619118579 0.5953131628914801
247 640 6 5120 3.1622776601683795e-05 256 0.0 1.373341166973114 0.7205149194461524 0.852432703283448 0.8387352836878544 0.37171694664513655 0.6096859409935057
244 640 4 7168 3.1622776601683795e-05 128 0.0 1.7230124791463217 0.7171941915254192 0.8481456826219214 0.8341806608361565 0.37613353604192346 0.6132972656403446
245 640 4 7168 1e-05 128 0.0 1.7260213375091553 0.7260495492626287 0.8543773803061017 0.841683929963532 0.3643558535516707 0.6036189638767744
243 1280 5 5120 1e-05 128 0.0 2.5919020930926004 0.7321972321814515 0.8573050277818606 0.844880548429787 0.3561793959067805 0.5968076707841317
246 2560 6 4096 3.1622776601683795e-05 256 0.0 2.673079077402751 0.7271613851640932 0.8555857775778364 0.8417507611782663 0.36287710468377476 0.6023928159297509
251 1280 4 4096 1e-05 64 0.0 2.886010479927063 0.7268731559015287 0.8535727095289554 0.8405638343811198 0.36326045144848196 0.6027109186405054
252 1280 6 5120 1e-05 128 0.0 3.3740200638771056 0.733320091195796 0.8577035704664464 0.8448665039218921 0.35468598622817443 0.5955551915886339
250 1280 4 7168 1e-05 128 0.0 4.376029173533122 0.7295522645298363 0.8542974771637749 0.8415390245553025 0.3596972198188305 0.5997476301068896
248 1280 6 5120 3.1622776601683795e-05 64 0.1 5.9252269188563025 0.7030902924006188 0.8406596451915286 0.8251262292619995 0.39489181218343544 0.6284041789990225
254 640 5 5120 3.1622776601683788e-06 64 0.1 2.441656152407328 -1.616201412215505 0.8461627042503582 0.8300913867184933 3.4795646294617715 1.865359115414984
259 2560 6 4096 3.1622776601683788e-06 256 0.0 2.665453831354777 0.7304991376932914 0.8548543339341381 0.8431897150107892 0.358437872448723 0.5986968117910124
256 2560 6 4096 3.1622776601683795e-05 256 0.1 2.7712865114212035 -0.10693325061054715 0.8430107979880364 0.8382980976940609 1.4722283108691825 1.213354157230766
260 1280 4 7168 3.1622776601683795e-05 256 0.0 2.371780463059743 0.7269501459625272 0.8543493604575125 0.8380673770249925 0.3631580541743961 0.6026259654000947
258 2560 6 5120 3.1622776601683795e-05 256 0.1 4.374830150604248 0.6440250213366868 0.845922883492082 0.8407033210422086 0.47344900088611475 0.6880763045521294
257 1280 4 7168 3.1622776601683788e-06 64 0.0 6.425698558489482 0.7359145792774997 0.8578574169053268 0.8454464204526138 0.3512353004673211 0.5926510781794977
264 2560 4 4096 3.1622776601683788e-06 128 0.0 3.086343598365784 0.727074141476877 0.8529260098920615 0.8414197383937582 0.36299313934638283 0.6024891196912877
261 640 6 5120 3.1622776601683788e-06 64 0.1 3.375380043188731 -3.7126699379016816 0.8478945223697484 0.8341719982131767 6.26788119205393 2.503573684167081
266 1280 5 7168 3.1622776601683788e-06 256 0.0 2.6939101934432985 0.7307058201660206 0.8567620775453578 0.8433902086549918 0.358162983436631 0.5984671949544361
262 2560 5 5120 3.1622776601683788e-06 128 0.1 5.303068117300669 -3.2813635040353306 0.8523006375982827 0.8378206950123055 5.694240873409753 2.3862608561114507
249 2560 4 7168 3.1622776601683795e-05 64 0.1 13.378694872061411 0.6858981849806701 0.8437765924603885 0.8398384963710122 0.41775742513091174 0.6463415700161268
253 2560 5 7168 1e-05 128 0.1 9.374803769588471 -2.794893343620794 0.8498102345420772 0.8339258322716462 5.047232445249948 2.246604648185779
267 2560 6 5120 3.1622776601683788e-06 256 0.1 4.375324527422587 -4.398551925187834 0.8483686757802902 0.833403531399297 7.180108626762331 2.6795724708920137
263 2560 4 5120 3.1622776601683788e-06 64 0.1 7.917478728294372 -1.7392335348093728 0.8511568017725339 0.8378340391379172 3.643198140271131 1.9087163593030607
272 1280 5 5120 3.1622776601683788e-06 256 0.0 1.6037915070851645 0.7241778750364427 0.851305340372348 0.8373159774214943 0.3668451922565974 0.6056774655347493
273 1280 6 4096 3.1622776601683788e-06 128 0.1 2.3157256126403807 -4.574070732767521 0.8475775447577022 0.8346721817502579 7.413549764668603 2.7227834590118625
265 2560 4 7168 3.1622776601683788e-06 128 0.1 7.3789412895838415 -1.5115360234547386 0.8464844054197822 0.8300987591635826 3.3403589922503696 1.827664901520618
270 640 6 7168 3.1622776601683795e-05 64 0.0 5.374361777305603 0.7254142559054781 0.854383260726836 0.8382232673764048 0.3652007977843861 0.604318457259404
269 2560 5 4096 1e-05 64 0.1 7.366172679265341 -3.4690260170122356 0.8525911121225958 0.8356468189910591 5.943833217248974 2.4379977886062516
271 1280 6 7168 3.1622776601683788e-06 128 0.1 5.329822611808777 -3.9282470154292737 0.8510141614269626 0.8366385971666926 6.554600085479081 2.5601953217438473
255 2560 5 7168 1e-05 64 0.1 16.835473279158276 -2.6277825542301168 0.8474900602298583 0.8324332439010986 4.824974025370563 2.1965823511470184
281 640 4 4096 3.1622776601683795e-05 256 0.1 0.5066914161046346 -0.3104352075879544 0.8432090135400281 0.8250943065747629 1.7428872166470792 1.320184538860791
276 2560 6 5120 3.1622776601683788e-06 256 0.0 4.382964364687601 0.7276832483067892 0.85322223962176 0.8396797307660149 0.3621830233625637 0.6018164366005333
282 1280 5 5120 3.1622776601683788e-06 128 0.0 2.5904927412668863 0.7284078793815489 0.853654636753968 0.8404617628788589 0.3612192593934098 0.6010151906511264
279 1280 4 4096 1e-05 64 0.1 2.9995171070098876 -1.839047389581129 0.8463125187246943 0.8309433096107833 3.775951206213375 1.943180693145487
278 1280 6 7168 3.1622776601683795e-05 256 0.0 3.373765476544698 0.7274741734445282 0.8536606410188361 0.8398241569653137 0.36246109426805123 0.6020474186208684
277 640 4 7168 3.1622776601683795e-05 64 0.0 3.3783257643381757 0.7217345522944161 0.8505912919610197 0.8345095456115889 0.3700948271477873 0.6083541954715093
285 2560 4 5120 1e-05 256 0.1 2.6775240143140158 -1.6172635779434756 0.8495761333803022 0.8338338610191575 3.4809773166808884 1.8657377405950946
280 1280 5 7168 3.1622776601683788e-06 128 0.1 5.37454917828242 -2.136031104945665 0.8492526534794067 0.8337498520073653 4.170941449198329 2.042288287484979
286 1280 4 7168 3.1622776601683788e-06 256 0.0 2.3714221636454265 0.7312138848910803 0.856668716862184 0.8438394485965063 0.35748725409922566 0.5979023784023824
288 1280 4 4096 3.1622776601683795e-05 128 0.0 1.557958980401357 0.7321737083050102 0.8561308746780347 0.8422869591096086 0.35621068281306795 0.5968338820920508
287 1280 4 4096 3.1622776601683788e-06 128 0.0 1.559831964969635 0.7288352867634731 0.8538320234556969 0.8421330593183701 0.3606508048388138 0.6005420924787985
283 2560 4 4096 1e-05 64 0.1 6.023434126377106 -2.216867062095694 0.8466708193548798 0.8298940263634534 4.278453789790537 2.0684423583437215
275 1280 4 5120 1e-05 64 0.0 4.009016271432241 0.7291281817934883 0.8545543394508376 0.8419438086529286 0.36026125257352287 0.600217670994051
284 1280 5 7168 1e-05 128 0.1 5.374430576960246 -2.197119387661798 0.8522499837130451 0.8369191924267901 4.25218925635153 2.0620837171054744
292 2560 5 4096 1e-05 256 0.1 2.355203266938527 -2.8949569225981753 0.851194257726565 0.8372806265472914 5.180317645984627 2.276031117094981
291 1280 4 5120 3.1622776601683795e-05 256 0.0 1.7827521522839864 0.7263998501416489 0.8529006940313738 0.8403756158579908 0.3638899511396405 0.6032329161606158
294 640 5 5120 3.1622776601683795e-05 64 0.0 2.434754478931427 0.7221247346306863 0.8512721669601092 0.8356644391348224 0.3695758821422585 0.6079275303375054
290 1280 6 4096 3.1622776601683795e-05 64 0.1 4.3382521867752075 0.7072447612671988 0.8427292538409921 0.8302932811272628 0.389366341990332 0.6239922611622134
268 2560 6 7168 3.1622776601683795e-05 64 0.1 21.375421257813773 0.6828839501648929 0.832826525414959 0.816213569806909 0.42176637673566936 0.6494354292273169
274 2560 5 7168 3.1622776601683795e-05 64 0.1 17.375211290518443 0.6930036410225817 0.8333888147694979 0.8209616456177492 0.40830712309981015 0.6389891416133846
295 2560 5 7168 3.1622776601683795e-05 256 0.0 5.357303802172343 0.7264629299661381 0.8529902892415575 0.8388193664240976 0.3638060545691775 0.6031633730335235
299 640 6 4096 3.1622776601683795e-05 256 0.1 0.7161808649698893 -2.1585715638946947 0.8501157773364515 0.8347376490626507 4.200920403924319 2.0496146964549995
301 640 6 4096 3.1622776601683795e-05 128 0.0 1.1188425858815512 0.7297134275965346 0.8548431482405323 0.8421453713016692 0.35948287190821454 0.5995689050544687
304 640 5 4096 3.1622776601683788e-06 128 0.0 0.9508963425954183 0.7327329849397879 0.8564083995515833 0.8453735806951318 0.3554668413078342 0.596210400200998
296 640 5 4096 1e-05 128 0.0 0.9817410786946614 0.7323967573285767 0.8561251702319467 0.8448297891453475 0.35591402618356904 0.5965853050348869
298 2560 6 4096 3.1622776601683788e-06 256 0.1 2.746275818347931 -4.646751482109034 0.8488798491465358 0.8354370729282694 7.510215626658694 2.740477262569185
303 2560 4 4096 1e-05 128 0.1 3.278424024581909 -1.9325448720208915 0.847582406926319 0.8319367097243365 3.9003034565111134 1.974918594907424
306 1280 5 4096 3.1622776601683788e-06 64 0.1 3.6220830996831257 -2.995580993718999 0.850458361118638 0.8386791793807251 5.314148304858846 2.305243654119635
289 2560 4 7168 3.1622776601683788e-06 64 0.0 13.371443561712901 0.735547333616153 0.8576994394435542 0.8448139015261802 0.35172373954834096 0.5930630148208038
293 1280 5 7168 3.1622776601683788e-06 256 0.1 3.3845001618067423 -1.342750901932673 0.8450835142562954 0.8278008417537089 3.1158736999156953 1.765183758115765
300 2560 4 7168 3.1622776601683788e-06 256 0.0 4.237665700912475 0.734972746940062 0.8574865197194025 0.8446530716365578 0.3524879435065497 0.5937069508659552
308 1280 5 4096 1e-05 128 0.1 1.9841458439826964 -2.8852210545495094 0.8465583161694077 0.8311853101208386 5.167368879142338 2.273184743733412
305 1280 4 7168 3.1622776601683788e-06 128 0.0 4.373693291346232 0.7350972546149647 0.8577060260220716 0.844636004426176 0.35232234750172176 0.5935674751043235
310 1280 4 5120 3.1622776601683795e-05 128 0.1 2.213665441672007 -0.6668013850043484 0.848397760979974 0.8336498079275039 2.216856514379589 1.488911184181108
307 640 6 7168 3.1622776601683788e-06 128 0.1 2.6601632833480835 -2.8016358726479873 0.844266742109653 0.8288516363522823 5.056200052027697 2.248599575742132
309 1280 6 7168 3.1622776601683788e-06 256 0.1 3.3752913951873778 -3.2969237340337516 0.8476721160187164 0.8305792582722754 5.714936078937887 2.3905932483251697
318 640 5 4096 3.1622776601683795e-05 256 0.0 0.5937219500541687 0.7290009220179127 0.8545605772189314 0.8423028835910015 0.3604305088898671 0.6003586502165744
320 640 4 4096 3.1622776601683795e-05 128 0.1 0.8241137623786926 -0.676646415970779 0.8461446021129266 0.831036899686775 2.2299504686014617 1.4933018678758363
317 1280 4 4096 3.1622776601683788e-06 256 0.0 0.9479224801063537 0.7210780877909657 0.8495655726935878 0.837509540967313 0.37096792914063753 0.6090713662130551
316 640 4 5120 1e-05 64 0.1 1.9955276131629944 -0.8081012908098404 0.850552743225352 0.8347996881880769 2.404786293826773 1.55073733876075
312 1280 6 5120 3.1622776601683795e-05 256 0.1 2.379407048225403 -0.47607005098499156 0.8491316060801208 0.834160865821092 1.9631826189046238 1.4011361885643465
322 640 4 7168 3.1622776601683795e-05 128 0.1 1.7890239278475444 -0.0860664953694863 0.8441456606695612 0.8275641862663434 1.44447539279131 1.2018633003762575
319 640 6 5120 3.1622776601683795e-05 64 0.0 2.867094699541728 0.7246360315925138 0.8520581662324641 0.8362889220961087 0.36623584110350305 0.6051742237599872
326 640 4 7168 1e-05 128 0.1 1.750326681137085 -0.21291229226775132 0.8496118849454035 0.8318266759813793 1.613181114844004 1.2701106703134195
329 640 5 5120 3.1622776601683788e-06 256 0.0 0.8149068752924601 0.722230436659284 0.8500125758130246 0.8354461041735037 0.36943529776742645 0.6078118934073489
313 1280 4 5120 1e-05 64 0.1 3.986993126074473 -1.641675217092169 0.8429929051502524 0.827654093234207 3.513444953053367 1.8744185639961441
325 640 6 7168 3.1622776601683795e-05 256 0.0 2.378392509619395 0.7246038295695358 0.8519077398055144 0.8381924505559318 0.3662786700002492 0.6052096083178532
315 2560 4 5120 1e-05 128 0.1 4.321091508865356 -1.6812988431078968 0.8511535868656521 0.8352942686668903 3.5661446293594783 1.88842384791113
297 2560 5 5120 3.1622776601683795e-05 64 0.0 9.817643892765044 0.7283110577094605 0.8543535508120036 0.8389895961812088 0.36134803283722466 0.6011223110459507
328 640 6 4096 1e-05 64 0.0 2.0843733588854474 0.7293660036369092 0.8548491575932093 0.8418780833049578 0.3599449479990291 0.5999541215784996
332 640 4 5120 3.1622776601683788e-06 128 0.0 1.371134360631307 0.721687106438577 0.849780279181914 0.8365204168719116 0.37015793043984296 0.6084060572018025
327 1280 4 7168 3.1622776601683795e-05 128 0.0 3.431887193520864 0.7197058249589151 0.8506761393946728 0.8349355623510719 0.3727930474936946 0.610567807449504
311 2560 5 7168 1e-05 128 0.0 9.37337528069814 0.7327892589766749 0.8563680155761786 0.8425912567806679 0.3553919964784587 0.596147629768381
302 2560 6 5120 1e-05 64 0.0 12.374466411272685 0.730969122607039 0.8560077099627815 0.8411966850675825 0.3578127895041833 0.5981745476900395
331 1280 6 4096 3.1622776601683795e-05 128 0.1 2.383224586645762 0.5045131509251731 0.8465717039268008 0.8426168391651278 0.659000681810737 0.8117885696477483
341 640 5 4096 1e-05 256 0.0 0.5881249745686848 0.7329301795285126 0.8569839927646788 0.8463321828678636 0.3552045712422177 0.5959904120388329
338 640 5 5120 3.1622776601683795e-05 256 0.1 0.8480060935020447 -0.8583724440863154 0.8488919709403657 0.8306617559328244 2.471647249564482 1.5721473371044083
342 1280 4 4096 3.1622776601683795e-05 256 0.0 0.9508887092272441 0.7266195510570876 0.8531553394553988 0.8414129188820506 0.3635977475153891 0.6029906695093955
343 640 5 7168 1e-05 256 0.0 1.3534289280573526 0.7288943459248511 0.8538541677907269 0.8409883029071343 0.3605722557760324 0.6004766904518712
324 2560 4 7168 1e-05 128 0.1 7.373641308148702 -1.7425570343569294 0.8454161868087937 0.8311821768316756 3.647618415949339 1.9098739267159335
334 1280 6 5120 1e-05 128 0.1 3.181265103816986 -3.7972258080249324 0.8538931663463138 0.8378052128776181 6.380341040718667 2.525933696817608
339 1280 5 7168 1e-05 256 0.1 3.374903591473897 -1.9151687848201306 0.8479984786881061 0.8323103452414606 3.8771931492771574 1.9690589501782716
335 1280 4 7168 3.1622776601683795e-05 128 0.1 3.5127801299095154 -0.3123198941643923 0.8490611764148608 0.8334044160927077 1.7453938618611577 1.3211335518641398
340 2560 4 7168 1e-05 256 0.1 4.345299220085144 -1.263997615743666 0.8479345868247347 0.8329143328053987 3.0111313250367324 1.735261169114532
350 640 4 7168 3.1622776601683788e-06 256 0.1 1.089507778485616 0.13396609004627635 0.8447785058121656 0.8243879894729859 1.1518306453468241 1.0732337328591681
349 640 6 4096 3.1622776601683788e-06 128 0.0 1.1253360708554585 0.7314799419023896 0.8564246135844769 0.8456879786159636 0.35713339657065407 0.5976063893321875
344 1280 5 5120 3.1622776601683795e-05 128 0.1 2.6938594778378806 -0.4781243514290281 0.8489618406562267 0.835100741983297 1.965914851648625 1.4021108556917405
330 2560 5 7168 3.1622776601683795e-05 128 0.0 9.373232861359915 0.7234343124301409 0.8516899426560837 0.836103541964339 0.36783413528391856 0.6064933101724359
321 2560 4 7168 3.1622776601683795e-05 64 0.0 13.372956256071726 0.724830514584404 0.8529627826395323 0.8366650273823375 0.3659771774790384 0.6049604759643711
352 640 6 5120 3.1622776601683788e-06 128 0.1 2.3765238523483276 -3.215356890224845 0.8448078844850471 0.8255950430452259 5.606451654409596 2.367794681641463
345 1280 5 4096 1e-05 64 0.1 3.6520374615987143 -3.064355424224823 0.851231903545337 0.8343625390565087 5.405618737785793 2.3249986532868774
337 2560 5 4096 3.1622776601683795e-05 64 0.0 7.191955486933391 0.7282800291938643 0.8541598011371614 0.8395776224015286 0.3613893009616393 0.6011566359624081
333 1280 6 7168 1e-05 64 0.0 10.373483375708263 0.7348525282356021 0.8575894003943976 0.8441026817484185 0.35264783515322684 0.5938415909594299
323 2560 4 7168 1e-05 64 0.1 13.267827471097311 -1.7523644105614342 0.8471396232762372 0.8310951451173968 3.6606622890967517 1.9132857311694853
346 2560 4 7168 3.1622776601683795e-05 256 0.0 4.267967927455902 0.724215611259859 0.8518778732066562 0.8368282533166139 0.36679500283783334 0.6056360316541886
347 1280 4 7168 1e-05 128 0.1 4.377708673477173 -1.0264115936432545 0.8499085098866412 0.8346539718108874 2.6951403944091723 1.641688275650762
314 2560 5 7168 3.1622776601683788e-06 128 0.0 9.388895221551259 0.7350306641967483 0.8578428533402706 0.8450560126229116 0.3524109131843197 0.5936420749781132
351 1280 5 4096 3.1622776601683795e-05 64 0.1 3.6794457038243613 0.6078454720292061 0.8445264066135816 0.8418899898037772 0.5215680331182586 0.7221966720487284
336 2560 5 7168 3.1622776601683795e-05 128 0.1 9.374623131752013 0.7029159335218929 0.8390709598010753 0.8319899019156556 0.39512371060853946 0.6285886656697999
353 640 6 7168 1e-05 64 0.1 5.026749185721079 -2.474922047166127 0.8524371906066464 0.837576851390978 4.621668572228472 2.1498066360090324
355 1280 4 7168 3.1622776601683795e-05 256 0.1 2.22336878379186 -0.2090703395235347 0.8495481150713726 0.8331789667218779 1.6080712930946461 1.2680975093007028
360 640 5 5120 3.1622776601683795e-05 64 0.1 2.480444653828939 0.6126937106808117 0.8541402614723599 0.842332410233584 0.5151198446689487 0.7177184996006085
359 1280 4 7168 3.1622776601683788e-06 256 0.1 2.3770867069562276 -0.15308514418330188 0.8467938619739688 0.8296342951229586 1.5336106248258317 1.2383903362130342
364 1280 6 5120 3.1622776601683788e-06 128 0.0 3.072482697168986 0.7292526152503234 0.853984443140855 0.8408759837061994 0.3600957552792002 0.600079790760529
348 1280 5 7168 3.1622776601683795e-05 64 0.0 8.189061828454335 0.7233818185025911 0.8521565834358528 0.8367282829612036 0.36790395254367186 0.6065508655864501
357 640 6 5120 3.1622776601683788e-06 64 0.0 3.3752017696698506 0.7266190562859716 0.8536652586412241 0.8402862986857345 0.3635984055641415 0.6029912151633235
361 1280 5 7168 1e-05 256 0.0 3.3729766964912415 0.7288971090719953 0.8537784282163476 0.8400479475359984 0.36056858077263854 0.6004736303724241
365 640 4 7168 3.1622776601683788e-06 64 0.1 3.242805047829946 -0.09511567970082879 0.8520208793931883 0.8353261544919013 1.4565108658928072 1.206859919747444
354 2560 4 7168 3.1622776601683788e-06 256 0.1 4.373958837985993 -0.6333715352302118 0.8452939510780033 0.8274060841814043 2.17239460013278 1.4739045424086257
366 2560 4 5120 3.1622776601683788e-06 128 0.1 4.263793448607127 -1.5538134628629532 0.8476578708768918 0.8323861339769782 3.3965882573605284 1.842983520642691
370 640 4 4096 1e-05 256 0.1 0.5028875509897868 0.012430269146090134 0.8418278039712952 0.8238992332257928 1.3134740653229515 1.1460689618530604
375 640 5 4096 3.1622776601683788e-06 256 0.0 0.5805054346720377 0.7299073761473418 0.8549015672278607 0.8435664469548507 0.3592249190938123 0.5993537512135987
362 2560 6 5120 3.1622776601683795e-05 128 0.0 6.37340350151062 0.7296826358835053 0.855366611593454 0.8407637382297152 0.359523825083699 0.5996030562661426
372 1280 5 5120 3.1622776601683795e-05 256 0.1 1.647109858194987 -1.1535859876022019 0.8481101613345441 0.8334944705094732 2.86428315265654 1.692419319393554
377 640 6 7168 1e-05 256 0.1 2.378285614649455 -2.137167340954635 0.8475751086988006 0.8326336638208504 4.172452650365438 2.042658231414506
382 2560 4 4096 1e-05 256 0.0 1.878089972337087 0.7279951913078486 0.8535446823719559 0.8406620353497088 0.361768137173822 0.6014716428675769
356 640 6 4096 3.1622776601683795e-05 64 0.1 2.239707899093628 0.6650853323074088 0.8494068968422437 0.8446501963829729 0.4454386524484794 0.6674119061332959
381 2560 6 4096 1e-05 256 0.0 2.6522141734759015 0.7313701009466452 0.8553525521855128 0.8443373835378353 0.35727948574509216 0.5977286054264863
358 2560 5 7168 3.1622776601683788e-06 128 0.1 9.378310883045197 -2.8860735420172587 0.8526505081231323 0.8379867224757157 5.168502692932817 2.2734341188899267
363 2560 5 5120 1e-05 64 0.0 9.704345393180848 0.7321351177776794 0.8559849159786856 0.8431170595644346 0.3562620084615082 0.596876878812966
374 1280 6 4096 1e-05 64 0.1 4.329265141487122 -4.269422988633449 0.8523881295987652 0.8394180826897968 7.008366314348336 2.6473319237202455
383 1280 5 4096 3.1622776601683788e-06 128 0.0 1.8876800974210104 0.7322201519875369 0.8566426000293288 0.8449636727481686 0.3561489124179341 0.5967821314499405
371 2560 4 5120 3.1622776601683795e-05 128 0.1 4.374645332495372 -0.2891291768513533 0.8492355944493364 0.8341160044927237 1.7145500593475116 1.309408285962599
379 1280 6 7168 3.1622776601683788e-06 128 0.0 5.241756598154704 0.7327245984096287 0.8560164698074262 0.8450832169452909 0.35547799544664377 0.5962197543243966
386 640 4 4096 1e-05 64 0.0 1.4402361631393432 0.7278487031271672 0.8535354404446329 0.8414811139991263 0.36196296739207406 0.6016335823340266
376 2560 5 7168 3.1622776601683788e-06 256 0.1 5.425780646006266 -2.478859981524127 0.8482572176912964 0.8322381321418112 4.62690605013872 2.151024418768583
378 2560 4 4096 3.1622776601683788e-06 64 0.0 5.744552536805471 0.7313308823892943 0.855296999548677 0.8439359170404993 0.3573316466774804 0.5977722364558933
368 1280 6 7168 3.1622776601683795e-05 64 0.0 10.37375429868698 0.7255771704326643 0.8538624637385787 0.8369104560793593 0.3649841204201067 0.6041391565029589
373 2560 6 7168 3.1622776601683788e-06 256 0.1 6.573992629845937 -4.069549171629475 0.8514030377066276 0.8369810841033145 6.742532857965637 2.59663876154648
367 2560 6 5120 3.1622776601683795e-05 64 0.0 12.373974577585857 0.7294728918883071 0.8551499755491321 0.8389474626575236 0.35980278594027765 0.5998356324363181
393 640 5 4096 3.1622776601683795e-05 128 0.0 0.9533715645472208 0.7271806695458389 0.8541842176873844 0.8423627109829009 0.36285145633257737 0.6023715268275696
391 1280 4 5120 3.1622776601683795e-05 256 0.1 1.338055165608724 -0.8402253528975627 0.842843211755296 0.8269078174800462 2.4475115020898532 1.5644524607957422
392 2560 4 4096 3.1622776601683788e-06 256 0.1 1.9488594651222229 -0.7869006946807302 0.839615897926486 0.8231698035086608 2.3765893652302523 1.541619072673354
389 1280 4 5120 1e-05 128 0.0 2.371297800540924 0.7279964334001268 0.8539815260515748 0.8420500087244396 0.3617664851831391 0.6014702695754289
387 1280 4 4096 3.1622776601683788e-06 64 0.0 2.8732731540997825 0.7286455029822841 0.8536399860304851 0.8414230928562737 0.3609032184829573 0.6007522105518691
394 1280 4 4096 3.1622776601683788e-06 64 0.1 2.9762224356333413 -1.0468979001589416 0.8430440170106763 0.8269297136419612 2.722387313246331 1.6499658521455318
397 1280 4 4096 3.1622776601683788e-06 256 0.1 0.9879575212796529 -0.10395991377030755 0.8392566221699602 0.8205062496845853 1.4682737538337545 1.2117234642581427
401 640 4 5120 3.1622776601683795e-05 128 0.1 1.089009658495585 -0.6410625983598324 0.8463921940652945 0.83264767146652 2.182623763340105 1.477370557219855
399 640 4 5120 3.1622776601683788e-06 64 0.0 1.9185039520263671 0.7277015932795567 0.8533203582962866 0.8400268992052684 0.36215862443132224 0.6017961651849588
398 640 4 5120 1e-05 64 0.0 1.9338094313939413 0.7297800783435129 0.8546610208100494 0.8419059511473952 0.35939422598797677 0.5994949757820968
406 1280 5 4096 3.1622776601683788e-06 256 0.1 1.1912529349327088 -1.6115421484186236 0.8400363171911271 0.8229125788994962 3.473367778779228 1.8636973409808868
369 2560 6 7168 3.1622776601683788e-06 128 0.1 11.376943993568421 -4.1634163386078695 0.8510186614261106 0.8359137383655159 6.867376791066801 2.6205680283226385
404 640 5 7168 3.1622776601683788e-06 128 0.0 2.178042733669281 0.734278003713517 0.8573078682320379 0.8441594127133805 0.35341195644620976 0.5944846141374979
395 2560 5 7168 3.1622776601683788e-06 256 0.0 5.341899744669596 0.7319219272162671 0.8560888675851356 0.8428919050914082 0.35654555327321946 0.597114355273108
390 2560 6 5120 1e-05 128 0.0 6.378161299228668 0.7328762034773347 0.8563314398180851 0.842409968355923 0.3552763597358863 0.5960506352113772
405 1280 5 7168 3.1622776601683795e-05 256 0.1 2.7493987480799356 -0.5313665450559752 0.847090672358828 0.8309706613820645 2.0367273100756673 1.4271395552207455
403 2560 5 4096 3.1622776601683788e-06 128 0.0 3.7644764105478923 0.7351686890127838 0.8574871300606158 0.845816443471644 0.35222733929523675 0.5934874381949771
402 2560 6 4096 1e-05 128 0.0 4.445935602982839 0.7338142807386457 0.8569143010480329 0.8459933452915609 0.35402871097194955 0.5950031184556511
385 2560 5 4096 1e-05 128 0.0 3.9090640862782795 0.7328080005294835 0.8574008368990448 0.8449832834521059 0.3553670700932235 0.5961267231832704
384 2560 6 7168 1e-05 128 0.0 11.373633225758871 0.7349290575964522 0.8579063302921035 0.8457576482220572 0.35254605061328814 0.5937558846978177
411 640 4 4096 3.1622776601683788e-06 256 0.1 0.4994567235310872 0.18410820706295783 0.8395773199974537 0.8198180687977276 1.0851413086608435 1.0417011609194085
400 2560 5 5120 3.1622776601683795e-05 128 0.1 5.391012871265412 0.45203498091146865 0.8480274976944333 0.8405640186922471 0.7287969839402177 0.853696072346721
408 1280 5 4096 3.1622776601683795e-05 256 0.1 1.2298615058263143 -2.3737333818156787 0.8423101258618904 0.8272962347495741 4.487086999413825 2.118274533532853
415 640 4 7168 1e-05 256 0.0 1.3727890729904175 0.7284803645876278 0.8535620287441756 0.8403093744388637 0.36112285360521107 0.6009349828435777
418 640 6 4096 3.1622776601683795e-05 256 0.0 0.6791090806325276 0.7309070716260653 0.855060190280136 0.8415672241577689 0.35789531770618327 0.5982435270909191
420 640 5 4096 3.1622776601683788e-06 64 0.1 1.8140801469484964 -1.7891569564791752 0.844702906974915 0.8288164329269809 3.709596610745483 1.9260313109462897
417 640 4 5120 3.1622776601683795e-05 64 0.1 1.997822916507721 -0.4032531017923382 0.8497738293161531 0.8354906337418428 1.8663356102404451 1.366138942509306
416 640 4 7168 3.1622776601683788e-06 128 0.1 2.3737347801526387 0.1311464742649736 0.8465682481765642 0.8291009692951038 1.155580752389609 1.0749794195190943
414 2560 5 4096 3.1622776601683788e-06 128 0.1 3.949740727742513 -3.320184288336544 0.852006049757152 0.8373970743174762 5.745872765095064 2.397055019204829
388 2560 6 7168 3.1622776601683788e-06 128 0.0 11.374663650989532 0.7321966812496639 0.8561656649248035 0.8450136579258737 0.3561801286495857 0.5968082846690265
412 1280 5 7168 3.1622776601683788e-06 128 0.0 4.3246341665585835 0.7332606249175521 0.8564676465690886 0.843331339680954 0.3547650767589941 0.5956215885602151
410 2560 6 4096 3.1622776601683795e-05 128 0.1 4.6798447092374165 0.6434369129656492 0.8441146384060823 0.8329964249814678 0.47423118878518017 0.6886444574562263
380 2560 5 7168 1e-05 64 0.0 17.37460190852483 0.7283927617021896 0.8544580363732865 0.8391985312750386 0.36123936600375434 0.6010319176248083
396 2560 6 5120 3.1622776601683788e-06 64 0.1 12.374644724527995 -4.356413308858706 0.852632743701792 0.8376711081014444 7.124063997236223 2.6690942278676157
429 640 5 5120 3.1622776601683788e-06 128 0.1 1.3261144121487936 -1.1195982204187223 0.83859757388701 0.8203442402037486 2.819079204683028 1.6790113771749815
413 1280 6 7168 3.1622776601683795e-05 128 0.0 5.373607468605042 0.7298392527399098 0.8550066427630265 0.8403836518231381 0.35931552366188263 0.5994293316662797
427 640 5 4096 1e-05 64 0.1 1.8285500526428222 -2.467917704991128 0.8508014875208039 0.8382535312634964 4.612352752287784 2.147638878463459
436 640 4 5120 3.1622776601683788e-06 256 0.0 0.6594133098920186 0.7197253447606677 0.8486177084658068 0.8350776293679422 0.3727670860323806 0.6105465469826036
421 2560 5 7168 1e-05 256 0.0 5.373100121815999 0.7324903249228236 0.8559922854149944 0.8422750526107894 0.35578958068411876 0.5964809977561052
431 1280 5 4096 1e-05 256 0.1 1.1915964365005494 -2.6694946618709117 0.8487462959084171 0.8351259188832768 4.8804513956103035 2.2091743696707833
433 640 5 7168 3.1622776601683795e-05 256 0.1 1.4077372392018637 -0.2898408580448477 0.85222210770834 0.8359017581422458 1.715496599891666 1.3097696743670872
409 2560 5 4096 3.1622776601683788e-06 64 0.0 7.028499138355255 0.7357619839437257 0.8577721412697581 0.8479509874983393 0.3514382532382897 0.5928222779537639
441 640 5 4096 3.1622776601683788e-06 256 0.1 0.5996222933133443 -0.6510670478915059 0.833182760395951 0.8142315248068851 2.1959297452744875 1.4818669796154065
428 640 5 7168 1e-05 64 0.0 4.073561561107636 0.7292753102952114 0.8543181834880769 0.8418051329607995 0.3600655707241855 0.6000546397822331
437 2560 4 5120 3.1622776601683788e-06 256 0.1 2.623888882001241 -0.7032706890374507 0.8443694978332237 0.8272084657907864 2.2653609222520736 1.505111597939526
419 1280 6 5120 3.1622776601683795e-05 256 0.0 1.934287142753601 0.725020857030023 0.8522249554467862 0.8375947295703197 0.3657240208076259 0.6047512057099398
430 2560 5 7168 1e-05 256 0.1 5.473360296090444 -2.4430203686392633 0.8494232806335732 0.8333835889353306 4.579239135525228 2.139915684209363
438 1280 5 5120 3.1622776601683788e-06 128 0.1 2.6476478695869448 -2.4590479129350613 0.8446068108165541 0.8289852250572997 4.60055587206103 2.1448906433804567
434 1280 6 4096 3.1622776601683788e-06 64 0.1 4.296473197142283 -4.410750416172642 0.8482538505809668 0.8343222117818705 7.196332697877559 2.682598124557154
423 2560 4 4096 1e-05 64 0.0 5.785036313533783 0.7273309393944692 0.8532593961126289 0.8396345376776178 0.3626515964717397 0.6022056097976336
425 2560 4 4096 3.1622776601683788e-06 64 0.1 6.113654943307241 -1.9091302244614643 0.8495324707178653 0.8337208782981644 3.8691618253359734 1.967018511691228
442 2560 4 4096 3.1622776601683788e-06 128 0.1 3.216628070672353 -1.6429838332954985 0.8443872272288285 0.8297353713451325 3.5151854209827036 1.874882775264284
424 2560 5 7168 3.1622776601683795e-05 256 0.1 6.374259046713511 0.6306781141457509 0.8511647852327451 0.8421022056356716 0.4912004729086611 0.7008569560963643
445 640 5 5120 1e-05 64 0.0 2.413925377527873 0.7308188430582059 0.8552109922906681 0.8425088697067954 0.35801266226635287 0.598341593294627
447 1280 5 4096 3.1622776601683788e-06 256 0.0 1.1411035219828287 0.7331978202539198 0.8563746352618775 0.8450519577781126 0.3548486073637556 0.5956917049647037
443 2560 4 4096 3.1622776601683795e-05 128 0.1 3.25605624516805 -2.006731762392139 0.8476669224872735 0.8293508983337272 3.998972495714387 1.9997431074301486
407 2560 6 7168 3.1622776601683795e-05 128 0.0 11.375346891085307 0.7300576745824265 0.8553148276223231 0.8398052835058852 0.35902502121280727 0.5991869668248861
450 640 6 5120 1e-05 256 0.1 1.3749416629473368 -3.1127062905440326 0.8468269287744219 0.830931218800837 5.469925699574979 2.33878722836751
452 640 5 7168 3.1622776601683795e-05 256 0.0 1.3568588336308798 0.7237839706448339 0.8540044202713093 0.8412091076375579 0.36736908761955833 0.606109798320039
435 2560 6 7168 3.1622776601683795e-05 256 0.0 7.373647713661194 0.7180997083608378 0.8517240182795704 0.8363808564863717 0.3749291928529039 0.612314619172941
454 640 4 4096 3.1622776601683795e-05 64 0.0 1.4525707562764485 0.7278108972970244 0.8544329854247763 0.8401979399313394 0.3620132493882301 0.6016753687730869
451 640 4 4096 3.1622776601683795e-05 64 0.1 1.506675660610199 -0.6994577256752621 0.8444869402454657 0.8253001821038808 2.260289656566428 1.5034259730916013
459 640 4 4096 1e-05 128 0.0 0.7861369132995606 0.7230455710521735 0.8513994615414193 0.8376232977950404 0.36835116380567823 0.6069194047035226
449 1280 5 7168 3.1622776601683795e-05 256 0.0 3.373093032836914 0.7242176362890127 0.8533204966954462 0.8384024546542995 0.3667923095360929 0.6056338081184809
440 1280 6 7168 3.1622776601683795e-05 128 0.1 6.380136434237162 0.7067576647543579 0.8455280099510549 0.8394944612209216 0.39001418347122946 0.6245111556019072
446 1280 5 4096 3.1622776601683788e-06 64 0.0 3.5208480914433795 0.7355256211484054 0.8577528940682261 0.8465699442219924 0.3517526172694676 0.5930873605713307
457 1280 6 4096 3.1622776601683788e-06 256 0.0 1.3355210145314536 0.7328877712973627 0.8564166354930425 0.8443913129736634 0.3552609744611818 0.5960377290584731
432 1280 5 7168 3.1622776601683788e-06 64 0.0 8.374702302614848 0.734131684059081 0.8568196560728634 0.8436676337637009 0.3536065625234764 0.5946482679058911
426 2560 5 5120 1e-05 64 0.1 9.96313072045644 -3.477164921270802 0.8503548829481367 0.8336588760349637 5.954658012025268 2.440216796111622
461 640 6 5120 1e-05 128 0.1 1.593829329808553 -3.356918906158917 0.8488080638239284 0.8338714973513381 5.79473004200605 2.407224551637435
422 2560 4 7168 3.1622776601683788e-06 64 0.1 13.373616604010264 -1.7289668352059002 0.848826870247329 0.8335734293963792 3.6295433640621004 1.9051360487015359
462 1280 5 4096 3.1622776601683795e-05 128 0.1 1.9975266853968303 -1.896365426268681 0.8483755691680513 0.8331765338149986 3.8521845620081425 1.9626982860358702
444 1280 4 7168 3.1622776601683795e-05 64 0.0 6.543731792767843 0.7197111469396685 0.8498941721421458 0.8337051012656734 0.3727859692252165 0.6105620109581144
460 640 6 5120 3.1622776601683788e-06 128 0.0 2.3734679222106934 0.7297027713830271 0.854469792294452 0.8413349552752316 0.3594970447404099 0.5995807241234578
453 640 4 7168 1e-05 64 0.1 3.3748595476150514 -0.4891060494081687 0.8469029659626062 0.8317447681164375 1.9805205802753403 1.4073096959359515
470 640 5 4096 3.1622776601683795e-05 256 0.1 0.6108327388763428 -1.1737879341902735 0.8452431327124847 0.8284157773986046 2.891151870969249 1.700338751828367
469 640 6 4096 1e-05 256 0.0 0.6837785720825196 0.7240877925770846 0.8543335835750966 0.8427448248118776 0.36696500250433073 0.6057763634414359
464 640 5 5120 3.1622776601683788e-06 256 0.1 0.8153528173764547 -0.6748347934165233 0.8396719555941271 0.8212479176605655 2.2275409990047055 1.492494890780101
465 640 6 4096 3.1622776601683795e-05 128 0.1 1.1904606461524962 -1.3261432296247073 0.847972594152546 0.8330723243036616 3.093785389409222 1.7589159699682138
463 1280 4 5120 1e-05 256 0.1 1.3307847778002422 -0.6370213078527263 0.8446580995139228 0.8271657424714942 2.1772488210897687 1.4755503451559249
466 640 5 5120 3.1622776601683788e-06 128 0.0 1.3054386019706725 0.7255084714578861 0.8528194049617336 0.8385800937187254 0.36507549049643295 0.6042147718290517
439 2560 6 4096 1e-05 64 0.1 8.71813822587331 -2.5494935419140625 0.8508552788759332 0.8382913857883193 4.720849137715315 2.172751513108509
458 1280 4 5120 3.1622776601683788e-06 64 0.1 3.929561777909597 -0.9145396996655935 0.8459105706788483 0.8293911518839147 2.5463500591169357 1.5957286922020721
479 640 4 5120 3.1622776601683795e-05 256 0.0 0.6576841394106547 0.7274399691940627 0.8539678575827316 0.8402247387692391 0.36250658614017606 0.6020851984064847
475 640 5 5120 3.1622776601683795e-05 256 0.0 0.8002240856488546 0.7118069680243099 0.8567090314308909 0.8422024340266603 0.38329857779212684 0.6191111190990893
455 640 5 7168 3.1622776601683788e-06 64 0.1 4.113587041695912 -1.475770750211891 0.8467778016244356 0.8311519866690351 3.2927909498367467 1.8146049018551522
477 1280 4 4096 3.1622776601683795e-05 256 0.1 0.994270940621694 -1.283899505695512 0.8409015304362404 0.824874865746681 3.0376009661020356 1.7428714714809108
485 640 5 4096 3.1622776601683795e-05 128 0.1 1.0046345750490824 -1.6002148163812988 0.8454925372557713 0.8303589696130081 3.4583023546420746 1.859651137886371
476 640 6 7168 1e-05 256 0.0 2.3750823736190796 0.7264239375434702 0.8560336041071033 0.8429685785203368 0.36385791474098955 0.6032063616549395
480 640 5 4096 3.1622776601683795e-05 64 0.1 1.8408636411031087 0.2253241425480783 0.8502676490807722 0.835773514459918 1.0303238505650787 1.0150486936916272
473 1280 6 7168 3.1622776601683788e-06 256 0.0 3.2440781156222025 0.7329407143187694 0.8563283270169258 0.843310770559155 0.3551905599037231 0.59597865725521
472 2560 6 5120 1e-05 256 0.1 3.9282466610272726 -4.2276658193502845 0.8521961659187421 0.8377725529458727 6.9528290118357186 2.6368217633802478
467 640 6 7168 1e-05 64 0.0 5.37686562538147 0.7314110553446871 0.856085225584712 0.8437122739187165 0.3572250161334706 0.597683039857641
484 2560 5 5120 3.1622776601683795e-05 256 0.0 3.1800259709358216 0.7267900477214482 0.853130972249987 0.838296033409436 0.3633709858601205 0.6028026093673786
482 640 6 5120 1e-05 64 0.0 3.3732753435770673 0.7283390663778682 0.8554518661245833 0.8431057428612225 0.36131078112890647 0.6010913251153326
456 1280 5 7168 1e-05 64 0.1 8.410354737440745 -2.1065306394324392 0.8486140508169905 0.8341390065214022 4.131705641177894 2.032659745549632
471 2560 5 5120 1e-05 128 0.0 5.180733549594879 0.7343950816370488 0.8572978249527905 0.8455631631206022 0.35325624205827694 0.5943536338395492
483 1280 6 5120 1e-05 64 0.1 6.374854596455892 -4.137675709348232 0.852172531168817 0.8377960341834819 6.833141589337408 2.6140278478504024
474 1280 4 7168 3.1622776601683788e-06 64 0.1 7.373602386315664 -0.8937939238134316 0.8456607671308178 0.8305878103085789 2.518758044400915 1.587059559185135
448 1280 4 7168 1e-05 64 0.1 7.3864788055419925 -1.0519433074311975 0.8467405945327757 0.832636686523337 2.7290977372235523 1.65199810448546
481 2560 4 5120 1e-05 64 0.1 8.032877099514007 -2.0134557193428986 0.8457373832553232 0.8297479045017843 4.007915401511565 2.0019778723831
468 2560 6 7168 1e-05 64 0.0 19.864984858036042 0.7335368001647853 0.8568825842757541 0.843061028981756 0.3543977619118579 0.5953131628914801
478 2560 6 7168 3.1622776601683788e-06 64 0.1 20.193775486946105 -4.2248888104364015 0.8529236238814926 0.8388049164317225 6.949135572199409 2.6361213121173708
