epochs hidden_layers neurons learning_rate batch_size dropout
20480 2 2048 3.1622776601683795e-05 32 0.2
1280 5 512 3.162277660168379e-06 32 0.0
10240 2 4096 3.1622776601683795e-05 512 0.0
640 4 128 3.162277660168379e-06 32 0.0
20480 2 32 3.162277660168379e-06 512 0.0
160 1 64 3.162277660168379e-06 512 0.05
40 2 1024 3.162277660168379e-06 8 0.0
40960 5 64 3.1622776601683795e-05 128 0.2
163840 3 64 3.1622776601683795e-05 8 0.15
2560 4 256 3.1622776601683795e-05 32 0.1
40960 5 128 3.1622776601683795e-05 128 0.05
5120 5 256 3.1622776601683795e-05 8 0.15
163840 3 4096 3.1622776601683795e-05 512 0.05
1280 5 256 3.162277660168379e-06 128 0.05
2560 1 1024 3.162277660168379e-06 32 0.1
160 3 128 3.162277660168379e-06 8 0.2
10240 5 32 3.162277660168379e-06 32 0.15
2560 1 4096 3.162277660168379e-06 128 0.1
2560 1 1024 3.162277660168379e-06 512 0.0
40960 2 32 3.1622776601683795e-05 8 0.15
40960 1 2048 3.162277660168379e-06 128 0.15
2560 4 512 3.162277660168379e-06 8 0.2
163840 5 256 3.1622776601683795e-05 128 0.15
163840 3 64 3.162277660168379e-06 32 0.1
5120 3 512 3.162277660168379e-06 128 0.15
20480 3 1024 3.162277660168379e-06 32 0.15
1280 4 1024 3.162277660168379e-06 8 0.2
163840 5 256 3.1622776601683795e-05 512 0.2
2560 4 32 3.1622776601683795e-05 32 0.15
40960 3 64 3.162277660168379e-06 512 0.15
1280 2 4096 3.162277660168379e-06 32 0.15
20480 2 512 3.162277660168379e-06 128 0.05
2560 4 512 3.1622776601683795e-05 32 0.15
20480 3 4096 3.162277660168379e-06 32 0.1
640 1 128 3.1622776601683795e-05 128 0.2
163840 4 512 3.162277660168379e-06 32 0.0
1280 1 128 3.1622776601683795e-05 8 0.05
5120 5 32 3.1622776601683795e-05 32 0.0
163840 1 128 3.1622776601683795e-05 512 0.0
40960 2 32 3.162277660168379e-06 512 0.2
640 5 32 3.162277660168379e-06 32 0.15
1280 1 1024 3.1622776601683795e-05 32 0.1
40960 1 256 3.162277660168379e-06 512 0.1
1280 2 64 3.162277660168379e-06 512 0.15
163840 1 32 3.1622776601683795e-05 512 0.1
40 5 512 3.162277660168379e-06 8 0.15
163840 2 256 3.162277660168379e-06 32 0.1
40960 5 4096 3.162277660168379e-06 128 0.0
160 2 64 3.1622776601683795e-05 128 0.05
640 1 2048 3.162277660168379e-06 512 0.05
5120 4 4096 3.1622776601683795e-05 32 0.2
40960 4 1024 3.162277660168379e-06 512 0.05
40960 3 32 3.1622776601683795e-05 8 0.2
40 5 64 3.162277660168379e-06 8 0.0
160 4 128 3.162277660168379e-06 8 0.1
2560 3 4096 3.162277660168379e-06 32 0.1
640 1 128 3.162277660168379e-06 512 0.0
10240 3 32 3.1622776601683795e-05 32 0.15
5120 3 512 3.1622776601683795e-05 32 0.15
640 4 512 3.162277660168379e-06 128 0.15
2560 5 512 3.1622776601683795e-05 512 0.0
640 1 64 3.1622776601683795e-05 512 0.1
1280 1 4096 3.1622776601683795e-05 512 0.0
163840 4 128 3.162277660168379e-06 128 0.15
640 1 256 3.162277660168379e-06 8 0.2
2560 3 128 3.1622776601683795e-05 512 0.1
163840 4 128 3.162277660168379e-06 128 0.2
5120 5 64 3.162277660168379e-06 32 0.15
2560 2 2048 3.1622776601683795e-05 32 0.05
163840 2 1024 3.162277660168379e-06 8 0.15
1280 5 256 3.1622776601683795e-05 32 0.15
1280 5 256 3.162277660168379e-06 32 0.0
2560 1 64 3.1622776601683795e-05 512 0.1
10240 2 64 3.162277660168379e-06 32 0.2
160 2 32 3.1622776601683795e-05 8 0.1
2560 1 256 3.1622776601683795e-05 512 0.1
1280 4 64 3.162277660168379e-06 512 0.1
163840 5 2048 3.162277660168379e-06 128 0.05
640 3 1024 3.162277660168379e-06 512 0.05
160 5 1024 3.1622776601683795e-05 32 0.1
40 4 64 3.162277660168379e-06 128 0.15
2560 5 4096 3.1622776601683795e-05 128 0.2
40 5 128 3.1622776601683795e-05 8 0.05
163840 2 32 3.162277660168379e-06 32 0.05
160 3 64 3.1622776601683795e-05 512 0.1
160 5 4096 3.162277660168379e-06 32 0.0
640 1 4096 3.162277660168379e-06 512 0.0
160 3 2048 3.1622776601683795e-05 8 0.2
20480 3 128 3.162277660168379e-06 128 0.2
5120 4 2048 3.1622776601683795e-05 512 0.05
10240 1 64 3.162277660168379e-06 512 0.0
10240 2 4096 3.1622776601683795e-05 32 0.1
10240 5 128 3.1622776601683795e-05 512 0.1
20480 1 4096 3.1622776601683795e-05 128 0.2
2560 1 32 3.162277660168379e-06 512 0.05
163840 4 2048 3.1622776601683795e-05 512 0.05
163840 2 64 3.162277660168379e-06 8 0.1
160 3 512 3.1622776601683795e-05 32 0.2
163840 4 128 3.1622776601683795e-05 8 0.05
163840 2 32 3.162277660168379e-06 32 0.1
160 5 128 3.1622776601683795e-05 512 0.2
40960 2 4096 3.1622776601683795e-05 8 0.05
10240 1 4096 3.162277660168379e-06 32 0.2
160 2 512 3.1622776601683795e-05 512 0.15
640 5 1024 3.1622776601683795e-05 512 0.05
20480 3 64 3.1622776601683795e-05 128 0.0
1280 1 1024 3.1622776601683795e-05 32 0.2
5120 5 4096 3.1622776601683795e-05 32 0.1
160 3 128 3.1622776601683795e-05 512 0.0
163840 5 512 3.162277660168379e-06 32 0.2
20480 5 4096 3.162277660168379e-06 8 0.0
10240 4 512 3.162277660168379e-06 512 0.2
160 4 64 3.1622776601683795e-05 512 0.0
1280 3 1024 3.162277660168379e-06 32 0.0
20480 4 64 3.1622776601683795e-05 128 0.0
5120 2 4096 3.162277660168379e-06 32 0.05
163840 3 512 3.1622776601683795e-05 512 0.05
640 4 512 3.162277660168379e-06 8 0.2
40960 3 512 3.162277660168379e-06 8 0.2
20480 5 512 3.162277660168379e-06 128 0.05
160 1 1024 3.1622776601683795e-05 8 0.05
10240 5 32 3.1622776601683795e-05 512 0.0
640 5 1024 3.162277660168379e-06 128 0.1
40960 5 2048 3.1622776601683795e-05 128 0.0
5120 2 256 3.1622776601683795e-05 128 0.05
20480 5 512 3.162277660168379e-06 8 0.15
640 4 4096 3.162277660168379e-06 8 0.05
163840 1 512 3.162277660168379e-06 8 0.15
160 4 128 3.1622776601683795e-05 128 0.0
1280 2 128 3.162277660168379e-06 512 0.0
160 2 4096 3.1622776601683795e-05 512 0.0
2560 3 4096 3.162277660168379e-06 512 0.1
20480 5 32 3.1622776601683795e-05 32 0.1
163840 5 64 3.1622776601683795e-05 512 0.15
163840 2 4096 3.1622776601683795e-05 128 0.2
20480 5 128 3.1622776601683795e-05 8 0.0
10240 1 2048 3.1622776601683795e-05 8 0.2
1280 4 512 3.162277660168379e-06 32 0.05
20480 5 512 3.1622776601683795e-05 32 0.05
160 1 128 3.1622776601683795e-05 32 0.2
640 3 4096 3.162277660168379e-06 8 0.05
10240 2 1024 3.162277660168379e-06 8 0.05
160 4 1024 3.1622776601683795e-05 128 0.0
163840 5 128 3.162277660168379e-06 128 0.15
40960 5 256 3.162277660168379e-06 32 0.2
160 3 2048 3.162277660168379e-06 512 0.15
5120 2 2048 3.1622776601683795e-05 8 0.1
163840 5 128 3.1622776601683795e-05 8 0.0
10240 5 256 3.1622776601683795e-05 512 0.05
1280 4 1024 3.1622776601683795e-05 512 0.2
2560 5 64 3.1622776601683795e-05 32 0.0
40960 1 128 3.162277660168379e-06 128 0.05
20480 4 2048 3.162277660168379e-06 512 0.0
2560 4 1024 3.1622776601683795e-05 128 0.05
640 3 512 3.162277660168379e-06 128 0.0
10240 5 128 3.162277660168379e-06 8 0.15
40 2 32 3.162277660168379e-06 8 0.1
163840 5 128 3.1622776601683795e-05 512 0.05
2560 2 4096 3.1622776601683795e-05 8 0.2
163840 4 128 3.162277660168379e-06 8 0.2
160 3 512 3.1622776601683795e-05 128 0.0
20480 5 64 3.162277660168379e-06 512 0.05
40 5 256 3.1622776601683795e-05 128 0.0
1280 1 32 3.162277660168379e-06 32 0.0
40 4 128 3.162277660168379e-06 128 0.1
163840 1 512 3.162277660168379e-06 512 0.1
5120 5 32 3.1622776601683795e-05 32 0.1
160 2 512 3.162277660168379e-06 8 0.2
163840 2 128 3.162277660168379e-06 32 0.0
160 3 256 3.1622776601683795e-05 128 0.0
1280 5 512 3.162277660168379e-06 512 0.05
20480 2 64 3.1622776601683795e-05 8 0.0
5120 2 256 3.162277660168379e-06 128 0.05
163840 2 256 3.162277660168379e-06 8 0.0
5120 4 2048 3.1622776601683795e-05 32 0.0
40960 5 32 3.162277660168379e-06 512 0.1
20480 2 512 3.162277660168379e-06 32 0.1
20480 1 32 3.1622776601683795e-05 8 0.2
160 4 64 3.1622776601683795e-05 128 0.1
5120 4 512 3.1622776601683795e-05 512 0.1
640 5 4096 3.162277660168379e-06 128 0.0
2560 1 512 3.1622776601683795e-05 512 0.15
163840 3 128 3.162277660168379e-06 8 0.1
5120 3 256 3.162277660168379e-06 8 0.2
10240 5 128 3.1622776601683795e-05 8 0.15
5120 4 2048 3.1622776601683795e-05 32 0.15
640 3 256 3.162277660168379e-06 512 0.1
40 5 256 3.162277660168379e-06 512 0.2
2560 4 32 3.1622776601683795e-05 512 0.05
40960 3 512 3.162277660168379e-06 8 0.1
2560 2 4096 3.162277660168379e-06 128 0.0
40960 3 2048 3.162277660168379e-06 8 0.0
5120 3 64 3.162277660168379e-06 8 0.05
640 5 32 3.1622776601683795e-05 128 0.0
5120 1 2048 3.1622776601683795e-05 8 0.0
2560 1 4096 3.1622776601683795e-05 8 0.0
640 2 64 3.162277660168379e-06 8 0.1
2560 1 4096 3.162277660168379e-06 512 0.2
40 1 256 3.162277660168379e-06 8 0.2
20480 3 1024 3.1622776601683795e-05 32 0.1
160 2 2048 3.162277660168379e-06 8 0.1
40 1 4096 3.162277660168379e-06 8 0.05
5120 4 2048 3.162277660168379e-06 32 0.2
10240 3 64 3.1622776601683795e-05 8 0.0
40960 2 2048 3.162277660168379e-06 32 0.2
10240 2 4096 3.1622776601683795e-05 128 0.1
40960 2 32 3.162277660168379e-06 32 0.0
160 4 2048 3.162277660168379e-06 128 0.1
20480 3 4096 3.1622776601683795e-05 128 0.2
40 1 2048 3.1622776601683795e-05 32 0.15
5120 4 1024 3.1622776601683795e-05 8 0.0
160 4 256 3.162277660168379e-06 8 0.1
40 3 2048 3.162277660168379e-06 512 0.2
5120 5 256 3.1622776601683795e-05 512 0.15
10240 3 512 3.1622776601683795e-05 8 0.0
2560 1 128 3.162277660168379e-06 512 0.05
2560 1 2048 3.162277660168379e-06 8 0.1
640 3 64 3.1622776601683795e-05 512 0.1
160 1 128 3.1622776601683795e-05 128 0.0
5120 1 2048 3.162277660168379e-06 8 0.05
40 5 1024 3.1622776601683795e-05 512 0.05
10240 2 1024 3.162277660168379e-06 32 0.1
40960 4 4096 3.162277660168379e-06 128 0.15
160 2 32 3.162277660168379e-06 8 0.0
640 4 512 3.1622776601683795e-05 32 0.0
163840 4 32 3.162277660168379e-06 8 0.15
5120 1 4096 3.1622776601683795e-05 512 0.0
5120 4 1024 3.1622776601683795e-05 32 0.0
40 4 128 3.162277660168379e-06 512 0.0
40 3 2048 3.1622776601683795e-05 32 0.05
40960 5 128 3.1622776601683795e-05 8 0.2
163840 3 32 3.1622776601683795e-05 128 0.2
40 2 2048 3.162277660168379e-06 32 0.1
1280 1 2048 3.162277660168379e-06 32 0.15
40 4 128 3.162277660168379e-06 8 0.15
640 1 1024 3.162277660168379e-06 8 0.1
40 4 1024 3.162277660168379e-06 8 0.0
20480 4 32 3.162277660168379e-06 512 0.15
40960 4 32 3.1622776601683795e-05 128 0.2
160 5 128 3.1622776601683795e-05 512 0.0
163840 4 64 3.162277660168379e-06 128 0.0
2560 4 64 3.1622776601683795e-05 128 0.2
1280 3 256 3.1622776601683795e-05 8 0.15
10240 3 1024 3.162277660168379e-06 32 0.0
2560 5 1024 3.162277660168379e-06 512 0.1
1280 5 4096 3.162277660168379e-06 32 0.15
163840 4 256 3.1622776601683795e-05 512 0.05
160 5 4096 3.1622776601683795e-05 128 0.1
5120 3 256 3.162277660168379e-06 8 0.15
160 4 256 3.162277660168379e-06 8 0.15
20480 5 2048 3.162277660168379e-06 128 0.2
20480 2 128 3.1622776601683795e-05 512 0.2
640 4 32 3.162277660168379e-06 128 0.05
10240 5 1024 3.1622776601683795e-05 128 0.05
40 2 512 3.162277660168379e-06 8 0.0
40 1 32 3.162277660168379e-06 128 0.15
640 5 512 3.162277660168379e-06 128 0.0
163840 5 128 3.1622776601683795e-05 128 0.0
10240 1 4096 3.162277660168379e-06 512 0.1
160 5 1024 3.1622776601683795e-05 128 0.05
5120 1 512 3.1622776601683795e-05 128 0.0
40960 5 64 3.162277660168379e-06 32 0.05
5120 2 64 3.1622776601683795e-05 32 0.2
640 1 4096 3.162277660168379e-06 128 0.0
40960 2 128 3.1622776601683795e-05 8 0.0
640 2 64 3.162277660168379e-06 32 0.2
640 3 32 3.1622776601683795e-05 32 0.1
10240 1 256 3.1622776601683795e-05 512 0.1
40960 3 128 3.1622776601683795e-05 512 0.2
1280 1 1024 3.1622776601683795e-05 512 0.1
10240 1 512 3.162277660168379e-06 128 0.05
1280 2 256 3.1622776601683795e-05 32 0.1
160 2 2048 3.1622776601683795e-05 8 0.0
640 4 4096 3.1622776601683795e-05 128 0.2
160 2 2048 3.1622776601683795e-05 512 0.2
40960 3 512 3.162277660168379e-06 32 0.2
20480 1 32 3.162277660168379e-06 512 0.2
163840 4 2048 3.162277660168379e-06 32 0.05
40 2 32 3.1622776601683795e-05 512 0.05
40960 2 256 3.1622776601683795e-05 32 0.0
40 4 4096 3.162277660168379e-06 8 0.15
20480 3 128 3.162277660168379e-06 512 0.15
5120 5 256 3.162277660168379e-06 8 0.2
160 5 2048 3.162277660168379e-06 512 0.2
160 1 4096 3.1622776601683795e-05 128 0.2
5120 4 128 3.1622776601683795e-05 512 0.1
640 3 2048 3.1622776601683795e-05 32 0.15
1280 1 256 3.1622776601683795e-05 128 0.05
10240 3 4096 3.1622776601683795e-05 512 0.15
20480 4 32 3.1622776601683795e-05 8 0.2
163840 4 4096 3.1622776601683795e-05 512 0.2
40960 4 128 3.162277660168379e-06 128 0.2
640 2 2048 3.162277660168379e-06 512 0.0
10240 5 32 3.162277660168379e-06 8 0.2
2560 4 512 3.1622776601683795e-05 128 0.05
40960 4 512 3.162277660168379e-06 128 0.15
1280 5 64 3.1622776601683795e-05 512 0.1
640 5 512 3.162277660168379e-06 32 0.1
20480 2 32 3.1622776601683795e-05 512 0.2
640 3 256 3.1622776601683795e-05 128 0.15
163840 4 64 3.1622776601683795e-05 128 0.1
163840 5 4096 3.1622776601683795e-05 32 0.05
160 3 2048 3.162277660168379e-06 8 0.0
640 2 32 3.1622776601683795e-05 128 0.2
40960 3 32 3.162277660168379e-06 32 0.05
1280 1 2048 3.1622776601683795e-05 128 0.0
1280 1 64 3.162277660168379e-06 8 0.1
2560 2 512 3.162277660168379e-06 128 0.05
5120 3 4096 3.162277660168379e-06 32 0.05
10240 2 2048 3.162277660168379e-06 8 0.1
40 3 4096 3.162277660168379e-06 512 0.15
40 3 512 3.162277660168379e-06 128 0.05
2560 5 1024 3.162277660168379e-06 8 0.1
40960 5 2048 3.1622776601683795e-05 128 0.2
10240 4 64 3.162277660168379e-06 8 0.05
163840 4 1024 3.162277660168379e-06 8 0.15
5120 3 512 3.1622776601683795e-05 128 0.15
40 2 512 3.162277660168379e-06 512 0.2
640 1 1024 3.1622776601683795e-05 512 0.1
10240 3 1024 3.162277660168379e-06 8 0.05
40960 4 32 3.1622776601683795e-05 32 0.2
1280 1 2048 3.162277660168379e-06 32 0.0
40 1 64 3.1622776601683795e-05 8 0.1
2560 3 128 3.162277660168379e-06 128 0.05
1280 5 32 3.162277660168379e-06 8 0.05
2560 2 128 3.162277660168379e-06 128 0.1
5120 4 32 3.1622776601683795e-05 512 0.2
1280 5 2048 3.162277660168379e-06 32 0.1
10240 2 2048 3.1622776601683795e-05 512 0.05
2560 2 1024 3.1622776601683795e-05 128 0.2
20480 5 1024 3.1622776601683795e-05 512 0.1
20480 2 128 3.1622776601683795e-05 128 0.1
40960 2 32 3.162277660168379e-06 8 0.0
163840 1 512 3.1622776601683795e-05 8 0.2
5120 4 128 3.162277660168379e-06 8 0.0
40 2 2048 3.162277660168379e-06 512 0.05
20480 5 32 3.1622776601683795e-05 512 0.1
640 2 256 3.1622776601683795e-05 32 0.1
5120 2 1024 3.162277660168379e-06 128 0.05
2560 3 32 3.1622776601683795e-05 512 0.0
1280 3 256 3.162277660168379e-06 512 0.1
2560 1 128 3.162277660168379e-06 512 0.2
160 4 512 3.1622776601683795e-05 512 0.0
1280 2 1024 3.1622776601683795e-05 512 0.0
2560 3 256 3.1622776601683795e-05 32 0.15
20480 4 512 3.162277660168379e-06 32 0.05
40960 1 512 3.162277660168379e-06 8 0.2
40 3 4096 3.162277660168379e-06 8 0.15
20480 1 1024 3.1622776601683795e-05 8 0.15
640 2 256 3.162277660168379e-06 32 0.0
5120 1 4096 3.162277660168379e-06 8 0.15
160 4 4096 3.1622776601683795e-05 32 0.05
1280 3 256 3.162277660168379e-06 32 0.15
1280 3 512 3.162277660168379e-06 8 0.05
1280 3 1024 3.162277660168379e-06 8 0.2
640 4 2048 3.1622776601683795e-05 128 0.2
10240 3 32 3.1622776601683795e-05 128 0.15
40960 1 2048 3.1622776601683795e-05 512 0.0
163840 5 4096 3.1622776601683795e-05 8 0.1
640 5 256 3.1622776601683795e-05 512 0.2
163840 5 4096 3.162277660168379e-06 128 0.2
5120 2 1024 3.1622776601683795e-05 128 0.1
40 3 1024 3.162277660168379e-06 128 0.2
163840 5 1024 3.1622776601683795e-05 128 0.1
5120 5 1024 3.1622776601683795e-05 512 0.2
20480 4 128 3.1622776601683795e-05 512 0.15
1280 5 512 3.162277660168379e-06 32 0.1
40 2 1024 3.1622776601683795e-05 8 0.15
5120 2 32 3.1622776601683795e-05 8 0.2
640 2 128 3.1622776601683795e-05 32 0.05
1280 5 256 3.1622776601683795e-05 512 0.15
2560 5 4096 3.162277660168379e-06 32 0.1
1280 5 1024 3.162277660168379e-06 128 0.0
1280 3 128 3.1622776601683795e-05 32 0.2
2560 1 512 3.1622776601683795e-05 128 0.1
163840 4 1024 3.162277660168379e-06 32 0.15
20480 1 2048 3.162277660168379e-06 128 0.0
640 4 256 3.162277660168379e-06 32 0.1
40 5 128 3.162277660168379e-06 32 0.0
40960 2 2048 3.162277660168379e-06 32 0.0
10240 4 128 3.162277660168379e-06 8 0.0
640 2 32 3.162277660168379e-06 32 0.05
160 2 128 3.162277660168379e-06 32 0.2
20480 5 1024 3.162277660168379e-06 8 0.15
20480 4 64 3.1622776601683795e-05 128 0.15
1280 3 1024 3.1622776601683795e-05 128 0.1
2560 1 32 3.1622776601683795e-05 128 0.1
5120 1 128 3.162277660168379e-06 512 0.1
160 3 128 3.162277660168379e-06 128 0.0
163840 5 2048 3.162277660168379e-06 512 0.05
160 3 2048 3.1622776601683795e-05 128 0.15
640 2 32 3.1622776601683795e-05 8 0.1
10240 4 2048 3.1622776601683795e-05 8 0.2
40960 1 2048 3.1622776601683795e-05 128 0.1
163840 3 1024 3.1622776601683795e-05 128 0.0
2560 3 2048 3.162277660168379e-06 8 0.2
163840 4 128 3.162277660168379e-06 32 0.0
1280 3 256 3.162277660168379e-06 128 0.1
10240 5 1024 3.162277660168379e-06 512 0.05
2560 1 256 3.162277660168379e-06 128 0.2
640 2 2048 3.162277660168379e-06 512 0.2
20480 2 64 3.162277660168379e-06 128 0.0
160 2 32 3.162277660168379e-06 32 0.05
160 4 1024 3.1622776601683795e-05 32 0.2
10240 3 128 3.1622776601683795e-05 8 0.2
160 2 64 3.1622776601683795e-05 512 0.1
40 1 1024 3.1622776601683795e-05 128 0.05
40 2 2048 3.162277660168379e-06 512 0.1
5120 4 256 3.1622776601683795e-05 128 0.2
2560 2 1024 3.1622776601683795e-05 512 0.1
40960 1 4096 3.162277660168379e-06 32 0.1
2560 2 128 3.162277660168379e-06 512 0.1
1280 4 128 3.1622776601683795e-05 512 0.15
163840 5 64 3.1622776601683795e-05 512 0.2
10240 3 4096 3.162277660168379e-06 32 0.0
1280 3 32 3.1622776601683795e-05 128 0.05
40 4 64 3.1622776601683795e-05 8 0.15
40 3 64 3.162277660168379e-06 128 0.0
163840 5 256 3.162277660168379e-06 128 0.15
40960 1 256 3.1622776601683795e-05 512 0.15
1280 3 4096 3.162277660168379e-06 128 0.1
10240 1 32 3.1622776601683795e-05 8 0.1
5120 5 256 3.162277660168379e-06 128 0.15
160 3 32 3.1622776601683795e-05 512 0.2
2560 1 2048 3.162277660168379e-06 32 0.05
160 5 256 3.1622776601683795e-05 512 0.05
40960 1 128 3.162277660168379e-06 128 0.0
40960 2 32 3.1622776601683795e-05 512 0.05
160 2 64 3.1622776601683795e-05 128 0.15
5120 5 32 3.162277660168379e-06 8 0.15
5120 2 4096 3.1622776601683795e-05 512 0.15
20480 3 128 3.1622776601683795e-05 8 0.05
40 2 32 3.162277660168379e-06 8 0.0
160 4 32 3.162277660168379e-06 512 0.15
40960 4 64 3.162277660168379e-06 8 0.0
5120 1 4096 3.1622776601683795e-05 8 0.0
160 4 2048 3.162277660168379e-06 128 0.2
2560 1 64 3.1622776601683795e-05 128 0.15
40960 5 64 3.162277660168379e-06 32 0.1
5120 2 256 3.1622776601683795e-05 8 0.2
1280 1 256 3.1622776601683795e-05 32 0.1
40 1 512 3.162277660168379e-06 8 0.2
20480 5 2048 3.1622776601683795e-05 8 0.0
160 2 1024 3.1622776601683795e-05 512 0.05
2560 5 256 3.162277660168379e-06 512 0.0
2560 1 2048 3.162277660168379e-06 8 0.15
2560 5 512 3.1622776601683795e-05 128 0.05
20480 1 1024 3.162277660168379e-06 512 0.15
160 3 64 3.162277660168379e-06 32 0.15
5120 3 512 3.162277660168379e-06 512 0.05
10240 4 1024 3.162277660168379e-06 8 0.2
163840 1 512 3.162277660168379e-06 512 0.2
5120 1 256 3.162277660168379e-06 32 0.1
40 4 32 3.1622776601683795e-05 512 0.0
160 1 128 3.1622776601683795e-05 512 0.05
40 4 128 3.162277660168379e-06 8 0.0
1280 5 128 3.162277660168379e-06 8 0.05
160 4 256 3.1622776601683795e-05 32 0.15
1280 2 4096 3.162277660168379e-06 512 0.0
2560 3 256 3.162277660168379e-06 512 0.2
2560 4 128 3.1622776601683795e-05 128 0.0
163840 3 64 3.162277660168379e-06 128 0.1
40960 4 32 3.162277660168379e-06 512 0.2
5120 3 256 3.1622776601683795e-05 512 0.15
5120 2 128 3.162277660168379e-06 128 0.15
40960 3 128 3.162277660168379e-06 128 0.2
10240 3 64 3.1622776601683795e-05 512 0.15
20480 5 64 3.162277660168379e-06 512 0.1
163840 5 1024 3.162277660168379e-06 32 0.1
5120 5 2048 3.162277660168379e-06 512 0.2
5120 5 512 3.1622776601683795e-05 128 0.1
160 5 512 3.1622776601683795e-05 512 0.1
2560 5 64 3.1622776601683795e-05 128 0.0
640 1 256 3.1622776601683795e-05 128 0.1
40960 4 4096 3.1622776601683795e-05 128 0.1
40 3 512 3.1622776601683795e-05 32 0.1
40 4 2048 3.1622776601683795e-05 8 0.2
5120 3 64 3.162277660168379e-06 8 0.15
40 5 2048 3.162277660168379e-06 32 0.0
40 2 2048 3.162277660168379e-06 8 0.15
10240 4 256 3.1622776601683795e-05 8 0.0
10240 5 64 3.162277660168379e-06 512 0.1
10240 5 32 3.162277660168379e-06 512 0.15
2560 1 1024 3.162277660168379e-06 128 0.15
10240 2 512 3.1622776601683795e-05 128 0.05
640 4 1024 3.1622776601683795e-05 8 0.2
10240 3 1024 3.1622776601683795e-05 32 0.0
40960 4 512 3.1622776601683795e-05 8 0.2
5120 2 64 3.1622776601683795e-05 8 0.05
5120 4 64 3.1622776601683795e-05 128 0.1
40960 4 32 3.1622776601683795e-05 512 0.15
160 2 4096 3.1622776601683795e-05 128 0.05
640 2 64 3.162277660168379e-06 128 0.1
5120 1 128 3.1622776601683795e-05 128 0.2
5120 5 64 3.1622776601683795e-05 8 0.2
163840 3 512 3.162277660168379e-06 512 0.1
160 4 128 3.1622776601683795e-05 512 0.15
1280 4 64 3.162277660168379e-06 32 0.1
163840 2 2048 3.1622776601683795e-05 128 0.15
5120 2 512 3.1622776601683795e-05 32 0.2
5120 5 128 3.162277660168379e-06 8 0.1
5120 3 32 3.1622776601683795e-05 128 0.2
640 5 128 3.162277660168379e-06 512 0.15
40960 4 32 3.162277660168379e-06 8 0.0
40 1 64 3.1622776601683795e-05 128 0.0
160 2 1024 3.1622776601683795e-05 8 0.0
2560 2 64 3.1622776601683795e-05 512 0.0
160 2 128 3.1622776601683795e-05 8 0.0
20480 1 512 3.162277660168379e-06 8 0.15
163840 5 2048 3.162277660168379e-06 128 0.1
160 4 512 3.1622776601683795e-05 8 0.15
40 5 64 3.1622776601683795e-05 512 0.0
20480 5 512 3.162277660168379e-06 32 0.15
5120 4 32 3.162277660168379e-06 512 0.15
20480 4 512 3.162277660168379e-06 128 0.2
2560 1 2048 3.162277660168379e-06 8 0.0
640 3 512 3.1622776601683795e-05 32 0.0
1280 3 128 3.1622776601683795e-05 128 0.05
160 5 128 3.1622776601683795e-05 32 0.2
160 4 32 3.1622776601683795e-05 32 0.0
2560 4 4096 3.162277660168379e-06 128 0.05
1280 3 256 3.1622776601683795e-05 8 0.1
40960 3 512 3.162277660168379e-06 8 0.0
40 5 2048 3.1622776601683795e-05 32 0.05
10240 5 1024 3.162277660168379e-06 128 0.2
2560 4 256 3.162277660168379e-06 8 0.1
1280 3 512 3.162277660168379e-06 8 0.0
5120 2 512 3.1622776601683795e-05 32 0.1
163840 1 32 3.1622776601683795e-05 32 0.2
5120 3 32 3.1622776601683795e-05 128 0.15
20480 4 512 3.1622776601683795e-05 128 0.2
640 3 1024 3.1622776601683795e-05 8 0.2
163840 3 4096 3.162277660168379e-06 32 0.2
160 5 32 3.162277660168379e-06 128 0.15
163840 2 32 3.162277660168379e-06 8 0.2
5120 3 1024 3.162277660168379e-06 512 0.15
640 1 512 3.162277660168379e-06 512 0.2
640 2 1024 3.1622776601683795e-05 8 0.1
10240 2 64 3.1622776601683795e-05 512 0.2
640 5 2048 3.162277660168379e-06 512 0.2
1280 4 2048 3.162277660168379e-06 32 0.2
2560 5 256 3.162277660168379e-06 32 0.05
40 5 128 3.1622776601683795e-05 32 0.05
20480 1 512 3.1622776601683795e-05 128 0.15
10240 4 1024 3.162277660168379e-06 128 0.15
2560 4 2048 3.162277660168379e-06 32 0.1
20480 5 2048 3.162277660168379e-06 512 0.2
20480 3 2048 3.1622776601683795e-05 128 0.1
10240 3 64 3.162277660168379e-06 8 0.0
40 1 512 3.1622776601683795e-05 32 0.2
40960 5 64 3.162277660168379e-06 32 0.2
5120 2 1024 3.1622776601683795e-05 32 0.05
2560 4 256 3.1622776601683795e-05 128 0.05
640 4 2048 3.162277660168379e-06 128 0.05
1280 4 32 3.162277660168379e-06 8 0.0
20480 2 1024 3.162277660168379e-06 8 0.2
10240 2 32 3.1622776601683795e-05 32 0.0
5120 3 32 3.162277660168379e-06 128 0.15
163840 4 128 3.1622776601683795e-05 128 0.1
160 5 4096 3.162277660168379e-06 8 0.1
640 2 32 3.1622776601683795e-05 8 0.0
163840 2 128 3.162277660168379e-06 512 0.05
163840 2 128 3.1622776601683795e-05 512 0.1
20480 3 256 3.1622776601683795e-05 32 0.05
40960 5 1024 3.1622776601683795e-05 512 0.05
163840 1 1024 3.162277660168379e-06 8 0.1
640 2 2048 3.1622776601683795e-05 128 0.2
20480 4 64 3.1622776601683795e-05 8 0.0
40960 4 1024 3.162277660168379e-06 32 0.2
40 5 512 3.162277660168379e-06 32 0.2
160 5 512 3.162277660168379e-06 128 0.0
640 4 64 3.1622776601683795e-05 32 0.1
40 2 32 3.1622776601683795e-05 32 0.1
640 5 32 3.162277660168379e-06 32 0.1
640 5 256 3.1622776601683795e-05 128 0.05
40960 5 256 3.162277660168379e-06 512 0.1
640 1 256 3.1622776601683795e-05 128 0.15
40960 4 64 3.1622776601683795e-05 128 0.0
10240 5 1024 3.162277660168379e-06 128 0.1
40 4 64 3.1622776601683795e-05 32 0.05
20480 4 1024 3.1622776601683795e-05 8 0.15
2560 4 256 3.162277660168379e-06 512 0.05
40 2 4096 3.1622776601683795e-05 8 0.2
163840 4 512 3.1622776601683795e-05 32 0.0
10240 4 512 3.162277660168379e-06 128 0.1
10240 2 32 3.162277660168379e-06 32 0.05
5120 5 1024 3.1622776601683795e-05 128 0.0
160 4 1024 3.1622776601683795e-05 128 0.1
1280 1 32 3.162277660168379e-06 8 0.05
163840 2 512 3.162277660168379e-06 128 0.15
1280 5 512 3.1622776601683795e-05 512 0.0
20480 5 256 3.162277660168379e-06 512 0.2
10240 4 64 3.1622776601683795e-05 32 0.0
10240 4 4096 3.162277660168379e-06 512 0.15
20480 5 64 3.1622776601683795e-05 128 0.15
2560 5 1024 3.1622776601683795e-05 8 0.2
163840 5 2048 3.1622776601683795e-05 8 0.15
1280 5 256 3.162277660168379e-06 32 0.15
40960 2 64 3.1622776601683795e-05 512 0.15
5120 3 128 3.162277660168379e-06 512 0.05
20480 2 2048 3.162277660168379e-06 32 0.2
40 1 128 3.162277660168379e-06 32 0.15
40960 2 1024 3.1622776601683795e-05 128 0.15
40960 3 256 3.162277660168379e-06 128 0.15
640 4 128 3.1622776601683795e-05 128 0.2
1280 1 64 3.162277660168379e-06 32 0.15
2560 4 256 3.162277660168379e-06 32 0.1
20480 2 2048 3.1622776601683795e-05 512 0.15
40 5 64 3.1622776601683795e-05 32 0.0
1280 4 1024 3.1622776601683795e-05 128 0.0
10240 3 256 3.1622776601683795e-05 32 0.15
2560 2 4096 3.162277660168379e-06 128 0.2
640 1 4096 3.162277660168379e-06 128 0.15
40960 5 512 3.1622776601683795e-05 128 0.2
40 4 512 3.162277660168379e-06 128 0.0
10240 5 512 3.162277660168379e-06 32 0.05
160 4 4096 3.162277660168379e-06 128 0.15
10240 4 512 3.1622776601683795e-05 32 0.05
20480 2 512 3.162277660168379e-06 512 0.05
2560 5 256 3.162277660168379e-06 512 0.2
2560 2 64 3.162277660168379e-06 32 0.15
640 3 4096 3.162277660168379e-06 512 0.05
160 5 64 3.1622776601683795e-05 512 0.05
640 2 128 3.162277660168379e-06 32 0.05
5120 4 32 3.162277660168379e-06 8 0.0
40960 5 4096 3.162277660168379e-06 32 0.05
5120 5 64 3.162277660168379e-06 512 0.0
40 4 32 3.162277660168379e-06 32 0.1
40960 5 128 3.1622776601683795e-05 512 0.1
1280 1 512 3.1622776601683795e-05 8 0.2
1280 2 4096 3.162277660168379e-06 512 0.2
640 5 4096 3.1622776601683795e-05 128 0.1
160 5 32 3.162277660168379e-06 32 0.15
1280 2 256 3.162277660168379e-06 8 0.1
20480 1 2048 3.1622776601683795e-05 512 0.1
2560 2 32 3.1622776601683795e-05 32 0.15
40960 5 512 3.162277660168379e-06 32 0.2
163840 2 128 3.162277660168379e-06 512 0.0
1280 3 32 3.162277660168379e-06 512 0.1
2560 2 64 3.162277660168379e-06 8 0.2
40960 2 64 3.1622776601683795e-05 8 0.1
5120 2 128 3.162277660168379e-06 32 0.1
40 3 256 3.1622776601683795e-05 32 0.2
163840 4 2048 3.162277660168379e-06 8 0.15
10240 2 32 3.1622776601683795e-05 32 0.1
40960 5 512 3.162277660168379e-06 32 0.1
40 3 128 3.162277660168379e-06 8 0.15
40960 4 32 3.162277660168379e-06 32 0.1
2560 3 64 3.1622776601683795e-05 8 0.2
163840 4 64 3.1622776601683795e-05 128 0.0
2560 1 512 3.1622776601683795e-05 8 0.1
5120 3 128 3.1622776601683795e-05 8 0.0
40960 3 2048 3.1622776601683795e-05 8 0.15
2560 1 2048 3.1622776601683795e-05 8 0.1
2560 3 64 3.162277660168379e-06 128 0.1
20480 4 4096 3.1622776601683795e-05 8 0.15
5120 5 2048 3.162277660168379e-06 512 0.05
20480 3 32 3.162277660168379e-06 512 0.2
10240 4 32 3.1622776601683795e-05 32 0.2
40 3 256 3.162277660168379e-06 512 0.1
10240 1 128 3.1622776601683795e-05 32 0.1
20480 3 128 3.162277660168379e-06 8 0.2
640 4 64 3.1622776601683795e-05 128 0.1
640 5 2048 3.1622776601683795e-05 8 0.15
2560 1 32 3.162277660168379e-06 128 0.05
163840 2 2048 3.162277660168379e-06 32 0.2
160 3 32 3.1622776601683795e-05 512 0.05
2560 4 1024 3.162277660168379e-06 8 0.1
5120 3 512 3.1622776601683795e-05 512 0.1
5120 5 4096 3.162277660168379e-06 128 0.2
5120 2 1024 3.1622776601683795e-05 32 0.1
640 4 128 3.162277660168379e-06 32 0.05
5120 5 2048 3.162277660168379e-06 32 0.2
40 5 512 3.162277660168379e-06 8 0.1
2560 3 512 3.162277660168379e-06 32 0.15
1280 4 64 3.162277660168379e-06 32 0.15
5120 5 32 3.162277660168379e-06 32 0.15
640 2 4096 3.1622776601683795e-05 512 0.15
163840 5 128 3.162277660168379e-06 8 0.15
1280 4 256 3.162277660168379e-06 32 0.15
163840 5 1024 3.162277660168379e-06 512 0.15
5120 2 64 3.162277660168379e-06 8 0.05
10240 1 4096 3.1622776601683795e-05 32 0.15
640 5 4096 3.1622776601683795e-05 512 0.1
40 4 256 3.1622776601683795e-05 8 0.15
1280 2 256 3.162277660168379e-06 32 0.05
1280 3 512 3.1622776601683795e-05 128 0.15
1280 2 256 3.1622776601683795e-05 512 0.15
10240 1 4096 3.162277660168379e-06 32 0.1
160 5 256 3.162277660168379e-06 128 0.05
40960 2 2048 3.1622776601683795e-05 8 0.0
5120 2 64 3.162277660168379e-06 512 0.2
5120 5 256 3.1622776601683795e-05 128 0.2
1280 2 2048 3.162277660168379e-06 32 0.2
160 5 256 3.162277660168379e-06 8 0.1
40960 2 4096 3.1622776601683795e-05 512 0.0
1280 2 128 3.1622776601683795e-05 32 0.0
10240 2 1024 3.1622776601683795e-05 512 0.2
20480 2 32 3.162277660168379e-06 32 0.2
20480 3 2048 3.162277660168379e-06 512 0.2
163840 2 256 3.1622776601683795e-05 8 0.0
640 4 32 3.1622776601683795e-05 128 0.1
10240 2 1024 3.162277660168379e-06 128 0.0
10240 4 32 3.162277660168379e-06 128 0.15
40960 5 512 3.1622776601683795e-05 8 0.0
40960 2 32 3.162277660168379e-06 32 0.2
20480 4 256 3.1622776601683795e-05 8 0.2
40960 3 64 3.1622776601683795e-05 128 0.15
5120 2 4096 3.1622776601683795e-05 128 0.15
2560 4 256 3.162277660168379e-06 128 0.1
1280 4 2048 3.162277660168379e-06 128 0.05
5120 2 4096 3.1622776601683795e-05 8 0.2
640 4 1024 3.1622776601683795e-05 512 0.0
20480 4 128 3.1622776601683795e-05 8 0.1
163840 3 64 3.1622776601683795e-05 32 0.0
163840 4 64 3.162277660168379e-06 512 0.1
160 3 4096 3.1622776601683795e-05 8 0.05
1280 3 2048 3.162277660168379e-06 8 0.15
40960 5 2048 3.162277660168379e-06 8 0.1
20480 2 4096 3.1622776601683795e-05 8 0.1
20480 2 32 3.1622776601683795e-05 32 0.05
40 4 128 3.1622776601683795e-05 8 0.0
10240 3 128 3.1622776601683795e-05 32 0.15
10240 3 64 3.162277660168379e-06 128 0.15
5120 3 1024 3.1622776601683795e-05 8 0.1
640 2 128 3.162277660168379e-06 8 0.15
40960 4 512 3.1622776601683795e-05 8 0.1
2560 3 64 3.162277660168379e-06 32 0.15
40960 5 2048 3.162277660168379e-06 128 0.2
40 5 32 3.162277660168379e-06 32 0.15
160 1 512 3.162277660168379e-06 32 0.15
2560 5 2048 3.1622776601683795e-05 8 0.1
5120 2 512 3.162277660168379e-06 32 0.2
5120 2 128 3.1622776601683795e-05 8 0.0
160 4 256 3.162277660168379e-06 512 0.15
5120 4 4096 3.1622776601683795e-05 32 0.1
163840 4 1024 3.1622776601683795e-05 8 0.1
10240 4 2048 3.162277660168379e-06 128 0.1
20480 4 2048 3.1622776601683795e-05 512 0.0
40 1 512 3.162277660168379e-06 512 0.2
2560 2 64 3.1622776601683795e-05 128 0.15
20480 5 1024 3.162277660168379e-06 512 0.2
5120 4 64 3.1622776601683795e-05 128 0.05
5120 5 512 3.162277660168379e-06 32 0.05
40960 1 2048 3.162277660168379e-06 32 0.1
5120 2 64 3.1622776601683795e-05 512 0.2
160 3 256 3.1622776601683795e-05 32 0.1
1280 3 64 3.162277660168379e-06 512 0.05
640 1 4096 3.1622776601683795e-05 512 0.15
5120 3 1024 3.162277660168379e-06 32 0.05
2560 3 64 3.1622776601683795e-05 32 0.15
10240 5 128 3.1622776601683795e-05 128 0.15
1280 4 2048 3.1622776601683795e-05 8 0.0
640 4 64 3.162277660168379e-06 8 0.15
2560 3 256 3.162277660168379e-06 512 0.0
163840 2 512 3.162277660168379e-06 32 0.2
40960 5 128 3.1622776601683795e-05 8 0.0
20480 2 32 3.162277660168379e-06 8 0.15
10240 4 4096 3.1622776601683795e-05 512 0.15
2560 5 32 3.1622776601683795e-05 128 0.0
40960 1 32 3.162277660168379e-06 128 0.2
640 5 64 3.162277660168379e-06 128 0.15
2560 4 4096 3.1622776601683795e-05 512 0.1
160 4 4096 3.162277660168379e-06 8 0.1
163840 4 2048 3.1622776601683795e-05 8 0.1
1280 1 64 3.162277660168379e-06 32 0.0
160 1 256 3.1622776601683795e-05 512 0.15
40 1 1024 3.1622776601683795e-05 128 0.1
40960 4 256 3.1622776601683795e-05 128 0.1
20480 5 64 3.1622776601683795e-05 128 0.05
1280 1 1024 3.1622776601683795e-05 32 0.0
20480 3 2048 3.162277660168379e-06 512 0.1
2560 3 2048 3.1622776601683795e-05 128 0.2
40 5 2048 3.162277660168379e-06 128 0.1
2560 4 128 3.1622776601683795e-05 8 0.05
40960 4 256 3.1622776601683795e-05 32 0.1
20480 3 4096 3.1622776601683795e-05 8 0.05
640 5 256 3.162277660168379e-06 512 0.05
160 3 1024 3.1622776601683795e-05 128 0.2
160 4 1024 3.162277660168379e-06 512 0.0
10240 1 2048 3.162277660168379e-06 32 0.0
160 1 64 3.162277660168379e-06 512 0.2
20480 3 32 3.162277660168379e-06 32 0.15
40 1 512 3.162277660168379e-06 512 0.0
1280 1 1024 3.1622776601683795e-05 128 0.2
2560 5 256 3.1622776601683795e-05 32 0.15
163840 2 64 3.162277660168379e-06 512 0.2
2560 2 2048 3.162277660168379e-06 8 0.2
163840 5 256 3.1622776601683795e-05 8 0.15
1280 5 4096 3.1622776601683795e-05 8 0.05
40 1 32 3.162277660168379e-06 32 0.0
163840 5 64 3.1622776601683795e-05 128 0.1
40 5 256 3.162277660168379e-06 8 0.0
1280 2 128 3.162277660168379e-06 32 0.2
20480 4 512 3.1622776601683795e-05 8 0.15
40960 1 512 3.162277660168379e-06 512 0.0
10240 2 512 3.162277660168379e-06 128 0.1
20480 1 128 3.162277660168379e-06 512 0.05
20480 2 256 3.162277660168379e-06 128 0.15
1280 4 256 3.1622776601683795e-05 8 0.1
